yi174_CGCTTG.TCGGCCTATTACTTA 50985 107 51092 0.997906 0.00209426
yi174_CGCTTG.TTTGACTCAGGTAGT 191926 406 192332 0.997889 0.00211093
yi174_CGCTTG.GTCAGTAGGACCTTC 70337 150 70487 0.997872 0.00212805
yi174_CGCTTG.ATCGGGACGTGCCGC 19858 52 19910 0.997388 0.00261175
yi174_CGCTTG.CATGCCCCGCCACCT 109911 214 110125 0.998057 0.00194325
yi174_CGCTTG.TGATATTGGCCACCT 135097 248 135345 0.998168 0.00183235
yi174_CGCTTG.CTCGATTAGTAAAGG 430683 1012 431695 0.997656 0.00234425
yi174_CGCTTG.TACGATATCGGTCTT 92000 158 92158 0.998286 0.00171445
yi174_CGCTTG.ATCGCGTTAGTAGCC 81347 181 81528 0.99778 0.0022201
yi174_CGCTTG.CTCGATTAGTTTCTC 82770 221 82991 0.997337 0.00266294
yi174_CGCTTG.GTCAGTAGTCCATAG 79210 166 79376 0.997909 0.00209131
yi174_CGCTTG.TCGGCCTAATATCCC 93943 181 94124 0.998077 0.001923
yi174_CGCTTG.CCATGGAAAGAGACT 64063 125 64188 0.998053 0.0019474
yi174_CGCTTG.GGTCATATTTCTATT 66932 138 67070 0.997942 0.00205755
yi174_CGCTTG.ATGCTGCGTATAAGA 123494 248 123742 0.997996 0.00200417
yi174_CGCTTG.GTTACGCGGTCGCAC 194142 355 194497 0.998175 0.00182522
yi174_CGCTTG.CCGCGCTTGCTTGAT 102086 247 102333 0.997586 0.00241369
yi174_CGCTTG.TTTGACTCCGGTCTT 62705 101 62806 0.998392 0.00160813
yi174_CGCTTG.CTTTCTCTATAAAAG 85166 204 85370 0.99761 0.0023896
yi174_CGCTTG.CATTGTGTATCCGTA 77075 154 77229 0.998006 0.00199407
yi174_CGCTTG.TCGGCCTAATGGTCA 88338 166 88504 0.998124 0.00187562
yi174_CGCTTG.GAGTCTTTGCTTGAT 84415 159 84574 0.99812 0.00188001
yi174_CGCTTG.CCATGGAAAAATGGA 66650 141 66791 0.997889 0.00211106
yi174_CGCTTG.CCATGGAATGCTTAA 63313 144 63457 0.997731 0.00226925
yi174_CGCTTG.TGATATTGTCCATAG 5910 73 5983 0.987799 0.0122012
yi174_CGCTTG.GTTACGCGGTAATTT 179926 404 180330 0.99776 0.00224034
yi174_CGCTTG.CTTTCTCTGGTCCCA 108797 179 108976 0.998357 0.00164256
yi174_CGCTTG.TACGATATTCCAAGT 43880 87 43967 0.998021 0.00197876
yi174_CGCTTG.TCGGCCTATGCGTCG 81909 196 82105 0.997613 0.00238719
yi174_CGCTTG.TGATATTGTGCGTCG 381857 794 382651 0.997925 0.002075
yi174_CGCTTG.TTTGACTCGAGGCGA 13199 24 13223 0.998185 0.00181502
yi174_CGCTTG.TCGCGTTTAGAACTA 167123 426 167549 0.997457 0.00254254
yi174_CGCTTG.CTTTCTCTGTCGCAC 86675 163 86838 0.998123 0.00187706
yi174_CGCTTG.GATCCCGTTCGGTTT 182565 350 182915 0.998087 0.00191346
yi174_CGCTTG.GATCCCGTTGCGTCG 27587 112 27699 0.995957 0.00404347
yi174_CGCTTG.CATTGTGTATGGTCA 32453 58 32511 0.998216 0.00178401
yi174_CGCTTG.TGATATTGCGGAGAC 211976 451 212427 0.997877 0.00212308
yi174_CGCTTG.CCATGGAATCCATAG 73915 138 74053 0.998136 0.00186353
yi174_CGCTTG.TCTTAGTGACTCGCA 132074 242 132316 0.998171 0.00182895
yi174_CGCTTG.GTCAGTAGTTAACCG 84006 134 84140 0.998407 0.00159258
yi174_CGCTTG.TACGATATGGGCGAG 28996 60 29056 0.997935 0.00206498
yi174_CGCTTG.GTTACGCGCAAAACG 104592 217 104809 0.99793 0.00207043
yi174_CGCTTG.CATGCCCCATGGTCA 47668 77 47745 0.998387 0.00161273
yi174_CGCTTG.GTCAGTAGGAGGCGA 122376 252 122628 0.997945 0.002055
yi174_CGCTTG.CATTGTGTGTAAAGG 70239 164 70403 0.997671 0.00232945
yi174_CGCTTG.CATCAAGGAAATGGA 74588 167 74755 0.997766 0.00223396
yi174_CGCTTG.TCGGCCTAGACGGGG 53256 106 53362 0.998014 0.00198643
yi174_CGCTTG.GTTACGCGGCTATTA 133620 308 133928 0.9977 0.00229974
yi174_CGCTTG.ATGCTGCGCGACTTG 90303 179 90482 0.998022 0.00197829
yi174_CGCTTG.TCGCGTTTGGGTACA 57561 117 57678 0.997971 0.0020285
yi174_CGCTTG.ATCGCGTTGCAGTAG 87122 213 87335 0.997561 0.00243888
yi174_CGCTTG.TACGATATCCATCCA 41253 85 41338 0.997944 0.00205622
yi174_CGCTTG.TTTGACTCTATGTTG 55569 97 55666 0.998257 0.00174254
yi174_CGCTTG.ATCGCGTTATAAAAG 109034 271 109305 0.997521 0.0024793
yi174_CGCTTG.TACGATATTTACTTA 109281 191 109472 0.998255 0.00174474
yi174_CGCTTG.ATGCTGCGTCCATAG 53709 111 53820 0.997938 0.00206243
yi174_CGCTTG.ATCGCGTTGCTTGAT 132462 241 132703 0.998184 0.00181609
yi174_CGCTTG.CTCGATTAGCAGGTC 321126 1022 322148 0.996828 0.00317245
yi174_GTCCTA.TTTGACTCAGGTAGT 20279 43 20322 0.997884 0.00211593
yi174_GTCCTA.TCTTAGTGTGATGCA 91543 181 91724 0.998027 0.00197331
yi174_GTCCTA.TGATATTGGAGGCGA 189905 368 190273 0.998066 0.00193406
yi174_GTCCTA.CTCGATTAGTAAAGG 20871 48 20919 0.997705 0.00229456
yi174_GTCCTA.CCGCGCTTGGCTTGG 61923 145 62068 0.997664 0.00233615
yi174_GTCCTA.ACCATTTATAGTCTA 111113 201 111314 0.998194 0.0018057
yi174_GTCCTA.GACGTCGGGGCCAAA 46409 166 46575 0.996436 0.00356414
yi174_GTCCTA.ATCGCGTTTTACTTA 49303 87 49390 0.998239 0.00176149
yi174_GTCCTA.ATCGCGTTGCCACCT 70272 126 70398 0.99821 0.00178982
yi174_GTCCTA.ATCGCGTTATATCCC 64908 127 65035 0.998047 0.00195279
yi174_GTCCTA.GGTCATATACTGCAT 33166 77 33243 0.997684 0.00231628
yi174_GTCCTA.GACGTCGGTGATGCA 69078 139 69217 0.997992 0.00200818
yi174_GTCCTA.TCTTAGTGATGGTCA 64796 141 64937 0.997829 0.00217134
yi174_GTCCTA.TACGATATAGAACTA 60258 91 60349 0.998492 0.0015079
yi174_GTCCTA.CATGCCCCTGCTTAA 30790 77 30867 0.997505 0.00249457
yi174_GTCCTA.CATGCCCCACGTCGT 60907 117 61024 0.998083 0.00191728
yi174_GTCCTA.ACCATTTAACTGCAT 45258 100 45358 0.997795 0.00220468
yi174_GTCCTA.TTTGACTCCGGTCTT 47754 89 47843 0.99814 0.00186025
yi174_GTCCTA.TCGGCCTACGACTTG 39579 79 39658 0.998008 0.00199203
yi174_GTCCTA.CTTTCTCTGGCTTGG 75646 143 75789 0.998113 0.00188682
yi174_GTCCTA.CATGCCCCTGCGTCG 45687 96 45783 0.997903 0.00209685
yi174_GTCCTA.GTTACGCGGACCTTC 22059 59 22118 0.997332 0.00266751
yi174_GTCCTA.GAGTCTTTTAGTCTA 65548 171 65719 0.997398 0.00260199
yi174_GTCCTA.ACCATTTACCGCTTA 36447 58 36505 0.998411 0.00158882
yi174_GTCCTA.ACCATTTACTGCATG 38076 72 38148 0.998113 0.00188739
yi174_GTCCTA.GTTACGCGCTGTTAA 73950 171 74121 0.997693 0.00230704
yi174_GTCCTA.GGTCATATGTGCCGC 34541 60 34601 0.998266 0.00173405
yi174_GTCCTA.GAGTCTTTGACCTTC 8310 27 8337 0.996761 0.00323858
yi174_GTCCTA.GACGTCGGAAATGGA 61589 147 61736 0.997619 0.00238111
yi174_GTCCTA.ACCATTTAGCCACCT 37753 76 37829 0.997991 0.00200904
yi174_GTCCTA.CCATGGAAGCAGGTC 51975 103 52078 0.998022 0.0019778
yi174_GTCCTA.CCGCGCTTGAGGCGA 118024 268 118292 0.997734 0.00226558
yi174_GTCCTA.TCTTAGTGTGCTTAA 63733 120 63853 0.998121 0.00187932
yi174_GTCCTA.CTCGATTAATCCGTA 121944 236 122180 0.998068 0.00193158
yi174_GTCCTA.GGTCATATCCTACAG 39829 80 39909 0.997995 0.00200456
yi174_GTCCTA.ATCGGGACTGCTTAA 17374 38 17412 0.997818 0.0021824
yi174_GTCCTA.GATCCCGTCCTACAG 147406 295 147701 0.998003 0.00199728
yi174_GTCCTA.CCATGGAAAGTAGCC 44130 68 44198 0.998461 0.00153853
yi174_GTCCTA.TCTTAGTGGGTCCCA 50593 101 50694 0.998008 0.00199235
yi174_GTCCTA.CATTGTGTAAATGGA 54257 103 54360 0.998105 0.00189478
yi174_GTCCTA.TCTTAGTGTTACTTA 77752 150 77902 0.998075 0.0019255
yi174_GTCCTA.GACGTCGGACTGCAT 40742 77 40819 0.998114 0.00188638
yi174_GTCCTA.GATCCCGTCCATCCA 106906 234 107140 0.997816 0.00218406
yi174_GTCCTA.TCGGCCTAACTGCAT 80717 153 80870 0.998108 0.00189193
yi174_GTCCTA.CTCGATTAATAAAAG 184790 405 185195 0.997813 0.00218688
yi174_GTCCTA.CATTGTGTGGGCGAG 35188 76 35264 0.997845 0.00215517
yi174_GTCCTA.CATCAAGGATGGTCA 54849 115 54964 0.997908 0.00209228
yi174_GTCCTA.CTTTCTCTTAGTCTA 74523 172 74695 0.997697 0.0023027
yi174_GTCCTA.TCTTAGTGGCCACCT 49071 101 49172 0.997946 0.00205401
yi174_GTCCTA.GTCAGTAGATCCGTA 61990 127 62117 0.997955 0.00204453
yi174_GTCCTA.GGTCATATTGATGCA 36985 95 37080 0.997438 0.00256203
yi174_GTCCTA.CATCAAGGAAATGGA 21197 43 21240 0.997976 0.00202448
yi174_GTCCTA.GAGTCTTTATAAAAG 80078 182 80260 0.997732 0.00226763
yi174_GTCCTA.TACGATATTGCACCG 63824 143 63967 0.997764 0.00223553
yi174_GTCCTA.CATTGTGTGGTCCCA 53086 104 53190 0.998045 0.00195525
yi174_GTCCTA.CATGCCCCTGCACCG 44624 108 44732 0.997586 0.00241438
yi174_GTCCTA.ATCGGGACCAGAGGT 24531 46 24577 0.998128 0.00187167
yi174_GTCCTA.GAGTCTTTCGGTCTT 52801 160 52961 0.996979 0.00302109
yi174_GTCCTA.ATCGGGACAGAGACT 40612 81 40693 0.998009 0.00199051
yi174_GTCCTA.TCGCGTTTGCAGTAG 77905 158 78063 0.997976 0.00202401
yi174_GTCCTA.GTTACGCGCGGAGAC 76848 138 76986 0.998207 0.00179253
yi174_GTCCTA.GATCCCGTGTAATTT 63676 149 63825 0.997665 0.00233451
yi174_AGGATG.CCATGGAAGCTATTA 72084 167 72251 0.997689 0.00231139
yi174_AGGATG.GTTACGCGCCTACAG 103707 190 103897 0.998171 0.00182873
yi174_AGGATG.GGTCATATTCGGTTT 43718 93 43811 0.997877 0.00212275
yi174_AGGATG.ATCGGGACGAGGCGA 24760 65 24825 0.997382 0.00261833
yi174_AGGATG.TCTTAGTGGGGCGAG 186196 540 186736 0.997108 0.00289178
yi174_AGGATG.GTTACGCGCGGTCTT 178550 360 178910 0.997988 0.00201218
yi174_AGGATG.TCGGCCTAGCTATTA 83250 212 83462 0.99746 0.00254008
yi174_AGGATG.ACCATTTATATGTTG 42908 83 42991 0.998069 0.00193064
yi174_AGGATG.CATTGTGTACGTCGT 58713 148 58861 0.997486 0.0025144
yi174_AGGATG.CATTGTGTGCCTATA 89149 201 89350 0.99775 0.00224958
yi174_AGGATG.TCTTAGTGCCATCCA 129902 338 130240 0.997405 0.00259521
yi174_AGGATG.CATTGTGTAGTAGCC 113794 280 114074 0.997545 0.00245455
yi174_AGGATG.GTCAGTAGGGCTTGG 64090 216 64306 0.996641 0.00335894
yi174_AGGATG.ATGCTGCGGGCCAAA 83949 188 84137 0.997766 0.00223445
yi174_AGGATG.CCATGGAAAGAGACT 52571 131 52702 0.997514 0.00248567
yi174_AGGATG.ACCATTTAGCTTGAT 50936 83 51019 0.998373 0.00162684
yi174_AGGATG.ATCGGGACGCAGGTC 53085 123 53208 0.997688 0.00231168
yi174_AGGATG.CTCGATTATGGAATT 165637 355 165992 0.997861 0.00213866
yi174_AGGATG.ATCGCGTTATATCCC 128086 281 128367 0.997811 0.00218904
yi174_AGGATG.CCGCGCTTGCAGTAG 92785 246 93031 0.997356 0.00264428
yi174_AGGATG.GACGTCGGGCAGTAG 105171 223 105394 0.997884 0.00211587
yi174_AGGATG.CCGCGCTTCTGCATG 239326 575 239901 0.997603 0.00239682
yi174_AGGATG.GGTCATATTGGAATT 52155 95 52250 0.998182 0.00181818
yi174_AGGATG.GACGTCGGGTCGCAC 114251 237 114488 0.99793 0.00207009
yi174_AGGATG.ATCGCGTTGGTAGGA 74259 228 74487 0.996939 0.00306094
yi174_AGGATG.ATCGGGACGGGTACA 18423 49 18472 0.997347 0.00265266
yi174_AGGATG.CCATGGAACTGCATG 117819 266 118085 0.997747 0.00225261
yi174_AGGATG.CATCAAGGCCATCCA 11088 50 11138 0.995511 0.00448914
yi174_AGGATG.GTCAGTAGGTAATTT 67471 146 67617 0.997841 0.00215922
yi174_AGGATG.CTTTCTCTACTCGCA 73379 167 73546 0.997729 0.00227069
yi174_AGGATG.CATGCCCCACTGCAT 90957 198 91155 0.997828 0.00217212
yi174_AGGATG.GGTCATATATAAAAG 54744 122 54866 0.997776 0.0022236
yi174_AGGATG.CATGCCCCTCGGTTT 57291 132 57423 0.997701 0.00229873
yi174_AGGATG.GTTACGCGCCGCTTA 82267 160 82427 0.998059 0.00194111
yi174_AGGATG.CCATGGAATGCTTAA 49558 119 49677 0.997605 0.00239547
yi174_AGGATG.CTCGATTATCGGTTT 62100 133 62233 0.997863 0.00213713
yi174_AGGATG.ATCGGGACTCGTATC 30393 64 30457 0.997899 0.00210132
yi174_AGGATG.GGTCATATTCCAAGT 73673 160 73833 0.997833 0.00216705
yi174_AGGATG.GAGTCTTTGACCTTC 86974 219 87193 0.997488 0.00251167
yi174_AGGATG.CATGCCCCTGGAATT 59767 158 59925 0.997363 0.00263663
yi174_AGGATG.GAGTCTTTCAGAGGT 48538 108 48646 0.99778 0.00222012
yi174_AGGATG.TGATATTGAGAACTA 113074 276 113350 0.997565 0.00243494
yi174_AGGATG.CATCAAGGGGGCGAG 60980 134 61114 0.997807 0.00219262
yi174_AGGATG.ACCATTTAAGTAGCC 71340 128 71468 0.998209 0.00179101
yi174_AGGATG.GGTCATATTCACAGC 43142 112 43254 0.997411 0.00258936
yi174_AGGATG.GATCCCGTCTGCATG 47894 123 48017 0.997438 0.00256159
yi174_AGGATG.GACGTCGGTGCACCG 70859 167 71026 0.997649 0.00235125
yi174_AGGATG.TCGGCCTACACTGTT 48117 123 48240 0.99745 0.00254975
yi174_AGGATG.CCATGGAAGCCACCT 64534 139 64673 0.997851 0.00214927
yi174_AGGATG.TACGATATTCCAAGT 47377 112 47489 0.997642 0.00235844
yi174_AGGATG.GGTCATATCTGTTAA 62601 143 62744 0.997721 0.0022791
yi174_AGGATG.CTTTCTCTATCCGTA 107775 255 108030 0.99764 0.00236046
yi174_AGGATG.TGATATTGGCAGTAG 207079 528 207607 0.997457 0.00254327
yi174_AGGATG.CTCGATTAGACGGGG 111686 272 111958 0.997571 0.00242948
yi174_AGGATG.GACGTCGGAGTAGCC 38114 102 38216 0.997331 0.00266904
yi174_AGGATG.GGTCATATTAGTCTA 48116 104 48220 0.997843 0.00215678
yi174_AGGATG.CATGCCCCCAAAACG 118489 271 118760 0.997718 0.00228191
yi174_AGGATG.GAGTCTTTTCCAAGT 87324 216 87540 0.997533 0.00246744
yi174_AGGATG.GTTACGCGTAGCCGG 115747 257 116004 0.997785 0.00221544
yi174_AGGATG.CATGCCCCCCGCTTA 50318 120 50438 0.997621 0.00237916
yi174_AGGATG.GACGTCGGTCACAGC 71038 152 71190 0.997865 0.00213513
yi174_AGGATG.CTCGATTACGGAGAC 20760 56 20816 0.99731 0.00269024
yi174_AGGATG.CTTTCTCTAGGTAGT 107377 211 107588 0.998039 0.00196119
yi174_AGGATG.TACGATATAGAGACT 47449 97 47546 0.99796 0.00204013
yi174_AGGATG.TCGGCCTAGGCTTGG 73628 169 73797 0.99771 0.00229007
yi174_AGGATG.ATCGGGACTGCTTAA 37090 84 37174 0.99774 0.00225964
yi174_AGGATG.CCGCGCTTGTAAAGG 104550 249 104799 0.997624 0.00237598
yi174_AGGATG.GGTCATATGGGCGAG 73813 202 74015 0.997271 0.00272918
yi174_AGGATG.CTCGATTATTACTTA 472281 1030 473311 0.997824 0.00217616
yi174_AGGATG.GGTCATATAGGTAGT 41372 114 41486 0.997252 0.00274791
yi174_AGGATG.ATGCTGCGTCACAGC 120368 272 120640 0.997745 0.00225464
yi174_AGGATG.TCGCGTTTACTCGCA 117199 371 117570 0.996844 0.00315557
yi174_AGGATG.TCGCGTTTTGCGTCG 84652 222 84874 0.997384 0.00261564
yi174_AGGATG.CATTGTGTAAATGGA 85598 191 85789 0.997774 0.00222639
yi174_AGGATG.GACGTCGGGCCTATA 137036 409 137445 0.997024 0.00297574
yi174_AGGATG.CTCGATTAGAGGCGA 87994 212 88206 0.997597 0.00240346
yi174_AGGATG.TCTTAGTGTCGTATC 93456 263 93719 0.997194 0.00280626
yi174_AGGATG.CATCAAGGCAGAGGT 76173 174 76347 0.997721 0.00227907
yi174_AGGATG.TGATATTGATAAAAG 313256 775 314031 0.997532 0.00246791
yi174_AGGATG.TCTTAGTGGTCGCAC 224160 528 224688 0.99765 0.00234993
yi174_AGGATG.ACCATTTACAGAGGT 74925 156 75081 0.997922 0.00207776
yi174_AGGATG.ATCGCGTTTGGAATT 97915 334 98249 0.9966 0.00339953
yi174_AGGATG.GACGTCGGATGGTCA 63081 137 63218 0.997833 0.0021671
yi174_AGGATG.TCTTAGTGGACCTTC 87189 211 87400 0.997586 0.00241419
yi174_AGGATG.CATTGTGTACTGCAT 68108 178 68286 0.997393 0.00260668
yi174_AGGATG.ATCGCGTTCCATCCA 64098 178 64276 0.997231 0.00276931
yi174_AGGATG.TCGCGTTTTGATGCA 107797 310 108107 0.997132 0.00286753
yi174_AGGATG.ATGCTGCGGCAGGTC 87171 277 87448 0.996832 0.0031676
yi174_AGGATG.TGATATTGAGTAGCC 58333 141 58474 0.997589 0.00241133
yi174_AGGATG.TACGATATTGCGTCG 51785 114 51899 0.997803 0.00219657
yi174_AGGATG.GAGTCTTTTTAACCG 178000 404 178404 0.997735 0.00226452
yi174_AGGATG.CTCGATTAACTGCAT 173712 402 174114 0.997691 0.00230883
yi174_AGGATG.GAGTCTTTTCCATAG 62955 113 63068 0.998208 0.00179172
yi174_AGGATG.ACCATTTATCGTATC 72576 157 72733 0.997841 0.00215858
yi174_AGGATG.GGTCATATTGATGCA 52971 131 53102 0.997533 0.00246695
yi174_AGGATG.ATCGCGTTCCTACAG 104796 303 105099 0.997117 0.002883
yi174_AGGATG.ACCATTTAGCAGGTC 56106 347 56453 0.993853 0.00614671
yi174_AGGATG.GATCCCGTTCGTATC 146806 364 147170 0.997527 0.00247333
yi174_AGGATG.ATCGCGTTCACTGTT 112523 298 112821 0.997359 0.00264135
yi174_AGGATG.TTTGACTCATATCCC 61950 115 62065 0.998147 0.0018529
yi174_AGGATG.CCGCGCTTATGGTCA 126637 273 126910 0.997849 0.00215113
yi174_AGGATG.ATCGGGACCAGAGGT 60599 140 60739 0.997695 0.00230494
yi174_AGGATG.GATCCCGTCGGTCTT 91460 211 91671 0.997698 0.00230171
yi174_AGGATG.GTTACGCGTGCACCG 94501 300 94801 0.996835 0.00316452
yi174_AGGATG.ATCGGGACGCCACCT 60842 161 61003 0.997361 0.00263921
yi174_AGGATG.CTCGATTAACGTCGT 232791 565 233356 0.997579 0.00242119
yi174_AGGATG.GGTCATATACGTCGT 41475 95 41570 0.997715 0.0022853
yi174_AGGATG.CATTGTGTGCTTGAT 88898 181 89079 0.997968 0.0020319
yi174_AGGATG.ATGCTGCGGACGGGG 108713 237 108950 0.997825 0.00217531
yi174_AGGATG.TACGATATAAATGGA 60600 136 60736 0.997761 0.0022392
yi174_AGGATG.GACGTCGGCAAGCTC 68101 132 68233 0.998065 0.00193455
yi174_AGGATG.GAGTCTTTCTGTTAA 88362 201 88563 0.99773 0.00226957
yi174_AGGATG.TACGATATGGCTTGG 46777 104 46881 0.997782 0.00221838
yi174_AGGATG.ATGCTGCGACGTCGT 75387 167 75554 0.99779 0.00221034
yi174_AGGATG.TTTGACTCGGCTTGG 81246 230 81476 0.997177 0.00282292
yi174_AGGATG.ATGCTGCGAGAACTA 89220 261 89481 0.997083 0.00291682
yi174_AGGATG.ACCATTTAGTCGCAC 152710 305 153015 0.998007 0.00199327
yi174_AGGATG.CATGCCCCGCTTGAT 52159 147 52306 0.99719 0.00281039
yi174_TTCTCC.CCGCGCTTGTGCCGC 63512 162 63674 0.997456 0.00254421
yi174_TTCTCC.CTCGATTAGCCACCT 8688 16 8704 0.998162 0.00183824
yi174_TTCTCC.CATCAAGGGCTATTA 54128 111 54239 0.997954 0.0020465
yi174_TTCTCC.GAGTCTTTTTCTATT 62364 167 62531 0.997329 0.00267068
yi174_TTCTCC.GGTCATATAGAACTA 16865 49 16914 0.997103 0.00289701
yi174_TTCTCC.GACGTCGGGCCACCT 63217 250 63467 0.996061 0.00393905
yi174_TTCTCC.TTTGACTCGCTATTA 47557 82 47639 0.998279 0.00172128
yi174_TTCTCC.GACGTCGGGAGGCGA 27115 59 27174 0.997829 0.00217119
yi174_TTCTCC.CTCGATTACTGCATG 6922 17 6939 0.99755 0.00244992
yi174_TTCTCC.GTTACGCGTGCTTAA 74142 167 74309 0.997753 0.00224737
yi174_TTCTCC.ATCGCGTTGTTTCTC 48184 138 48322 0.997144 0.00285584
yi174_TTCTCC.TTTGACTCTTAACCG 66576 167 66743 0.997498 0.00250214
yi174_TTCTCC.TACGATATCTGTTAA 32993 56 33049 0.998306 0.00169445
yi174_TTCTCC.TCGCGTTTATGGTCA 44976 119 45095 0.997361 0.00263887
yi174_TTCTCC.GTCAGTAGAGGTAGT 46066 126 46192 0.997272 0.00272775
yi174_TTCTCC.ATCGCGTTGTAATTT 39511 83 39594 0.997904 0.00209628
yi174_TTCTCC.TGATATTGGGCCAAA 128367 343 128710 0.997335 0.00266491
yi174_TTCTCC.GTTACGCGCAAGCTC 56177 115 56292 0.997957 0.00204292
yi174_TTCTCC.CATTGTGTCTGTTAA 44147 110 44257 0.997515 0.00248548
yi174_TTCTCC.CTCGATTATATAAGA 37337 87 37424 0.997675 0.00232471
yi174_TTCTCC.CCATGGAATCCAAGT 60838 139 60977 0.99772 0.00227955
yi174_TTCTCC.GGTCATATACTGCAT 64158 132 64290 0.997947 0.0020532
yi174_TTCTCC.GACGTCGGTGATGCA 46960 103 47063 0.997811 0.00218856
yi174_TTCTCC.TACGATATGTCGCAC 34357 61 34418 0.998228 0.00177233
yi174_TTCTCC.CATTGTGTTTCTATT 32821 71 32892 0.997841 0.00215858
yi174_TTCTCC.GGTCATATTGGAATT 26750 63 26813 0.99765 0.00234961
yi174_TTCTCC.ATCGCGTTGGTAGGA 42701 132 42833 0.996918 0.00308174
yi174_TTCTCC.ATCGGGACGGGTACA 15306 59 15365 0.99616 0.0038399
yi174_TTCTCC.CCATGGAACTGCATG 70269 190 70459 0.997303 0.0026966
yi174_TTCTCC.GTCAGTAGTATGTTG 69161 148 69309 0.997865 0.00213536
yi174_TTCTCC.TTTGACTCATAAAAG 25430 72 25502 0.997177 0.00282331
yi174_TTCTCC.CCATGGAACTGTTAA 36979 80 37059 0.997841 0.00215872
yi174_TTCTCC.TGATATTGCCATCCA 95395 219 95614 0.99771 0.00229046
yi174_TTCTCC.TCTTAGTGTCGAGTA 53003 111 53114 0.99791 0.00208984
yi174_TTCTCC.CCGCGCTTTGCGTCG 44397 103 44500 0.997685 0.00231461
yi174_TTCTCC.CATTGTGTCAGAGGT 38477 86 38563 0.99777 0.00223012
yi174_TTCTCC.CCGCGCTTAAATGGA 61144 141 61285 0.997699 0.00230073
yi174_TTCTCC.CTTTCTCTACTCGCA 39732 72 39804 0.998191 0.00180886
yi174_TTCTCC.TCTTAGTGGCTATTA 76746 197 76943 0.99744 0.00256034
yi174_TTCTCC.CTCGATTATTAACCG 41715 100 41815 0.997609 0.00239149
yi174_TTCTCC.TTTGACTCTTCTATT 37859 90 37949 0.997628 0.0023716
yi174_TTCTCC.GAGTCTTTTAGTCTA 45170 105 45275 0.997681 0.00231916
yi174_TTCTCC.ACCATTTACGACTTG 35721 107 35828 0.997014 0.00298649
yi174_TTCTCC.CCATGGAATGATGCA 50234 120 50354 0.997617 0.00238313
yi174_TTCTCC.GTCAGTAGAGAGACT 65324 118 65442 0.998197 0.00180312
yi174_TTCTCC.GGTCATATTGCACCG 38679 108 38787 0.997216 0.00278444
yi174_TTCTCC.TCGCGTTTTATGTTG 35504 79 35583 0.99778 0.00222016
yi174_TTCTCC.ATCGGGACCGACTTG 33550 85 33635 0.997473 0.00252713
yi174_TTCTCC.CATGCCCCTAGCCGG 27228 64 27292 0.997655 0.00234501
yi174_TTCTCC.CCGCGCTTACTCGCA 74018 222 74240 0.99701 0.0029903
yi174_TTCTCC.CATCAAGGGTCGCAC 83852 209 84061 0.997514 0.00248629
yi174_TTCTCC.CATCAAGGTAGTCTA 15771 37 15808 0.997659 0.00234059
yi174_TTCTCC.CCGCGCTTGGGCGAG 37533 124 37657 0.996707 0.00329288
yi174_TTCTCC.TGATATTGCAGAGGT 57111 148 57259 0.997415 0.00258475
yi174_TTCTCC.GAGTCTTTGGGCGAG 46042 100 46142 0.997833 0.00216722
yi174_TTCTCC.TTTGACTCTGGAATT 90413 238 90651 0.997375 0.00262545
yi174_TTCTCC.GATCCCGTCTGCATG 134106 263 134369 0.998043 0.0019573
yi174_TTCTCC.GACGTCGGGGCTTGG 24492 55 24547 0.997759 0.0022406
yi174_TTCTCC.CTTTCTCTTCCATAG 81053 181 81234 0.997772 0.00222813
yi174_TTCTCC.TCGCGTTTCAAAACG 60455 161 60616 0.997344 0.00265606
yi174_TTCTCC.ATGCTGCGGGCTTGG 43206 142 43348 0.996724 0.00327581
yi174_TTCTCC.TGATATTGTAGTCTA 35960 90 36050 0.997503 0.00249653
yi174_TTCTCC.CATGCCCCCAGAGGT 40161 102 40263 0.997467 0.00253334
yi174_TTCTCC.TCGCGTTTCTGTTAA 43994 112 44106 0.997461 0.00253934
yi174_TTCTCC.TCGCGTTTCGACTTG 35844 95 35939 0.997357 0.00264337
yi174_TTCTCC.CCATGGAACAGAGGT 40273 111 40384 0.997251 0.00274861
yi174_TTCTCC.GACGTCGGTTAACCG 32424 74 32498 0.997723 0.00227706
yi174_TTCTCC.TACGATATCGACTTG 44954 93 45047 0.997935 0.00206451
yi174_TTCTCC.GGTCATATGGCTTGG 28974 63 29037 0.99783 0.00216965
yi174_TTCTCC.CTCGATTACACTGTT 77762 208 77970 0.997332 0.00266769
yi174_TTCTCC.TCTTAGTGGGCTTGG 35442 106 35548 0.997018 0.00298188
yi174_TTCTCC.GAGTCTTTATGGTCA 140861 347 141208 0.997543 0.00245737
yi174_TTCTCC.ATGCTGCGTCACAGC 49293 122 49415 0.997531 0.00246889
yi174_TTCTCC.TCTTAGTGTTACTTA 64705 181 64886 0.99721 0.00278951
yi174_TTCTCC.TGATATTGCGGAGAC 51521 137 51658 0.997348 0.00265206
yi174_TTCTCC.GGTCATATGTAAAGG 61797 155 61952 0.997498 0.00250194
yi174_TTCTCC.ACCATTTAGCCTATA 38375 74 38449 0.998075 0.00192463
yi174_TTCTCC.GACGTCGGACTGCAT 51295 141 51436 0.997259 0.00274127
yi174_TTCTCC.TCGGCCTAGGGTACA 64673 223 64896 0.996564 0.00343627
yi174_TTCTCC.GATCCCGTCCATCCA 147427 342 147769 0.997686 0.00231442
yi174_TTCTCC.TCGGCCTAACTGCAT 61105 179 61284 0.997079 0.00292083
yi174_TTCTCC.ATCGCGTTGGGCGAG 43963 126 44089 0.997142 0.00285786
yi174_TTCTCC.CATTGTGTTCGAGTA 66116 149 66265 0.997751 0.00224855
yi174_TTCTCC.ATCGCGTTTTCTATT 39496 115 39611 0.997097 0.00290323
yi174_TTCTCC.GAGTCTTTCCATCCA 55754 108 55862 0.998067 0.00193334
yi174_TTCTCC.TCGGCCTATTCTATT 31440 80 31520 0.997462 0.00253807
yi174_TTCTCC.CATCAAGGATGGTCA 23531 61 23592 0.997414 0.00258562
yi174_TTCTCC.GTTACGCGTATGTTG 72724 147 72871 0.997983 0.00201726
yi174_TTCTCC.TTTGACTCGGTAGGA 48895 99 48994 0.997979 0.00202066
yi174_TTCTCC.TCTTAGTGGTAATTT 65886 160 66046 0.997577 0.00242255
yi174_TTCTCC.GTCAGTAGGCCTATA 45468 92 45560 0.997981 0.00201932
yi174_TTCTCC.GATCCCGTGTAAAGG 16044 42 16086 0.997389 0.00261097
yi174_TTCTCC.ATCGCGTTGACGGGG 38375 99 38474 0.997427 0.00257317
yi174_TTCTCC.GATCCCGTGACCTTC 9354 22 9376 0.997654 0.00234642
yi174_TTCTCC.ATGCTGCGCGACTTG 75509 232 75741 0.996937 0.00306307
yi174_TTCTCC.TTTGACTCATATCCC 115845 249 116094 0.997855 0.00214481
yi174_TTCTCC.GATCCCGTGCCACCT 31822 92 31914 0.997117 0.00288275
yi174_TTCTCC.ATGCTGCGACTCGCA 50380 128 50508 0.997466 0.00253425
yi174_TTCTCC.TCGCGTTTGGGTACA 32909 76 32985 0.997696 0.00230408
yi174_TTCTCC.CTTTCTCTATGGTCA 54686 129 54815 0.997647 0.00235337
yi174_TTCTCC.ATCGCGTTCGGAGAC 71901 195 72096 0.997295 0.00270473
yi174_TTCTCC.CCGCGCTTGTAATTT 59119 208 59327 0.996494 0.00350599
yi174_TTCTCC.TTTGACTCGTTTCTC 41634 123 41757 0.997054 0.00294561
yi174_TTCTCC.ACCATTTACGGTCTT 39126 74 39200 0.998112 0.00188776
yi174_TTCTCC.GATCCCGTAGGTAGT 110867 283 111150 0.997454 0.00254611
yi174_TTCTCC.ATGCTGCGTTCTATT 57043 154 57197 0.997308 0.00269245
yi174_TTCTCC.GATCCCGTCTGTTAA 122573 299 122872 0.997567 0.00243343
yi174_TTCTCC.GACGTCGGCACTGTT 46980 93 47073 0.998024 0.00197565
yi174_TTCTCC.ATCGCGTTAGAGACT 34800 115 34915 0.996706 0.00329371
yi174_TTCTCC.CATTGTGTTGATGCA 62355 5516 67871 0.918728 0.0812718
yi174_TTCTCC.CCATGGAAGCAGTAG 57106 117 57223 0.997955 0.00204463
yi174_TTCTCC.CTCGATTAGGTCCCA 114018 306 114324 0.997323 0.0026766
yi174_TTCTCC.CTCGATTATCGAGTA 53055 102 53157 0.998081 0.00191884
yi174_ACCACT.TTTGACTCTCGAGTA 44589 116 44705 0.997405 0.00259479
yi174_ACCACT.ATCGCGTTCTGTTAA 66562 281 66843 0.995796 0.00420388
yi174_ACCACT.TGATATTGGACCTTC 120474 279 120753 0.997689 0.0023105
yi174_ACCACT.TCGCGTTTCCTACAG 58071 196 58267 0.996636 0.00336383
yi174_ACCACT.GTTACGCGGCAGTAG 139264 402 139666 0.997122 0.0028783
yi174_ACCACT.GTTACGCGCCTACAG 104428 307 104735 0.997069 0.00293121
yi174_ACCACT.ACCATTTATGGAATT 49576 109 49685 0.997806 0.00219382
yi174_ACCACT.TACGATATTAGTCTA 50569 103 50672 0.997967 0.00203268
yi174_ACCACT.ACCATTTAGTAAAGG 35368 62 35430 0.99825 0.00174993
yi174_ACCACT.CATGCCCCCGACTTG 59612 155 59767 0.997407 0.0025934
yi174_ACCACT.ATCGGGACGTGGGTT 31655 73 31728 0.997699 0.00230081
yi174_ACCACT.GTTACGCGGTAAAGG 107403 352 107755 0.996733 0.00326667
yi174_ACCACT.TACGATATCGGTCTT 40372 95 40467 0.997652 0.00234759
yi174_ACCACT.GATCCCGTATAAAAG 26469 126 26595 0.995262 0.00473773
yi174_ACCACT.GAGTCTTTGTGGGTT 121226 414 121640 0.996597 0.00340349
yi174_ACCACT.TCGGCCTAGCTATTA 97984 228 98212 0.997678 0.00232151
yi174_ACCACT.TGATATTGTCGAGTA 182408 418 182826 0.997714 0.00228633
yi174_ACCACT.GTTACGCGTGGAATT 174302 522 174824 0.997014 0.00298586
yi174_ACCACT.CCATGGAACACTGTT 80770 249 81019 0.996927 0.00307335
yi174_ACCACT.ATCGCGTTATGGTCA 98609 274 98883 0.997229 0.00277095
yi174_ACCACT.GAGTCTTTCCGCTTA 67478 201 67679 0.99703 0.0029699
yi174_ACCACT.ACCATTTATAGTCTA 131444 289 131733 0.997806 0.00219383
yi174_ACCACT.TCGGCCTAGTAAAGG 70991 187 71178 0.997373 0.00262722
yi174_ACCACT.TTTGACTCAGAACTA 67039 133 67172 0.99802 0.00197999
yi174_ACCACT.ATCGCGTTACTCGCA 206904 513 207417 0.997527 0.00247328
yi174_ACCACT.CATTGTGTAGTAGCC 55870 130 56000 0.997679 0.00232143
yi174_ACCACT.ATCGGGACAGGTAGT 29282 66 29348 0.997751 0.00224888
yi174_ACCACT.GACGTCGGTCGTATC 100418 258 100676 0.997437 0.00256268
yi174_ACCACT.ATGCTGCGGGCCAAA 119638 336 119974 0.997199 0.00280061
yi174_ACCACT.CATCAAGGCTGCATG 10644 39 10683 0.996349 0.00365066
yi174_ACCACT.ATCGCGTTGCCACCT 77231 258 77489 0.99667 0.0033295
yi174_ACCACT.GTTACGCGCAAGCTC 121436 358 121794 0.997061 0.00293939
yi174_ACCACT.ATGCTGCGCTGCATG 100817 277 101094 0.99726 0.00274002
yi174_ACCACT.CTTTCTCTAAATGGA 4799 18 4817 0.996263 0.00373677
yi174_ACCACT.GATCCCGTGTCGCAC 115116 343 115459 0.997029 0.00297075
yi174_ACCACT.ATCGCGTTTCGGTTT 5396 25 5421 0.995388 0.0046117
yi174_ACCACT.TGATATTGTTAACCG 494645 1256 495901 0.997467 0.00253276
yi174_ACCACT.ATCGCGTTATATCCC 77936 219 78155 0.997198 0.00280212
yi174_ACCACT.GATCCCGTTGGAATT 266306 721 267027 0.9973 0.0027001
yi174_ACCACT.ACCATTTAAAATGGA 49526 112 49638 0.997744 0.00225634
yi174_ACCACT.TCGCGTTTACGTCGT 55110 205 55315 0.996294 0.00370605
yi174_ACCACT.GGTCATATAAATGGA 75200 172 75372 0.997718 0.00228201
yi174_ACCACT.TCTTAGTGATGGTCA 97110 240 97350 0.997535 0.00246533
yi174_ACCACT.TACGATATAGAACTA 62082 97 62179 0.99844 0.00156001
yi174_ACCACT.CCATGGAAGTGCCGC 86669 281 86950 0.996768 0.00323174
yi174_ACCACT.GGTCATATTGGAATT 62728 157 62885 0.997503 0.00249662
yi174_ACCACT.CCATGGAAAGGTAGT 52951 180 53131 0.996612 0.00338785
yi174_ACCACT.TACGATATGCAGTAG 40934 94 41028 0.997709 0.00229112
yi174_ACCACT.GACGTCGGGTCGCAC 77486 205 77691 0.997361 0.00263866
yi174_ACCACT.ATGCTGCGCTGTTAA 64595 167 64762 0.997421 0.00257867
yi174_ACCACT.TGATATTGGTAAAGG 148662 281 148943 0.998113 0.00188663
yi174_ACCACT.CATCAAGGCCATCCA 54481 143 54624 0.997382 0.0026179
yi174_ACCACT.CATTGTGTTGCACCG 171602 498 172100 0.997106 0.00289367
yi174_ACCACT.ACCATTTATGCGTCG 42102 75 42177 0.998222 0.00177822
yi174_ACCACT.TTTGACTCCGGTCTT 77665 165 77830 0.99788 0.00212001
yi174_ACCACT.CATTGTGTGGGTACA 47651 120 47771 0.997488 0.00251198
yi174_ACCACT.ATCGCGTTGCAGGTC 98550 266 98816 0.997308 0.00269187
yi174_ACCACT.TTTGACTCGGCCAAA 28302 99 28401 0.996514 0.00348579
yi174_ACCACT.GTCAGTAGGACGGGG 53598 134 53732 0.997506 0.00249386
yi174_ACCACT.GGTCATATGACCTTC 125699 334 126033 0.99735 0.0026501
yi174_ACCACT.GAGTCTTTGCTTGAT 89514 238 89752 0.997348 0.00265175
yi174_ACCACT.GTCAGTAGGTGCCGC 76115 212 76327 0.997222 0.00277752
yi174_ACCACT.GATCCCGTACTCGCA 151304 388 151692 0.997442 0.00255781
yi174_ACCACT.GATCCCGTATCCGTA 132292 383 132675 0.997113 0.00288675
yi174_ACCACT.CCATGGAATGCTTAA 78234 283 78517 0.996396 0.00360431
yi174_ACCACT.GATCCCGTACTGCAT 73743 229 73972 0.996904 0.00309577
yi174_ACCACT.GTCAGTAGATATCCC 101825 257 102082 0.997482 0.00251758
yi174_ACCACT.CTTTCTCTGACCTTC 135769 311 136080 0.997715 0.00228542
yi174_ACCACT.CATCAAGGAGAGACT 47257 132 47389 0.997215 0.00278546
yi174_ACCACT.CATCAAGGTGCACCG 7210 10 7220 0.998615 0.00138504
yi174_ACCACT.GAGTCTTTCAAAACG 100544 301 100845 0.997015 0.00298478
yi174_ACCACT.GGTCATATTGCACCG 74210 232 74442 0.996883 0.00311652
yi174_ACCACT.CATTGTGTATAAAAG 52604 113 52717 0.997856 0.00214352
yi174_ACCACT.GACGTCGGTATGTTG 41039 88 41127 0.99786 0.00213971
yi174_ACCACT.TACGATATTGATGCA 51487 133 51620 0.997423 0.00257652
yi174_ACCACT.TCTTAGTGACGTCGT 184905 516 185421 0.997217 0.00278286
yi174_ACCACT.GTCAGTAGTGGAATT 15936 38 15974 0.997621 0.00237887
yi174_ACCACT.TCGGCCTATCGGTTT 45600 137 45737 0.997005 0.00299539
yi174_ACCACT.TCTTAGTGTCCATAG 36639 89 36728 0.997577 0.00242322
yi174_ACCACT.CTTTCTCTGTAAAGG 96547 201 96748 0.997922 0.00207756
yi174_ACCACT.ATGCTGCGGAGGCGA 70351 331 70682 0.995317 0.00468295
yi174_ACCACT.GGTCATATCTGCATG 55508 151 55659 0.997287 0.00271295
yi174_ACCACT.GACGTCGGGTAAAGG 31195 80 31275 0.997442 0.00255795
yi174_ACCACT.TCGCGTTTTTAACCG 89099 335 89434 0.996254 0.00374578
yi174_ACCACT.CCATGGAAGTAAAGG 95225 236 95461 0.997528 0.00247221
yi174_ACCACT.GATCCCGTTGCACCG 157665 537 158202 0.996606 0.00339439
yi174_ACCACT.GTCAGTAGTAGTCTA 67130 204 67334 0.99697 0.00302967
yi174_ACCACT.TCTTAGTGTATAAGA 116212 260 116472 0.997768 0.0022323
yi174_ACCACT.CATTGTGTCGGAGAC 87073 208 87281 0.997617 0.00238311
yi174_ACCACT.CCATGGAACAGAGGT 64917 195 65112 0.997005 0.00299484
yi174_ACCACT.ATCGCGTTTAGTCTA 45591 160 45751 0.996503 0.00349719
yi174_ACCACT.TGATATTGAGAGACT 113793 224 114017 0.998035 0.00196462
yi174_ACCACT.CTTTCTCTTGGAATT 34602 82 34684 0.997636 0.0023642
yi174_ACCACT.TTTGACTCGCAGTAG 27239 62 27301 0.997729 0.00227098
yi174_ACCACT.CATGCCCCCAAAACG 61045 139 61184 0.997728 0.00227184
yi174_ACCACT.ATCGGGACCGGTCTT 34754 81 34835 0.997675 0.00232525
yi174_ACCACT.GGTCATATCGGTCTT 137538 325 137863 0.997643 0.00235741
yi174_ACCACT.TCGGCCTAAGAACTA 28202 79 28281 0.997207 0.00279339
yi174_ACCACT.CTTTCTCTTCGGTTT 86368 226 86594 0.99739 0.00260988
yi174_ACCACT.TACGATATGGGTACA 53713 120 53833 0.997771 0.00222912
yi174_ACCACT.GATCCCGTTGATGCA 277064 762 277826 0.997257 0.00274272
yi174_ACCACT.CTTTCTCTGTCGCAC 149121 347 149468 0.997678 0.00232157
yi174_ACCACT.GACGTCGGTCGGTTT 85039 224 85263 0.997373 0.00262717
yi174_ACCACT.GAGTCTTTATGGTCA 49419 110 49529 0.997779 0.00222092
yi174_ACCACT.GGTCATATGGGCGAG 63865 123 63988 0.998078 0.00192224
yi174_ACCACT.TTTGACTCTCGTATC 100886 247 101133 0.997558 0.00244233
yi174_ACCACT.CTTTCTCTGCCACCT 72181 163 72344 0.997747 0.00225312
yi174_ACCACT.TCGCGTTTTGCGTCG 84064 336 84400 0.996019 0.00398104
yi174_ACCACT.CATCAAGGGGTCCCA 39261 105 39366 0.997333 0.00266728
yi174_ACCACT.CATCAAGGTGCGTCG 41491 95 41586 0.997716 0.00228442
yi174_ACCACT.CTCGATTAAGAGACT 7457 37 7494 0.995063 0.00493728
yi174_ACCACT.TTTGACTCTGCGTCG 62380 150 62530 0.997601 0.00239885
yi174_ACCACT.ACCATTTAGCCTATA 151200 356 151556 0.997651 0.00234897
yi174_ACCACT.TGATATTGCCTACAG 40798 101 40899 0.997531 0.0024695
yi174_ACCACT.TACGATATGCAGGTC 42222 103 42325 0.997566 0.00243355
yi174_ACCACT.CTCGATTATTCTATT 125929 302 126231 0.997608 0.00239244
yi174_ACCACT.TCTTAGTGTAGTCTA 48531 167 48698 0.996571 0.0034293
yi174_ACCACT.CTTTCTCTTTACTTA 73530 133 73663 0.998194 0.00180552
yi174_ACCACT.GGTCATATCAAGCTC 61146 172 61318 0.997195 0.00280505
yi174_ACCACT.CCGCGCTTCGGTCTT 265451 824 266275 0.996905 0.00309455
yi174_ACCACT.TGATATTGATATCCC 412474 906 413380 0.997808 0.00219169
yi174_ACCACT.GATCCCGTGGCTTGG 101527 274 101801 0.997308 0.00269153
yi174_ACCACT.CTCGATTATGCTTAA 453011 1519 454530 0.996658 0.00334191
yi174_ACCACT.CATCAAGGACGTCGT 36450 89 36539 0.997564 0.00243575
yi174_ACCACT.CATTGTGTTCGAGTA 70794 176 70970 0.99752 0.00247992
yi174_ACCACT.TCTTAGTGTCACAGC 95653 310 95963 0.99677 0.00323041
yi174_ACCACT.TACGATATTTAACCG 41400 78 41478 0.998119 0.00188051
yi174_ACCACT.TACGATATTTCTATT 36457 74 36531 0.997974 0.00202568
yi174_ACCACT.GAGTCTTTGCCTATA 145264 374 145638 0.997432 0.00256801
yi174_ACCACT.ACCATTTACAGAGGT 45618 86 45704 0.998118 0.00188167
yi174_ACCACT.ATCGCGTTTGGAATT 106363 335 106698 0.99686 0.0031397
yi174_ACCACT.TCGCGTTTTTCTATT 48149 138 48287 0.997142 0.00285791
yi174_ACCACT.GTTACGCGCAAAACG 123843 445 124288 0.99642 0.00358039
yi174_ACCACT.GAGTCTTTAGTAGCC 81877 171 82048 0.997916 0.00208415
yi174_ACCACT.ACCATTTATTAACCG 52755 108 52863 0.997957 0.00204302
yi174_ACCACT.TTTGACTCGGTAGGA 49048 130 49178 0.997357 0.00264346
yi174_ACCACT.CTTTCTCTGCTATTA 156439 356 156795 0.99773 0.00227048
yi174_ACCACT.TTTGACTCCAAGCTC 66188 140 66328 0.997889 0.00211072
yi174_ACCACT.TGATATTGAGTAGCC 156535 329 156864 0.997903 0.00209736
yi174_ACCACT.CCGCGCTTATATCCC 103399 272 103671 0.997376 0.00262368
yi174_ACCACT.ACCATTTATCGAGTA 88406 177 88583 0.998002 0.00199813
yi174_ACCACT.GATCCCGTGTGCCGC 136917 434 137351 0.99684 0.00315979
yi174_ACCACT.CATCAAGGTCCATAG 48252 118 48370 0.99756 0.00243953
yi174_ACCACT.TCTTAGTGGCTTGAT 61283 208 61491 0.996617 0.00338261
yi174_ACCACT.TTTGACTCAGAGACT 41023 126 41149 0.996938 0.00306204
yi174_ACCACT.CCGCGCTTCGGAGAC 104333 320 104653 0.996942 0.00305772
yi174_ACCACT.GATCCCGTGTAAAGG 42142 96 42238 0.997727 0.00227283
yi174_ACCACT.CATCAAGGAAATGGA 15634 38 15672 0.997575 0.00242471
yi174_ACCACT.GTTACGCGTTCTATT 71495 196 71691 0.997266 0.00273396
yi174_ACCACT.ATCGCGTTTATGTTG 48067 104 48171 0.997841 0.00215898
yi174_ACCACT.GTTACGCGAGAACTA 153935 491 154426 0.99682 0.00317952
yi174_ACCACT.CCATGGAATAGTCTA 60964 167 61131 0.997268 0.00273184
yi174_ACCACT.GTTACGCGGAGGCGA 86670 329 86999 0.996218 0.00378165
yi174_ACCACT.ATCGGGACTATAAGA 35570 68 35638 0.998092 0.00190808
yi174_ACCACT.GATCCCGTGCTATTA 43366 153 43519 0.996484 0.00351571
yi174_ACCACT.CATGCCCCCTGCATG 60259 204 60463 0.996626 0.00337396
yi174_ACCACT.CCGCGCTTATGGTCA 81790 236 82026 0.997123 0.00287714
yi174_ACCACT.GATCCCGTGCCACCT 119758 414 120172 0.996555 0.00344506
yi174_ACCACT.ATCGGGACCAGAGGT 36588 80 36668 0.997818 0.00218174
yi174_ACCACT.ATGCTGCGCAGAGGT 107895 286 108181 0.997356 0.00264372
yi174_ACCACT.TCGCGTTTCGGTCTT 131311 487 131798 0.996305 0.00369505
yi174_ACCACT.GGTCATATTTAACCG 45311 132 45443 0.997095 0.00290474
yi174_ACCACT.GGTCATATATATCCC 50231 141 50372 0.997201 0.00279917
yi174_ACCACT.GTCAGTAGCCGCTTA 69184 221 69405 0.996816 0.00318421
yi174_ACCACT.ATGCTGCGTCGTATC 70636 199 70835 0.997191 0.00280935
yi174_ACCACT.TTTGACTCTCCATAG 63792 139 63931 0.997826 0.00217422
yi174_ACCACT.CATTGTGTGTTTCTC 5878 30 5908 0.994922 0.00507786
yi174_ACCACT.CTCGATTAGCTATTA 55069 123 55192 0.997771 0.00222858
yi174_ACCACT.CCGCGCTTGTAATTT 86135 201 86336 0.997672 0.00232811
yi174_ACCACT.ATGCTGCGGACGGGG 99541 322 99863 0.996776 0.00322442
yi174_ACCACT.TTTGACTCGTTTCTC 36588 76 36664 0.997927 0.00207288
yi174_ACCACT.GATCCCGTGTTTCTC 170662 433 171095 0.997469 0.00253076
yi174_ACCACT.CATCAAGGGTAAAGG 9267 21 9288 0.997739 0.00226098
yi174_ACCACT.ATGCTGCGCCGCTTA 68896 201 69097 0.997091 0.00290895
yi174_ACCACT.ATCGCGTTATAAAAG 165397 454 165851 0.997263 0.0027374
yi174_ACCACT.TACGATATTGGAATT 50593 124 50717 0.997555 0.00244494
yi174_ACCACT.CTCGATTAGTCGCAC 133364 384 133748 0.997129 0.00287107
yi174_ACCACT.GATCCCGTAGGTAGT 100937 259 101196 0.997441 0.00255939
yi174_ACCACT.CATTGTGTTAGCCGG 53162 133 53295 0.997504 0.00249554
yi174_ACCACT.TGATATTGTGGAATT 121471 262 121733 0.997848 0.00215225
yi174_ACCACT.CCGCGCTTCCGCTTA 190835 640 191475 0.996658 0.00334247
yi174_ACCACT.CTTTCTCTGTGGGTT 101721 229 101950 0.997754 0.0022462
yi174_ACCACT.ATCGGGACGGTCCCA 56832 130 56962 0.997718 0.00228222
yi174_ACCACT.TTTGACTCGGCTTGG 41788 89 41877 0.997875 0.00212527
yi174_ACCACT.ATGCTGCGAGAACTA 165065 443 165508 0.997323 0.00267661
yi174_ACCACT.CTTTCTCTTTAACCG 65151 131 65282 0.997993 0.00200668
yi174_ACCACT.CCATGGAATAGCCGG 114289 334 114623 0.997086 0.0029139
yi174_ACCACT.GTCAGTAGTCGAGTA 77667 172 77839 0.99779 0.00220969
yi174_ACCACT.TGATATTGCTGTTAA 48428 108 48536 0.997775 0.00222515
yi174_TTTCGC.CCGCGCTTCCTACAG 101215 369 101584 0.996368 0.00363246
yi174_TTTCGC.ATCGCGTTCTGTTAA 79234 248 79482 0.99688 0.0031202
yi174_TTTCGC.TGATATTGGACCTTC 201685 3508 205193 0.982904 0.0170961
yi174_TTTCGC.CCATGGAAGCTATTA 56402 117 56519 0.99793 0.0020701
yi174_TTTCGC.CTCGATTAGCCACCT 42608 161 42769 0.996236 0.00376441
yi174_TTTCGC.GTTACGCGAGGTAGT 52850 130 52980 0.997546 0.00245376
yi174_TTTCGC.CATGCCCCAGAACTA 47454 111 47565 0.997666 0.00233365
yi174_TTTCGC.CTCGATTAGTAAAGG 464690 1191 465881 0.997444 0.00255645
yi174_TTTCGC.ATCGCGTTGTTTCTC 77457 265 77722 0.99659 0.00340959
yi174_TTTCGC.GAGTCTTTGTGGGTT 72833 149 72982 0.997958 0.0020416
yi174_TTTCGC.TCGGCCTAGCTATTA 4643 30 4673 0.99358 0.00641986
yi174_TTTCGC.TACGATATCAAGCTC 102660 224 102884 0.997823 0.00217721
yi174_TTTCGC.TGATATTGTCGAGTA 231051 684 231735 0.997048 0.00295165
yi174_TTTCGC.TTTGACTCAAATGGA 49168 120 49288 0.997565 0.00243467
yi174_TTTCGC.GGTCATATAGAGACT 77748 179 77927 0.997703 0.00229702
yi174_TTTCGC.GATCCCGTTTCTATT 162884 11078 173962 0.936319 0.0636806
yi174_TTTCGC.ATCGCGTTATGGTCA 133624 386 134010 0.99712 0.00288038
yi174_TTTCGC.CTCGATTACAAAACG 15914 66 15980 0.99587 0.00413016
yi174_TTTCGC.GAGTCTTTCCGCTTA 47740 107 47847 0.997764 0.00223629
yi174_TTTCGC.TTTGACTCAGAACTA 32341 70 32411 0.99784 0.00215976
yi174_TTTCGC.TTTGACTCACGTCGT 38220 97 38317 0.997468 0.00253151
yi174_TTTCGC.GACGTCGGTCGTATC 58335 144 58479 0.997538 0.00246242
yi174_TTTCGC.ATGCTGCGGGCCAAA 74132 264 74396 0.996451 0.00354858
yi174_TTTCGC.TCTTAGTGCAAAACG 119714 292 120006 0.997567 0.00243321
yi174_TTTCGC.ATCGCGTTTTACTTA 45764 156 45920 0.996603 0.00339721
yi174_TTTCGC.ATCGCGTTTCGAGTA 84641 235 84876 0.997231 0.00276874
yi174_TTTCGC.GACGTCGGAGAGACT 47946 118 48064 0.997545 0.00245506
yi174_TTTCGC.ACCATTTAGCTTGAT 43803 87 43890 0.998018 0.00198223
yi174_TTTCGC.TCTTAGTGATGGTCA 202859 602 203461 0.997041 0.0029588
yi174_TTTCGC.TACGATATAGAACTA 43805 93 43898 0.997881 0.00211855
yi174_TTTCGC.ATGCTGCGTATAAGA 31298 106 31404 0.996625 0.00337537
yi174_TTTCGC.ACCATTTAGCAGTAG 63618 149 63767 0.997663 0.00233663
yi174_TTTCGC.CCATGGAATTCTATT 42637 82 42719 0.99808 0.00191952
yi174_TTTCGC.GATCCCGTGCAGGTC 178698 444 179142 0.997522 0.00247848
yi174_TTTCGC.CCGCGCTTCTGCATG 58806 193 58999 0.996729 0.00327124
yi174_TTTCGC.CTTTCTCTTTCTATT 72384 201 72585 0.997231 0.00276917
yi174_TTTCGC.CATCAAGGGACCTTC 24473 52 24525 0.99788 0.00212029
yi174_TTTCGC.CATGCCCCGGCTTGG 22576 100 22676 0.99559 0.00440995
yi174_TTTCGC.CCATGGAACGACTTG 51289 154 51443 0.997006 0.0029936
yi174_TTTCGC.GTTACGCGTCACAGC 78372 187 78559 0.99762 0.00238038
yi174_TTTCGC.CATCAAGGTCCAAGT 30622 95 30717 0.996907 0.00309275
yi174_TTTCGC.CATGCCCCAGTAGCC 33519 87 33606 0.997411 0.00258882
yi174_TTTCGC.GACGTCGGTGGAATT 56681 153 56834 0.997308 0.00269205
yi174_TTTCGC.CCATGGAAGACGGGG 43859 118 43977 0.997317 0.00268322
yi174_TTTCGC.CATTGTGTATCCGTA 76349 193 76542 0.997479 0.00252149
yi174_TTTCGC.GTCAGTAGGTAATTT 56590 153 56743 0.997304 0.00269637
yi174_TTTCGC.TGATATTGTTACTTA 76772 215 76987 0.997207 0.00279268
yi174_TTTCGC.GTCAGTAGGTGCCGC 53595 163 53758 0.996968 0.00303211
yi174_TTTCGC.TGATATTGATGGTCA 16664 96 16760 0.994272 0.00572792
yi174_TTTCGC.TTTGACTCGCTTGAT 50641 127 50768 0.997498 0.00250158
yi174_TTTCGC.GTCAGTAGGGGTACA 64595 181 64776 0.997206 0.00279424
yi174_TTTCGC.GATCCCGTACTGCAT 184861 494 185355 0.997335 0.00266516
yi174_TTTCGC.GTCAGTAGATATCCC 122025 274 122299 0.99776 0.00224041
yi174_TTTCGC.GTCAGTAGTCGGTTT 70478 172 70650 0.997565 0.00243454
yi174_TTTCGC.CTTTCTCTTATGTTG 130842 315 131157 0.997598 0.0024017
yi174_TTTCGC.CATCAAGGTGCACCG 9064 31 9095 0.996592 0.00340847
yi174_TTTCGC.ATCGGGACCAAGCTC 31900 86 31986 0.997311 0.00268868
yi174_TTTCGC.CATGCCCCGGTAGGA 34265 101 34366 0.997061 0.00293895
yi174_TTTCGC.CATTGTGTGCAGTAG 67909 191 68100 0.997195 0.0028047
yi174_TTTCGC.ATCGGGACCGACTTG 36551 111 36662 0.996972 0.00302766
yi174_TTTCGC.ATGCTGCGGCTTGAT 43395 147 43542 0.996624 0.00337605
yi174_TTTCGC.GGTCATATTCCAAGT 29204 61 29265 0.997916 0.0020844
yi174_TTTCGC.TCTTAGTGACGTCGT 54017 134 54151 0.997525 0.00247456
yi174_TTTCGC.GAGTCTTTGACGGGG 87202 225 87427 0.997426 0.00257358
yi174_TTTCGC.ACCATTTAGCCACCT 15999 48 16047 0.997009 0.00299121
yi174_TTTCGC.ATGCTGCGCACTGTT 55829 171 56000 0.996946 0.00305357
yi174_TTTCGC.ATCGGGACGTCGCAC 26541 96 26637 0.996396 0.00360401
yi174_TTTCGC.GACGTCGGGCAGGTC 54712 139 54851 0.997466 0.00253414
yi174_TTTCGC.GTCAGTAGTGGAATT 107623 271 107894 0.997488 0.00251172
yi174_TTTCGC.TCGGCCTATCGGTTT 43930 119 44049 0.997298 0.00270154
yi174_TTTCGC.CATTGTGTGCAGGTC 70659 227 70886 0.996798 0.00320232
yi174_TTTCGC.GTTACGCGTCGGTTT 110282 301 110583 0.997278 0.00272194
yi174_TTTCGC.TTTGACTCTGGAATT 61699 159 61858 0.99743 0.0025704
yi174_TTTCGC.ACCATTTAAGTAGCC 30558 87 30645 0.997161 0.00283896
yi174_TTTCGC.GACGTCGGGGCTTGG 74162 217 74379 0.997083 0.00291749
yi174_TTTCGC.GTTACGCGGCAGGTC 89577 227 89804 0.997472 0.00252773
yi174_TTTCGC.GACGTCGGGTAAAGG 34707 81 34788 0.997672 0.00232839
yi174_TTTCGC.CATCAAGGGCAGGTC 23050 87 23137 0.99624 0.00376021
yi174_TTTCGC.TTTGACTCATCCGTA 54320 110 54430 0.997979 0.00202094
yi174_TTTCGC.CCATGGAAGCCACCT 57727 156 57883 0.997305 0.00269509
yi174_TTTCGC.GTTACGCGGGCCAAA 111990 321 112311 0.997142 0.00285814
yi174_TTTCGC.TCTTAGTGTATAAGA 72475 213 72688 0.99707 0.00293033
yi174_TTTCGC.GTTACGCGACTGCAT 122656 297 122953 0.997584 0.00241556
yi174_TTTCGC.TACGATATTCCAAGT 44446 96 44542 0.997845 0.00215527
yi174_TTTCGC.GGTCATATCTGTTAA 38494 116 38610 0.996996 0.0030044
yi174_TTTCGC.CCGCGCTTTGATGCA 132975 462 133437 0.996538 0.00346231
yi174_TTTCGC.ATCGCGTTCGACTTG 97171 263 97434 0.997301 0.00269926
yi174_TTTCGC.CCATGGAACAGAGGT 68114 174 68288 0.997452 0.00254803
yi174_TTTCGC.CCGCGCTTTTCTATT 127982 396 128378 0.996915 0.00308464
yi174_TTTCGC.CCATGGAACGGTCTT 59729 157 59886 0.997378 0.00262165
yi174_TTTCGC.ATCGGGACAGAACTA 36514 97 36611 0.997351 0.00264948
yi174_TTTCGC.CTCGATTAGGGCGAG 67068 189 67257 0.99719 0.00281012
yi174_TTTCGC.ATCGGGACCGGTCTT 35620 112 35732 0.996866 0.00313445
yi174_TTTCGC.GACGTCGGTCCATAG 52714 139 52853 0.99737 0.00262994
yi174_TTTCGC.TCGCGTTTGTGCCGC 62179 254 62433 0.995932 0.00406836
yi174_TTTCGC.TCGCGTTTCACTGTT 66504 189 66693 0.997166 0.00283388
yi174_TTTCGC.CTCGATTAAGTAGCC 89344 247 89591 0.997243 0.00275697
yi174_TTTCGC.TACGATATAGAGACT 46969 104 47073 0.997791 0.00220933
yi174_TTTCGC.CCATGGAATGGAATT 89202 189 89391 0.997886 0.00211431
yi174_TTTCGC.GATCCCGTTGCGTCG 106510 311 106821 0.997089 0.00291141
yi174_TTTCGC.GAGTCTTTTCGTATC 25969 61 26030 0.997657 0.00234345
yi174_TTTCGC.CATCAAGGTCGGTTT 97808 190 97998 0.998061 0.00193882
yi174_TTTCGC.GGTCATATGGGCGAG 37885 112 37997 0.997052 0.0029476
yi174_TTTCGC.CTCGATTATTACTTA 42896 117 43013 0.99728 0.00272011
yi174_TTTCGC.ATCGCGTTGGCCAAA 77597 226 77823 0.997096 0.00290403
yi174_TTTCGC.TCGCGTTTGCTATTA 69190 218 69408 0.996859 0.00314085
yi174_TTTCGC.GTTACGCGTGATGCA 84275 202 84477 0.997609 0.00239118
yi174_TTTCGC.TCGCGTTTTGCGTCG 123096 372 123468 0.996987 0.00301293
yi174_TTTCGC.ACCATTTAGGTCCCA 62098 133 62231 0.997863 0.0021372
yi174_TTTCGC.CTTTCTCTTCGAGTA 181403 362 181765 0.998008 0.00199158
yi174_TTTCGC.ATCGCGTTACGTCGT 88831 206 89037 0.997686 0.00231364
yi174_TTTCGC.ATCGCGTTGCTATTA 91488 241 91729 0.997373 0.0026273
yi174_TTTCGC.ACCATTTATAGCCGG 131486 1062 132548 0.991988 0.00801219
yi174_TTTCGC.CTCGATTAAGAGACT 174284 457 174741 0.997385 0.0026153
yi174_TTTCGC.CCGCGCTTTATGTTG 104867 331 105198 0.996854 0.00314645
yi174_TTTCGC.CTCGATTAGAGGCGA 81638 174 81812 0.997873 0.00212683
yi174_TTTCGC.TTTGACTCCAGAGGT 36206 152 36358 0.995819 0.00418065
yi174_TTTCGC.GATCCCGTTTACTTA 8019 14 8033 0.998257 0.00174281
yi174_TTTCGC.TCGGCCTAACTGCAT 52318 158 52476 0.996989 0.0030109
yi174_TTTCGC.GTTACGCGCCATCCA 109314 279 109593 0.997454 0.00254578
yi174_TTTCGC.GGTCATATGCCTATA 66941 378 67319 0.994385 0.00561506
yi174_TTTCGC.GTTACGCGGCCTATA 86938 199 87137 0.997716 0.00228376
yi174_TTTCGC.TCTTAGTGGTGCCGC 83442 270 83712 0.996775 0.00322534
yi174_TTTCGC.TTTGACTCGTGCCGC 108112 307 108419 0.997168 0.00283161
yi174_TTTCGC.TACGATATGGGCGAG 38384 106 38490 0.997246 0.00275396
yi174_TTTCGC.GAGTCTTTCCATCCA 55403 158 55561 0.997156 0.00284372
yi174_TTTCGC.CTTTCTCTGTAATTT 79924 150 80074 0.998127 0.00187327
yi174_TTTCGC.CTCGATTAATAAAAG 210500 616 211116 0.997082 0.00291783
yi174_TTTCGC.TCTTAGTGCTGCATG 131715 309 132024 0.99766 0.00234048
yi174_TTTCGC.TCGGCCTATTCTATT 93359 213 93572 0.997724 0.00227632
yi174_TTTCGC.CATTGTGTGGGCGAG 71975 188 72163 0.997395 0.00260521
yi174_TTTCGC.GATCCCGTATATCCC 18783 45 18828 0.99761 0.00239006
yi174_TTTCGC.CATTGTGTACTGCAT 82126 263 82389 0.996808 0.00319217
yi174_TTTCGC.TCGGCCTATATGTTG 78001 172 78173 0.9978 0.00220025
yi174_TTTCGC.ATCGCGTTTTAACCG 63032 156 63188 0.997531 0.00246882
yi174_TTTCGC.TCGGCCTATCCAAGT 184117 496 184613 0.997313 0.0026867
yi174_TTTCGC.CTTTCTCTCGACTTG 99091 223 99314 0.997755 0.0022454
yi174_TTTCGC.ACCATTTACAAAACG 46457 130 46587 0.99721 0.00279048
yi174_TTTCGC.CTTTCTCTGGTAGGA 94234 242 94476 0.997439 0.0025615
yi174_TTTCGC.CTTTCTCTCCATCCA 62708 164 62872 0.997392 0.00260847
yi174_TTTCGC.TCTTAGTGGTAATTT 118768 257 119025 0.997841 0.00215921
yi174_TTTCGC.ACCATTTAATAAAAG 33382 82 33464 0.99755 0.00245039
yi174_TTTCGC.GAGTCTTTAGAACTA 56793 142 56935 0.997506 0.00249407
yi174_TTTCGC.CTTTCTCTAGAGACT 92238 218 92456 0.997642 0.00235788
yi174_TTTCGC.CATTGTGTTCGTATC 41302 104 41406 0.997488 0.00251171
yi174_TTTCGC.ATCGCGTTCAGAGGT 108025 298 108323 0.997249 0.00275103
yi174_TTTCGC.ACCATTTATCGTATC 20625 38 20663 0.998161 0.00183904
yi174_TTTCGC.TCGGCCTAGACGGGG 62784 165 62949 0.997379 0.00262117
yi174_TTTCGC.TACGATATTGCACCG 58741 176 58917 0.997013 0.00298725
yi174_TTTCGC.ATCGCGTTGTGGGTT 77603 235 77838 0.996981 0.00301909
yi174_TTTCGC.TGATATTGGCTATTA 138496 417 138913 0.996998 0.00300188
yi174_TTTCGC.ATCGGGACGACCTTC 33873 90 33963 0.99735 0.00264994
yi174_TTTCGC.TCGCGTTTGGGTACA 95600 323 95923 0.996633 0.00336728
yi174_TTTCGC.CATGCCCCTTCTATT 45196 114 45310 0.997484 0.002516
yi174_TTTCGC.TACGATATCGGAGAC 44205 92 44297 0.997923 0.00207689
yi174_TTTCGC.GATCCCGTAGAGACT 131491 315 131806 0.99761 0.00238988
yi174_TTTCGC.GAGTCTTTGAGGCGA 54645 113 54758 0.997936 0.00206363
yi174_TTTCGC.ATCGGGACGCCACCT 34780 84 34864 0.997591 0.00240936
yi174_TTTCGC.TCTTAGTGGGCCAAA 74315 207 74522 0.997222 0.0027777
yi174_TTTCGC.ATGCTGCGTGCACCG 72021 279 72300 0.996141 0.00385892
yi174_TTTCGC.GGTCATATTCGTATC 75761 187 75948 0.997538 0.00246221
yi174_TTTCGC.ATCGCGTTAGGTAGT 99299 283 99582 0.997158 0.00284188
yi174_TTTCGC.TACGATATCAGAGGT 39481 106 39587 0.997322 0.00267765
yi174_TTTCGC.GAGTCTTTTATGTTG 64748 190 64938 0.997074 0.00292587
yi174_TTTCGC.ACCATTTATCCAAGT 75876 146 76022 0.99808 0.0019205
yi174_TTTCGC.TACGATATGGCTTGG 37295 87 37382 0.997673 0.00232732
yi174_TTTCGC.TTTGACTCGTAAAGG 50617 101 50718 0.998009 0.0019914
yi174_TTTCGC.GAGTCTTTACGTCGT 58074 157 58231 0.997304 0.00269616
yi174_TTTCGC.ACCATTTAGGGTACA 82764 202 82966 0.997565 0.00243473
yi174_TTTCGC.ACCATTTACGGTCTT 54124 130 54254 0.997604 0.00239614
yi174_TTTCGC.ATGCTGCGTTCTATT 96536 291 96827 0.996995 0.00300536
yi174_TTTCGC.ATCGGGACGCAGTAG 36387 102 36489 0.997205 0.00279536
yi174_TTTCGC.CATTGTGTAGGTAGT 103070 258 103328 0.997503 0.0024969
yi174_TTTCGC.GGTCATATGCTATTA 35863 127 35990 0.996471 0.00352876
yi174_TTTCGC.ATCGCGTTGCTTGAT 65379 192 65571 0.997072 0.00292812
yi174_TTTCGC.CATGCCCCGCTTGAT 73404 163 73567 0.997784 0.00221567
yi174_TTTCGC.CTCGATTAGCAGGTC 124846 386 125232 0.996918 0.00308228
yi174_TTTCGC.ATCGGGACTAGCCGG 36081 102 36183 0.997181 0.002819
yi174_TTTCGC.CCATGGAATAGCCGG 59261 155 59416 0.997391 0.00260872
yi174_TTTCGC.TCGCGTTTGCCTATA 82740 329 83069 0.996039 0.00396056
yi174_TTTCGC.GATCCCGTGTAATTT 81701 220 81921 0.997314 0.00268551
