1 249250621 5722 0.0776781 73663 0.966145
2 243199373 5610 0.0761576 73663 0.971398
3 198022430 4579 0.0621615 73663 0.974318
4 191154276 6591 0.089475 73663 1.45252
5 180915260 5512 0.0748273 73663 1.28349
6 171115067 5580 0.0757504 73663 1.37229
7 159138663 5761 0.0782075 73663 1.52451
8 146364022 3417 0.0463869 73663 0.982774
9 141213431 2041 0.0277073 73663 0.608951
10 135534747 2366 0.0321192 73663 0.734994
11 135006516 3914 0.0531339 73663 1.22147
12 133851895 3802 0.0516134 73663 1.19476
13 115169878 4926 0.0668721 73663 1.80248
14 107349540 1925 0.0261325 73663 0.755275
15 102531392 760 0.0103173 73663 0.3117
16 90354753 762 0.0103444 73663 0.355478
17 81195210 1188 0.0161275 73663 0.615553
18 78077248 2267 0.0307753 73663 1.22124
19 59128983 875 0.0118784 73663 0.621907
20 63025520 383 0.00519935 73663 0.256126
21 48129895 356 0.00483282 73663 0.311795
22 51304566 236 0.00320378 73663 0.194168
X 155270560 1224 0.0166162 73663 0.331661
Y 59373566 23 0.000312233 73663 0.0163473
