1 249250621 11726 0.0889695 131798 1.10659
2 243199373 14497 0.109994 131798 1.40299
3 198022430 9122 0.069212 131798 1.08483
4 191154276 6872 0.0521404 131798 0.846435
5 180915260 9523 0.0722545 131798 1.23936
6 171115067 13307 0.100965 131798 1.82908
7 159138663 4007 0.0304026 131798 0.592643
8 146364022 1790 0.0135814 131798 0.287741
9 141213431 6731 0.0510706 131798 1.12243
10 135534747 6660 0.0505319 131798 1.15634
11 135006516 3660 0.0277698 131798 0.638385
12 133851895 6940 0.0526563 131798 1.2189
13 115169878 5568 0.0422465 131798 1.13872
14 107349540 4362 0.0330961 131798 0.956535
15 102531392 3640 0.027618 131798 0.834381
16 90354753 1255 0.00952215 131798 0.327222
17 81195210 1366 0.0103643 131798 0.395586
18 78077248 1908 0.0144767 131798 0.574472
19 59128983 1617 0.0122688 131798 0.642344
20 63025520 1025 0.00777705 131798 0.383106
21 48129895 1369 0.0103871 131798 0.670136
22 51304566 200 0.00151747 131798 0.0919681
X 155270560 8333 0.0632255 131798 1.26199
Y 59373566 114 0.00086496 131798 0.0452859
