1 249250621 30776 0.0677095 454530 0.842158
2 243199373 24058 0.0529294 454530 0.67512
3 198022430 25459 0.0560117 454530 0.877926
4 191154276 32441 0.0713726 454530 1.15865
5 180915260 38744 0.0852397 454530 1.46209
6 171115067 11425 0.0251359 454530 0.45536
7 159138663 24393 0.0536664 454530 1.04613
8 146364022 16918 0.0372209 454530 0.788578
9 141213431 20289 0.0446373 454530 0.98104
10 135534747 22635 0.0497987 454530 1.13956
11 135006516 19999 0.0439993 454530 1.01148
12 133851895 16916 0.0372165 454530 0.861492
13 115169878 12337 0.0271423 454530 0.731599
14 107349540 19867 0.0437089 454530 1.26326
15 102531392 10339 0.0227466 454530 0.687208
16 90354753 13691 0.0301212 454530 1.03509
17 81195210 11129 0.0244846 454530 0.934528
18 78077248 12913 0.0284096 454530 1.12736
19 59128983 3865 0.00850329 454530 0.445198
20 63025520 12868 0.0283106 454530 1.39461
21 48129895 5006 0.0110136 454530 0.710553
22 51304566 6850 0.0150705 454530 0.913364
X 155270560 26856 0.0590852 454530 1.17935
Y 59373566 285 0.000627021 454530 0.0328283
