1 249250621 7178 0.0947703 75741 1.17874
2 243199373 8396 0.110851 75741 1.41392
3 198022430 5155 0.0680609 75741 1.06679
4 191154276 5601 0.0739494 75741 1.20048
5 180915260 5639 0.0744511 75741 1.27703
6 171115067 6071 0.0801547 75741 1.45208
7 159138663 3534 0.046659 75741 0.909532
8 146364022 3324 0.0438864 75741 0.929797
9 141213431 2357 0.0311192 75741 0.683939
10 135534747 4232 0.0558746 75741 1.2786
11 135006516 2155 0.0284522 75741 0.654074
12 133851895 2974 0.0392654 75741 0.908921
13 115169878 4333 0.0572081 75741 1.542
14 107349540 767 0.0101266 75741 0.292677
15 102531392 1601 0.0211378 75741 0.638605
16 90354753 966 0.012754 75741 0.438281
17 81195210 895 0.0118166 75741 0.451015
18 78077248 1290 0.0170317 75741 0.675862
19 59128983 941 0.0124239 75741 0.650467
20 63025520 1074 0.0141799 75741 0.698517
21 48129895 527 0.00695792 75741 0.448898
22 51304566 220 0.00290464 75741 0.176039
X 155270560 3698 0.0488243 75741 0.974537
Y 59373566 25 0.000330072 75741 0.0172813
