1 249250621 28 0.00129768 21577 0.0161403
2 243199373 58 0.00268805 21577 0.0342863
3 198022430 23 0.00106595 21577 0.0167077
4 191154276 11 0.000509802 21577 0.00827601
5 180915260 29 0.00134402 21577 0.0230536
6 171115067 28 0.00129768 21577 0.0235087
7 159138663 42 0.00194652 21577 0.0379438
8 146364022 32 0.00148306 21577 0.0314208
9 141213431 19 0.000880567 21577 0.0193531
10 135534747 12 0.000556148 21577 0.0127265
11 135006516 17 0.000787876 21577 0.0181121
12 133851895 29 0.00134402 21577 0.0311117
13 115169878 39 0.00180748 21577 0.0487191
14 107349540 9 0.000417111 21577 0.0120552
15 102531392 11 0.000509802 21577 0.0154019
16 90354753 9 0.000417111 21577 0.0143337
17 81195210 3 0.000139037 21577 0.00530675
18 78077248 10 0.000463456 21577 0.0183911
19 59128983 7 0.00032442 21577 0.0169853
20 63025520 25 0.00115864 21577 0.0570759
21 48129895 0 0 21577 0
22 51304566 0 0 21577 0
X 155270560 20 0.000926913 21577 0.0185013
Y 59373566 0 0 21577 0
