1 249250621 5458 0.114072 47847 1.41881
2 243199373 3518 0.073526 47847 0.937832
3 198022430 2460 0.0514139 47847 0.80586
4 191154276 2666 0.0557193 47847 0.904534
5 180915260 1865 0.0389784 47847 0.668583
6 171115067 4618 0.096516 47847 1.74848
7 159138663 3219 0.0672769 47847 1.31144
8 146364022 3956 0.0826802 47847 1.7517
9 141213431 919 0.0192071 47847 0.422133
10 135534747 1060 0.0221539 47847 0.506955
11 135006516 2312 0.0483207 47847 1.11082
12 133851895 2573 0.0537756 47847 1.24481
13 115169878 3209 0.0670679 47847 1.80776
14 107349540 1431 0.0299078 47847 0.864388
15 102531392 1126 0.0235333 47847 0.710977
16 90354753 449 0.00938408 47847 0.322477
17 81195210 469 0.00980208 47847 0.374125
18 78077248 1256 0.0262503 47847 1.04168
19 59128983 1300 0.0271699 47847 1.42251
20 63025520 911 0.0190399 47847 0.937924
21 48129895 47 0.000982298 47847 0.063374
22 51304566 197 0.00411729 47847 0.249533
X 155270560 1377 0.0287792 47847 0.574436
Y 59373566 8 0.0001672 47847 0.00875391
