1 249250621 2312 0.0999265 23137 1.24287
2 243199373 1503 0.0649609 23137 0.828583
3 198022430 1040 0.0449496 23137 0.70454
4 191154276 2007 0.0867442 23137 1.40818
5 180915260 1549 0.066949 23137 1.14835
6 171115067 1755 0.0758525 23137 1.37414
7 159138663 1636 0.0707093 23137 1.37835
8 146364022 1252 0.0541125 23137 1.14645
9 141213431 595 0.0257164 23137 0.565195
10 135534747 640 0.0276613 23137 0.632982
11 135006516 1138 0.0491853 23137 1.1307
12 133851895 809 0.0349656 23137 0.80939
13 115169878 966 0.0417513 23137 1.12537
14 107349540 425 0.0183688 23137 0.530892
15 102531392 387 0.0167265 23137 0.505331
16 90354753 704 0.0304275 23137 1.04562
17 81195210 198 0.00855772 23137 0.326631
18 78077248 686 0.0296495 23137 1.17657
19 59128983 344 0.014868 23137 0.778427
20 63025520 363 0.0156892 23137 0.772865
21 48129895 195 0.00842806 23137 0.543746
22 51304566 77 0.003328 23137 0.201697
X 155270560 1067 0.0461166 23137 0.920491
Y 59373566 14 0.000605091 23137 0.0316802
