1 249250621 4698 0.126771 37059 1.57675
2 243199373 2694 0.0726949 37059 0.927231
3 198022430 2646 0.0713997 37059 1.11912
4 191154276 2780 0.0750155 37059 1.21778
5 180915260 1917 0.0517283 37059 0.887278
6 171115067 2487 0.0671092 37059 1.21575
7 159138663 2579 0.0695917 37059 1.35656
8 146364022 1364 0.0368062 37059 0.779792
9 141213431 1497 0.040395 37059 0.887803
10 135534747 1097 0.0296014 37059 0.677379
11 135006516 1754 0.0473299 37059 1.08804
12 133851895 1229 0.0331633 37059 0.76767
13 115169878 1877 0.050649 37059 1.3652
14 107349540 917 0.0247443 37059 0.715154
15 102531392 1067 0.0287919 37059 0.869847
16 90354753 233 0.00628727 37059 0.216057
17 81195210 661 0.0178364 37059 0.68078
18 78077248 939 0.025338 37059 1.00548
19 59128983 270 0.00728568 37059 0.381449
20 63025520 407 0.0109825 37059 0.541009
21 48129895 141 0.00380474 37059 0.245467
22 51304566 180 0.00485712 37059 0.294371
X 155270560 2025 0.0546426 37059 1.09067
Y 59373566 23 0.000620632 37059 0.0324938
