1 249250621 10 0.000540921 18487 0.00672787
2 243199373 9 0.000486829 18487 0.00620955
3 198022430 12 0.000649105 18487 0.0101741
4 191154276 8 0.000432737 18487 0.00702494
5 180915260 6 0.000324552 18487 0.00556694
6 171115067 6 0.000324552 18487 0.00587957
7 159138663 11 0.000595013 18487 0.0115987
8 146364022 6 0.000324552 18487 0.00687611
9 141213431 3 0.000162276 18487 0.00356651
10 135534747 6 0.000324552 18487 0.00742683
11 135006516 5 0.00027046 18487 0.00621748
12 133851895 17 0.000919565 18487 0.0212862
13 115169878 11 0.000595013 18487 0.0160381
14 107349540 1 5.40921e-05 18487 0.00156335
15 102531392 2 0.000108184 18487 0.0032684
16 90354753 3 0.000162276 18487 0.0055765
17 81195210 0 0 18487 0
18 78077248 2 0.000108184 18487 0.00429302
19 59128983 1 5.40921e-05 18487 0.00283205
20 63025520 7 0.000378644 18487 0.0186524
21 48129895 0 0 18487 0
22 51304566 1 5.40921e-05 18487 0.00327831
X 155270560 8 0.000432737 18487 0.00863746
Y 59373566 1 5.40921e-05 18487 0.00283205
