1 249250621 6355 0.0944013 67319 1.17415
2 243199373 6116 0.090851 67319 1.15881
3 198022430 4447 0.0660586 67319 1.0354
4 191154276 6154 0.0914155 67319 1.48402
5 180915260 3689 0.0547988 67319 0.939945
6 171115067 4850 0.072045 67319 1.30516
7 159138663 3333 0.0495105 67319 0.965118
8 146364022 3474 0.051605 67319 1.09333
9 141213431 2431 0.0361116 67319 0.793663
10 135534747 2401 0.035666 67319 0.816156
11 135006516 2682 0.0398402 67319 0.915866
12 133851895 2259 0.0335566 67319 0.776774
13 115169878 3845 0.0571161 67319 1.53952
14 107349540 1340 0.0199052 67319 0.575296
15 102531392 1091 0.0162064 67319 0.48962
16 90354753 1077 0.0159985 67319 0.549775
17 81195210 798 0.011854 67319 0.452443
18 78077248 1484 0.0220443 67319 0.874774
19 59128983 675 0.0100269 67319 0.524968
20 63025520 321 0.00476834 67319 0.234894
21 48129895 217 0.00322346 67319 0.207965
22 51304566 240 0.00356512 67319 0.216068
X 155270560 3867 0.0574429 67319 1.14657
Y 59373566 34 0.000505058 67319 0.0264428
