1 249250621 13 0.000756298 17189 0.00940669
2 243199373 14 0.000814474 17189 0.0103887
3 198022430 17 0.000989005 17189 0.0155016
4 191154276 13 0.000756298 17189 0.0122776
5 180915260 22 0.00127989 17189 0.0219535
6 171115067 7 0.000407237 17189 0.00737749
7 159138663 28 0.00162895 17189 0.0317534
8 146364022 9 0.000523591 17189 0.011093
9 141213431 6 0.00034906 17189 0.00767166
10 135534747 21 0.00122171 17189 0.0279568
11 135006516 8 0.000465414 17189 0.0106992
12 133851895 9 0.000523591 17189 0.0121202
13 115169878 12 0.000698121 17189 0.0188173
14 107349540 1 5.81767e-05 17189 0.00168141
15 102531392 14 0.000814474 17189 0.0246065
16 90354753 4 0.000232707 17189 0.0079968
17 81195210 6 0.00034906 17189 0.0133229
18 78077248 5 0.000290884 17189 0.011543
19 59128983 2 0.000116353 17189 0.00609181
20 63025520 11 0.000639944 17189 0.0315243
21 48129895 0 0 17189 0
22 51304566 14 0.000814474 17189 0.0493621
X 155270560 15 0.000872651 17189 0.0174182
Y 59373566 2 0.000116353 17189 0.00609181
