1 249250621 29 0.00179789 16130 0.0223618
2 243199373 14 0.000867948 16130 0.0110708
3 198022430 14 0.000867948 16130 0.0136042
4 191154276 6 0.000371978 16130 0.0060386
5 180915260 9 0.000557967 16130 0.00957061
6 171115067 15 0.000929944 16130 0.0168468
7 159138663 14 0.000867948 16130 0.0169191
8 146364022 8 0.00049597 16130 0.0105078
9 141213431 7 0.000433974 16130 0.00953789
10 135534747 3 0.000185989 16130 0.00425604
11 135006516 9 0.000557967 16130 0.0128268
12 133851895 0 0 16130 0
13 115169878 14 0.000867948 16130 0.0233948
14 107349540 3 0.000185989 16130 0.0053754
15 102531392 4 0.000247985 16130 0.007492
16 90354753 9 0.000557967 16130 0.0191741
17 81195210 3 0.000185989 16130 0.00709881
18 78077248 2 0.000123993 16130 0.00492034
19 59128983 1 6.19963e-05 16130 0.00324588
20 63025520 7 0.000433974 16130 0.021378
21 48129895 2 0.000123993 16130 0.00799952
22 51304566 0 0 16130 0
X 155270560 17 0.00105394 16130 0.0210367
Y 59373566 0 0 16130 0
