1 249250621 7 0.000644389 10863 0.00801479
2 243199373 9 0.0008285 10863 0.0105676
3 198022430 9 0.0008285 10863 0.0129859
4 191154276 8 0.000736445 10863 0.0119553
5 180915260 4 0.000368222 10863 0.00631599
6 171115067 4 0.000368222 10863 0.0066707
7 159138663 7 0.000644389 10863 0.0125612
8 146364022 12 0.00110467 10863 0.023404
9 141213431 4 0.000368222 10863 0.0080928
10 135534747 2 0.000184111 10863 0.00421307
11 135006516 5 0.000460278 10863 0.0105811
12 133851895 7 0.000644389 10863 0.0149164
13 115169878 5 0.000460278 10863 0.0124064
14 107349540 2 0.000184111 10863 0.00532113
15 102531392 4 0.000368222 10863 0.0111245
16 90354753 1 9.20556e-05 10863 0.00316342
17 81195210 1 9.20556e-05 10863 0.00351357
18 78077248 4 0.000368222 10863 0.014612
19 59128983 4 0.000368222 10863 0.0192787
20 63025520 1 9.20556e-05 10863 0.00453476
21 48129895 0 0 10863 0
22 51304566 0 0 10863 0
X 155270560 6 0.000552334 10863 0.0110246
Y 59373566 0 0 10863 0
