1 249250621 5669 0.0908013 62433 1.12937
2 243199373 6466 0.103567 62433 1.32101
3 198022430 4328 0.0693223 62433 1.08656
4 191154276 4366 0.069931 62433 1.13524
5 180915260 4218 0.0675604 62433 1.15884
6 171115067 4159 0.0666154 62433 1.2068
7 159138663 4095 0.0655903 62433 1.27856
8 146364022 2814 0.0450723 62433 0.954922
9 141213431 1663 0.0266366 62433 0.585419
10 135534747 1794 0.0287348 62433 0.657547
11 135006516 3154 0.0505182 62433 1.16134
12 133851895 2076 0.0332516 62433 0.769714
13 115169878 3341 0.0535134 62433 1.44241
14 107349540 713 0.0114202 62433 0.330065
15 102531392 1061 0.0169942 62433 0.51342
16 90354753 300 0.00480515 62433 0.165125
17 81195210 460 0.0073679 62433 0.281217
18 78077248 2095 0.033556 62433 1.33159
19 59128983 561 0.00898563 62433 0.470452
20 63025520 500 0.00800859 62433 0.394512
21 48129895 480 0.00768824 62433 0.496016
22 51304566 159 0.00254673 62433 0.154347
X 155270560 2536 0.0406195 62433 0.810769
Y 59373566 37 0.000592635 62433 0.031028
