1 249250621 11108 0.0971625 114324 1.20849
2 243199373 9915 0.0867272 114324 1.10621
3 198022430 8873 0.0776127 114324 1.2165
4 191154276 8718 0.076257 114324 1.23794
5 180915260 5639 0.0493247 114324 0.84605
6 171115067 6279 0.0549229 114324 0.994979
7 159138663 5512 0.0482138 114324 0.939841
8 146364022 5138 0.0449424 114324 0.95217
9 141213431 3145 0.0275095 114324 0.604605
10 135534747 5603 0.0490098 114324 1.12151
11 135006516 3736 0.0326791 114324 0.751243
12 133851895 6073 0.053121 114324 1.22965
13 115169878 6423 0.0561824 114324 1.51435
14 107349540 2484 0.0217277 114324 0.627969
15 102531392 2362 0.0206606 114324 0.624187
16 90354753 1831 0.0160159 114324 0.550374
17 81195210 1268 0.0110913 114324 0.423331
18 78077248 3919 0.0342798 114324 1.36031
19 59128983 721 0.00630664 114324 0.33019
20 63025520 1022 0.00893951 114324 0.44037
21 48129895 1848 0.0161646 114324 1.04288
22 51304566 723 0.00632413 114324 0.383281
X 155270560 6734 0.0589028 114324 1.1757
Y 59373566 61 0.000533571 114324 0.0279357
