1 249250621 4469 0.0943046 47389 1.17294
2 243199373 4973 0.10494 47389 1.33852
3 198022430 3987 0.0841334 47389 1.31871
4 191154276 4181 0.0882272 47389 1.43226
5 180915260 2755 0.0581359 47389 0.997184
6 171115067 3013 0.0635802 47389 1.15181
7 159138663 2320 0.0489565 47389 0.954318
8 146364022 1521 0.0320961 47389 0.680001
9 141213431 1810 0.0381945 47389 0.83944
10 135534747 1832 0.0386588 47389 0.88464
11 135006516 1392 0.0293739 47389 0.675262
12 133851895 1477 0.0311676 47389 0.721472
13 115169878 2507 0.0529026 47389 1.42595
14 107349540 1248 0.0263352 47389 0.761134
15 102531392 807 0.0170293 47389 0.514479
16 90354753 1031 0.0217561 47389 0.747632
17 81195210 422 0.00890502 47389 0.339886
18 78077248 1038 0.0219038 47389 0.869199
19 59128983 224 0.00472684 47389 0.247478
20 63025520 461 0.009728 47389 0.479212
21 48129895 388 0.00818755 47389 0.528229
22 51304566 95 0.00200468 47389 0.121496
X 155270560 2747 0.057967 47389 1.15703
Y 59373566 32 0.000675262 47389 0.035354
