1 249250621 3019 0.0659588 45771 0.820383
2 243199373 3000 0.0655437 45771 0.836016
3 198022430 1983 0.0433244 45771 0.679065
4 191154276 1823 0.0398287 45771 0.64657
5 180915260 2557 0.0558651 45771 0.958234
6 171115067 2613 0.0570885 45771 1.03421
7 159138663 1846 0.0403312 45771 0.786184
8 146364022 702 0.0153372 45771 0.324941
9 141213431 1227 0.0268074 45771 0.589173
10 135534747 1014 0.0221538 45771 0.506951
11 135006516 998 0.0218042 45771 0.501246
12 133851895 1355 0.0296039 45771 0.685275
13 115169878 1777 0.0388237 45771 1.04646
14 107349540 1025 0.0223941 45771 0.647228
15 102531392 295 0.00644513 45771 0.194717
16 90354753 601 0.0131306 45771 0.451223
17 81195210 290 0.00633589 45771 0.241828
18 78077248 692 0.0151187 45771 0.59995
19 59128983 127 0.00277468 45771 0.145271
20 63025520 255 0.00557121 45771 0.274444
21 48129895 571 0.0124751 45771 0.804848
22 51304566 77 0.00168229 45771 0.101957
X 155270560 1680 0.0367045 45771 0.732624
Y 59373566 23 0.000502502 45771 0.026309
