1 249250621 1950 0.0502992 38768 0.625612
2 243199373 3517 0.0907191 38768 1.15713
3 198022430 53 0.00136711 38768 0.021428
4 191154276 52 0.00134131 38768 0.0217746
5 180915260 2581 0.0665755 38768 1.14195
6 171115067 828 0.0213578 38768 0.386917
7 159138663 1710 0.0441085 38768 0.859816
8 146364022 22 0.000567478 38768 0.0120228
9 141213431 1289 0.0332491 38768 0.730749
10 135534747 2034 0.052466 38768 1.20059
11 135006516 20 0.000515889 38768 0.0118595
12 133851895 14 0.000361123 38768 0.00835932
13 115169878 19 0.000490095 38768 0.0132101
14 107349540 20 0.000515889 38768 0.0149101
15 102531392 675 0.0174113 38768 0.52602
16 90354753 12 0.000309534 38768 0.0106369
17 81195210 341 0.00879591 38768 0.335722
18 78077248 19 0.000490095 38768 0.0194482
19 59128983 10 0.000257945 38768 0.013505
20 63025520 32 0.000825423 38768 0.0406612
21 48129895 944 0.02435 38768 1.57097
22 51304566 2 5.15889e-05 38768 0.0031266
X 155270560 38 0.00098019 38768 0.0195647
Y 59373566 5 0.000128972 38768 0.00675248
