1 249250621 14913 0.12629 118085 1.57078
2 243199373 11137 0.0943134 118085 1.20298
3 198022430 5514 0.0466952 118085 0.731899
4 191154276 10270 0.0869712 118085 1.41187
5 180915260 9818 0.0831435 118085 1.42613
6 171115067 6883 0.0582885 118085 1.05595
7 159138663 5179 0.0438582 118085 0.854936
8 146364022 6426 0.0544184 118085 1.15293
9 141213431 3566 0.0301986 118085 0.663705
10 135534747 3555 0.0301054 118085 0.688911
11 135006516 3634 0.0307744 118085 0.707458
12 133851895 7522 0.0636999 118085 1.47453
13 115169878 3853 0.032629 118085 0.879489
14 107349540 3031 0.025668 118085 0.741848
15 102531392 2984 0.0252699 118085 0.763442
16 90354753 2141 0.018131 118085 0.623059
17 81195210 1711 0.0144896 118085 0.553037
18 78077248 1428 0.012093 118085 0.47988
19 59128983 1173 0.00993352 118085 0.52008
20 63025520 1056 0.00894271 118085 0.440528
21 48129895 1916 0.0162256 118085 1.04681
22 51304566 709 0.00600415 118085 0.363888
X 155270560 4764 0.0403438 118085 0.805266
Y 59373566 47 0.000398018 118085 0.0208387
