1 249250621 3223 0.0809718 39804 1.00711
2 243199373 4195 0.105391 39804 1.34428
3 198022430 3317 0.0833333 39804 1.30617
4 191154276 2527 0.0634861 39804 1.03062
5 180915260 2667 0.0670033 39804 1.14929
6 171115067 2605 0.0654457 39804 1.18561
7 159138663 2102 0.0528088 39804 1.02941
8 146364022 2385 0.0599186 39804 1.26946
9 141213431 2109 0.0529846 39804 1.1645
10 135534747 1531 0.0384635 39804 0.880171
11 135006516 1227 0.030826 39804 0.708645
12 133851895 1676 0.0421063 39804 0.974683
13 115169878 1719 0.0431866 39804 1.16406
14 107349540 999 0.025098 39804 0.725375
15 102531392 725 0.0182142 39804 0.550279
16 90354753 341 0.00856698 39804 0.294398
17 81195210 379 0.00952166 39804 0.363422
18 78077248 1048 0.026329 39804 1.0448
19 59128983 395 0.00992363 39804 0.519562
20 63025520 216 0.00542659 39804 0.26732
21 48129895 393 0.00987338 39804 0.636992
22 51304566 86 0.00216059 39804 0.130945
X 155270560 2131 0.0535373 39804 1.06861
Y 59373566 19 0.000477339 39804 0.0249916
