1 249250621 18 0.000544382 33065 0.00677092
2 243199373 25 0.000756086 33065 0.00964396
3 198022430 29 0.00087706 33065 0.013747
4 191154276 22 0.000665356 33065 0.0108012
5 180915260 22 0.000665356 33065 0.0114126
6 171115067 29 0.00087706 33065 0.0158888
7 159138663 30 0.000907304 33065 0.0176862
8 146364022 24 0.000725843 33065 0.015378
9 141213431 9 0.000272191 33065 0.00598222
10 135534747 11 0.000332678 33065 0.00761277
11 135006516 12 0.000362922 33065 0.00834302
12 133851895 23 0.0006956 33065 0.0161018
13 115169878 16 0.000483895 33065 0.013043
14 107349540 3 9.07304e-05 33065 0.00262227
15 102531392 3 9.07304e-05 33065 0.0027411
16 90354753 6 0.000181461 33065 0.00623576
17 81195210 3 9.07304e-05 33065 0.00346299
18 78077248 5 0.000151217 33065 0.00600069
19 59128983 7 0.000211704 33065 0.011084
20 63025520 23 0.0006956 33065 0.034266
21 48129895 5 0.000151217 33065 0.00975595
22 51304566 5 0.000151217 33065 0.00916468
X 155270560 28 0.000846817 33065 0.0169025
Y 59373566 0 0 33065 0
