1 249250621 33 0.00110158 29957 0.0137012
2 243199373 43 0.00143539 29957 0.0183086
3 198022430 19 0.000634242 29957 0.0099411
4 191154276 33 0.00110158 29957 0.0178828
5 180915260 13 0.000433955 29957 0.00744349
6 171115067 23 0.000767767 29957 0.0139088
7 159138663 25 0.000834529 29957 0.0162676
8 146364022 20 0.000667624 29957 0.0141446
9 141213431 11 0.000367193 29957 0.00807018
10 135534747 12 0.000400574 29957 0.00916646
11 135006516 6 0.000200287 29957 0.0046043
12 133851895 17 0.00056748 29957 0.0131361
13 115169878 15 0.000500718 29957 0.0134964
14 107349540 1 3.33812e-05 29957 0.000964774
15 102531392 9 0.000300431 29957 0.00907645
16 90354753 4 0.000133525 29957 0.00458848
17 81195210 1 3.33812e-05 29957 0.00127409
18 78077248 5 0.000166906 29957 0.00662325
19 59128983 1 3.33812e-05 29957 0.00174771
20 63025520 14 0.000467337 29957 0.0230215
21 48129895 4 0.000133525 29957 0.0086145
22 51304566 2 6.67624e-05 29957 0.0040462
X 155270560 20 0.000667624 29957 0.0133258
Y 59373566 2 6.67624e-05 29957 0.00349541
