1 249250621 21 0.000492426 42646 0.0061247
2 243199373 47 0.0011021 42646 0.0140574
3 198022430 35 0.00082071 42646 0.0128638
4 191154276 26 0.00060967 42646 0.00989725
5 180915260 26 0.00060967 42646 0.0104575
6 171115067 25 0.000586221 42646 0.01062
7 159138663 45 0.0010552 42646 0.0205692
8 146364022 12 0.000281386 42646 0.00596157
9 141213431 13 0.000304835 42646 0.00669967
10 135534747 16 0.000375182 42646 0.00858539
11 135006516 20 0.000468977 42646 0.0107811
12 133851895 15 0.000351733 42646 0.00814196
13 115169878 18 0.000422079 42646 0.0113768
14 107349540 10 0.000234489 42646 0.00677713
15 102531392 18 0.000422079 42646 0.0127516
16 90354753 9 0.00021104 42646 0.00725222
17 81195210 7 0.000164142 42646 0.00626496
18 78077248 2 4.68977e-05 42646 0.00186102
19 59128983 5 0.000117244 42646 0.00613844
20 63025520 36 0.000844159 42646 0.0415842
21 48129895 13 0.000304835 42646 0.0196668
22 51304566 2 4.68977e-05 42646 0.00284229
X 155270560 19 0.000445528 42646 0.00889278
Y 59373566 1 2.34489e-05 42646 0.00122769
