1 249250621 6998 0.0810554 86336 1.00815
2 243199373 9734 0.112746 86336 1.43808
3 198022430 5416 0.0627317 86336 0.983255
4 191154276 6229 0.0721484 86336 1.17124
5 180915260 5872 0.0680133 86336 1.16661
6 171115067 5947 0.068882 86336 1.24786
7 159138663 3246 0.0375973 86336 0.732891
8 146364022 4572 0.0529559 86336 1.12195
9 141213431 3897 0.0451376 86336 0.992035
10 135534747 3277 0.0379564 86336 0.868567
11 135006516 3208 0.0371572 86336 0.854187
12 133851895 2823 0.0326978 86336 0.756894
13 115169878 4121 0.0477321 86336 1.28658
14 107349540 1080 0.0125093 86336 0.361539
15 102531392 1342 0.0155439 86336 0.469605
16 90354753 1185 0.0137254 86336 0.471665
17 81195210 1621 0.0187755 86336 0.716621
18 78077248 2332 0.0270107 86336 1.07186
19 59128983 739 0.00855958 86336 0.448146
20 63025520 1065 0.0123355 86336 0.607661
21 48129895 1171 0.0135633 86336 0.875051
22 51304566 381 0.00441299 86336 0.267454
X 155270560 5738 0.0664613 86336 1.32657
Y 59373566 68 0.00078762 86336 0.0412367
