1 249250621 2976 0.0650478 45751 0.809052
2 243199373 4211 0.0920417 45751 1.174
3 198022430 3754 0.0820529 45751 1.28609
4 191154276 4000 0.0874298 45751 1.41931
5 180915260 2973 0.0649822 45751 1.11462
6 171115067 2149 0.0469717 45751 0.850936
7 159138663 1824 0.039868 45751 0.777154
8 146364022 1947 0.0425564 45751 0.90162
9 141213431 1483 0.0324146 45751 0.712409
10 135534747 1516 0.0331359 45751 0.758258
11 135006516 2390 0.0522393 45751 1.2009
12 133851895 961 0.021005 45751 0.486227
13 115169878 2226 0.0486547 45751 1.31145
14 107349540 849 0.018557 45751 0.536329
15 102531392 569 0.0124369 45751 0.375737
16 90354753 1475 0.0322397 45751 1.10789
17 81195210 433 0.00946427 45751 0.361232
18 78077248 806 0.0176171 45751 0.699091
19 59128983 398 0.00869926 45751 0.455459
20 63025520 504 0.0110162 45751 0.542668
21 48129895 576 0.0125899 45751 0.812251
22 51304566 208 0.00454635 45751 0.275536
X 155270560 3061 0.0669056 45751 1.33544
Y 59373566 32 0.000699438 45751 0.0366198
