1 249250621 4747 0.0533149 89037 0.663121
2 243199373 8712 0.097847 89037 1.24805
3 198022430 4040 0.0453744 89037 0.711197
4 191154276 7908 0.088817 89037 1.44183
5 180915260 6063 0.0680953 89037 1.16802
6 171115067 2956 0.0331997 89037 0.601443
7 159138663 6922 0.077743 89037 1.51546
8 146364022 1970 0.0221256 89037 0.468763
9 141213431 2017 0.0226535 89037 0.497879
10 135534747 2653 0.0297966 89037 0.681844
11 135006516 3066 0.0344351 89037 0.791612
12 133851895 4375 0.0491369 89037 1.13743
13 115169878 10991 0.123443 89037 3.32731
14 107349540 1942 0.0218112 89037 0.63038
15 102531392 1086 0.0121972 89037 0.368495
16 90354753 1366 0.0153419 89037 0.527214
17 81195210 920 0.0103328 89037 0.394381
18 78077248 4559 0.0512034 89037 2.03188
19 59128983 801 0.00899626 89037 0.471008
20 63025520 1158 0.0130058 89037 0.640681
21 48129895 299 0.00335815 89037 0.216655
22 51304566 378 0.00424543 89037 0.257299
X 155270560 4090 0.045936 89037 0.916885
Y 59373566 81 0.000909734 89037 0.0476301
