1 249250621 9545 0.0801932 119025 0.997428
2 243199373 6901 0.0579794 119025 0.739533
3 198022430 13709 0.115177 119025 1.80529
4 191154276 12059 0.101315 119025 1.64472
5 180915260 4937 0.0414787 119025 0.71147
6 171115067 7831 0.0657929 119025 1.1919
7 159138663 5440 0.0457047 119025 0.89093
8 146364022 4870 0.0409158 119025 0.86686
9 141213431 6033 0.0506868 119025 1.114
10 135534747 6359 0.0534258 119025 1.22256
11 135006516 5997 0.0503844 119025 1.15826
12 133851895 5212 0.0437891 119025 1.01364
13 115169878 5240 0.0440244 119025 1.18664
14 107349540 3236 0.0271876 119025 0.785768
15 102531392 1125 0.0094518 119025 0.285553
16 90354753 2244 0.0188532 119025 0.647876
17 81195210 1305 0.0109641 119025 0.418476
18 78077248 2200 0.0184835 119025 0.733473
19 59128983 429 0.00360428 119025 0.188706
20 63025520 816 0.0068557 119025 0.337719
21 48129895 1748 0.014686 119025 0.947483
22 51304566 763 0.00641042 119025 0.38851
X 155270560 5361 0.045041 119025 0.899021
Y 59373566 57 0.000478891 119025 0.0250728
