1 249250621 5938 0.0915002 64896 1.13806
2 243199373 6190 0.0953834 64896 1.21662
3 198022430 4486 0.069126 64896 1.08348
4 191154276 5324 0.082039 64896 1.3318
5 180915260 4550 0.0701122 64896 1.20261
6 171115067 4018 0.0619144 64896 1.12164
7 159138663 3950 0.0608666 64896 1.18648
8 146364022 2786 0.0429302 64896 0.909539
9 141213431 2392 0.036859 64896 0.810087
10 135534747 1142 0.0175974 64896 0.402686
11 135006516 2226 0.034301 64896 0.78853
12 133851895 2990 0.0460737 64896 1.06652
13 115169878 3748 0.0577539 64896 1.55671
14 107349540 1144 0.0176282 64896 0.509486
15 102531392 1302 0.0200629 64896 0.606129
16 90354753 1268 0.019539 64896 0.671442
17 81195210 981 0.0151165 64896 0.576965
18 78077248 1951 0.0300635 64896 1.193
19 59128983 448 0.00690335 64896 0.361432
20 63025520 612 0.00943047 64896 0.464555
21 48129895 530 0.00816691 64896 0.526898
22 51304566 305 0.00469983 64896 0.284838
X 155270560 2868 0.0441938 64896 0.882112
Y 59373566 47 0.000724236 64896 0.0379181
