1 249250621 4845 0.0710067 68233 0.883168
2 243199373 6445 0.0944558 68233 1.20479
3 198022430 4675 0.0685152 68233 1.07391
4 191154276 5423 0.0794777 68233 1.29022
5 180915260 4941 0.0724136 68233 1.24209
6 171115067 4653 0.0681928 68233 1.23538
7 159138663 3562 0.0522035 68233 1.01761
8 146364022 3844 0.0563364 68233 1.19357
9 141213431 2360 0.0345874 68233 0.760162
10 135534747 2225 0.0326089 68233 0.746198
11 135006516 2186 0.0320373 68233 0.736489
12 133851895 2203 0.0322864 68233 0.747371
13 115169878 5545 0.0812657 68233 2.19045
14 107349540 2010 0.0294579 68233 0.851384
15 102531392 936 0.0137177 68233 0.414432
16 90354753 687 0.0100684 68233 0.345995
17 81195210 440 0.00644849 68233 0.246126
18 78077248 2322 0.0340305 68233 1.35041
19 59128983 949 0.0139082 68233 0.728179
20 63025520 356 0.00521742 68233 0.257016
21 48129895 540 0.00791406 68233 0.510584
22 51304566 250 0.00366392 68233 0.222056
X 155270560 3453 0.050606 68233 1.0101
Y 59373566 44 0.000644849 68233 0.0337617
