1 249250621 49 0.000891039 54992 0.0110826
2 243199373 68 0.00123654 54992 0.0157722
3 198022430 51 0.000927408 54992 0.0145362
4 191154276 29 0.000527349 54992 0.00856087
5 180915260 31 0.000563718 54992 0.00966927
6 171115067 45 0.000818301 54992 0.0148243
7 159138663 46 0.000836485 54992 0.0163058
8 146364022 30 0.000545534 54992 0.0115579
9 141213431 25 0.000454612 54992 0.00999146
10 135534747 17 0.000309136 54992 0.00707405
11 135006516 22 0.000400058 54992 0.00919674
12 133851895 22 0.000400058 54992 0.00926061
13 115169878 35 0.000636456 54992 0.0171552
14 107349540 9 0.00016366 54992 0.00473006
15 102531392 15 0.000272767 54992 0.00824069
16 90354753 15 0.000272767 54992 0.00937343
17 81195210 14 0.000254582 54992 0.00971689
18 78077248 21 0.000381874 54992 0.0151537
19 59128983 5 9.09223e-05 54992 0.00476033
20 63025520 44 0.000800116 54992 0.0394146
21 48129895 6 0.000109107 54992 0.00703915
22 51304566 4 7.27379e-05 54992 0.00440835
X 155270560 25 0.000454612 54992 0.00907408
Y 59373566 4 7.27379e-05 54992 0.00380826
