1 249250621 34 0.00102062 33313 0.0126943
2 243199373 38 0.0011407 33313 0.0145497
3 198022430 26 0.000780476 33313 0.0122332
4 191154276 23 0.000690421 33313 0.0112081
5 180915260 22 0.000660403 33313 0.0113277
6 171115067 16 0.000480293 33313 0.00870096
7 159138663 26 0.000780476 33313 0.015214
8 146364022 11 0.000330201 33313 0.00699579
9 141213431 8 0.000240146 33313 0.00527794
10 135534747 8 0.000240146 33313 0.00549534
11 135006516 14 0.000420256 33313 0.00966107
12 133851895 16 0.000480293 33313 0.0111179
13 115169878 22 0.000660403 33313 0.0178006
14 107349540 4 0.000120073 33313 0.00347032
15 102531392 12 0.00036022 33313 0.0108828
16 90354753 7 0.000210128 33313 0.0072209
17 81195210 6 0.00018011 33313 0.00687442
18 78077248 4 0.000120073 33313 0.00476481
19 59128983 2 6.00366e-05 33313 0.00314328
20 63025520 30 0.000900549 33313 0.044362
21 48129895 8 0.000240146 33313 0.0154933
22 51304566 2 6.00366e-05 33313 0.00363858
X 155270560 15 0.000450275 33313 0.00898752
Y 59373566 0 0 33313 0
