1 249250621 7 0.000443684 15777 0.00551846
2 243199373 17 0.00107752 15777 0.0137439
3 198022430 3 0.00019015 15777 0.00298041
4 191154276 16 0.00101413 15777 0.0164632
5 180915260 12 0.000760601 15777 0.0130463
6 171115067 6 0.0003803 15777 0.0068895
7 159138663 11 0.000697217 15777 0.013591
8 146364022 17 0.00107752 15777 0.0228288
9 141213431 5 0.000316917 15777 0.00696521
10 135534747 15 0.000950751 15777 0.0217563
11 135006516 1 6.33834e-05 15777 0.00145709
12 133851895 2 0.000126767 15777 0.00293442
13 115169878 8 0.000507067 15777 0.0136676
14 107349540 2 0.000126767 15777 0.00366378
15 102531392 8 0.000507067 15777 0.0153193
16 90354753 4 0.000253534 15777 0.0087125
17 81195210 4 0.000253534 15777 0.00967686
18 78077248 5 0.000316917 15777 0.0125761
19 59128983 3 0.00019015 15777 0.00995551
20 63025520 7 0.000443684 15777 0.0218563
21 48129895 1 6.33834e-05 15777 0.00408925
22 51304566 2 0.000126767 15777 0.00768284
X 155270560 2 0.000126767 15777 0.00253028
Y 59373566 0 0 15777 0
