1 249250621 9705 0.0836609 116004 1.04056
2 243199373 9719 0.0837816 116004 1.06864
3 198022430 8272 0.0713079 116004 1.11768
4 191154276 7852 0.0676873 116004 1.09882
5 180915260 8907 0.0767818 116004 1.31701
6 171115067 6532 0.0563084 116004 1.02008
7 159138663 6867 0.0591962 116004 1.15392
8 146364022 6249 0.0538688 116004 1.14129
9 141213431 3629 0.0312834 116004 0.687547
10 135534747 4951 0.0426796 116004 0.976649
11 135006516 6183 0.0532999 116004 1.22528
12 133851895 5960 0.0513775 116004 1.18929
13 115169878 5287 0.045576 116004 1.22846
14 107349540 4445 0.0383176 116004 1.10745
15 102531392 1865 0.016077 116004 0.485711
16 90354753 1139 0.00981863 116004 0.33741
17 81195210 834 0.00718941 116004 0.274405
18 78077248 1708 0.0147236 116004 0.584271
19 59128983 579 0.00499121 116004 0.26132
20 63025520 757 0.00652564 116004 0.32146
21 48129895 852 0.00734457 116004 0.473844
22 51304566 730 0.00629289 116004 0.381387
X 155270560 7412 0.0638943 116004 1.27534
Y 59373566 82 0.000706872 116004 0.037009
