1 249250621 5458 0.0813777 67070 1.01216
2 243199373 5920 0.088266 67070 1.12584
3 198022430 5012 0.0747279 67070 1.17128
4 191154276 4818 0.0718354 67070 1.16616
5 180915260 4235 0.063143 67070 1.08307
6 171115067 4141 0.0617415 67070 1.1185
7 159138663 4255 0.0634412 67070 1.23667
8 146364022 3397 0.0506486 67070 1.07306
9 141213431 2315 0.0345162 67070 0.758597
10 135534747 2760 0.041151 67070 0.941671
11 135006516 2983 0.0444759 67070 1.02243
12 133851895 2386 0.0355748 67070 0.82349
13 115169878 2824 0.0421053 67070 1.13491
14 107349540 1418 0.0211421 67070 0.611043
15 102531392 1232 0.0183689 67070 0.554951
16 90354753 1421 0.0211868 67070 0.728069
17 81195210 832 0.012405 67070 0.473471
18 78077248 1721 0.0256598 67070 1.01824
19 59128983 623 0.0092888 67070 0.486325
20 63025520 500 0.0074549 67070 0.367236
21 48129895 537 0.00800656 67070 0.516552
22 51304566 272 0.00405546 67070 0.245786
X 155270560 4622 0.0689131 67070 1.37551
Y 59373566 39 0.000581482 67070 0.0304441
