1 249250621 5889 0.0874595 67334 1.08781
2 243199373 5885 0.0874001 67334 1.1148
3 198022430 3949 0.0586479 67334 0.919247
4 191154276 5280 0.0784151 67334 1.27297
5 180915260 2075 0.0308165 67334 0.528585
6 171115067 5054 0.0750587 67334 1.35976
7 159138663 3566 0.0529599 67334 1.03236
8 146364022 2323 0.0344997 67334 0.730925
9 141213431 2791 0.0414501 67334 0.910991
10 135534747 3068 0.0455639 67334 1.04265
11 135006516 3384 0.0502569 67334 1.15533
12 133851895 3187 0.0473312 67334 1.09563
13 115169878 3243 0.0481629 67334 1.29819
14 107349540 1286 0.0190988 67334 0.551989
15 102531392 730 0.0108415 67334 0.327537
16 90354753 1339 0.0198859 67334 0.683366
17 81195210 567 0.00842071 67334 0.321401
18 78077248 1721 0.0255592 67334 1.01425
19 59128983 370 0.005495 67334 0.287696
20 63025520 472 0.00700983 67334 0.345312
21 48129895 748 0.0111088 67334 0.716697
22 51304566 231 0.00343066 67334 0.207919
X 155270560 3489 0.0518163 67334 1.03426
Y 59373566 52 0.00077227 67334 0.040433
