1 249250621 16775 0.0904698 185421 1.12525
2 243199373 17990 0.0970225 185421 1.23753
3 198022430 13102 0.0706608 185421 1.10754
4 191154276 16367 0.0882694 185421 1.43294
5 180915260 11424 0.0616111 185421 1.05679
6 171115067 13882 0.0748675 185421 1.35629
7 159138663 9542 0.0514613 185421 1.00314
8 146364022 7431 0.0400764 185421 0.849076
9 141213431 7207 0.0388683 185421 0.854248
10 135534747 7331 0.0395371 185421 0.904738
11 135006516 5691 0.0306923 185421 0.70557
12 133851895 7567 0.0408098 185421 0.944672
13 115169878 7129 0.0384476 185421 1.03632
14 107349540 5272 0.0284326 185421 0.821751
15 102531392 2994 0.016147 185421 0.487826
16 90354753 2433 0.0131215 185421 0.45091
17 81195210 2711 0.0146208 185421 0.558045
18 78077248 4519 0.0243716 185421 0.967126
19 59128983 1910 0.0103009 185421 0.539313
20 63025520 1561 0.00841868 185421 0.414713
21 48129895 1952 0.0105274 185421 0.679187
22 51304566 662 0.00357025 185421 0.216379
X 155270560 9429 0.0508518 185421 1.01501
Y 59373566 117 0.000630996 185421 0.0330365
