1 249250621 4599 0.083142 55315 1.0341
2 243199373 5274 0.0953448 55315 1.21613
3 198022430 4464 0.0807014 55315 1.26491
4 191154276 4303 0.0777908 55315 1.26284
5 180915260 4568 0.0825816 55315 1.41649
6 171115067 3131 0.0566031 55315 1.02542
7 159138663 2944 0.0532225 55315 1.03747
8 146364022 2861 0.051722 55315 1.0958
9 141213431 1574 0.0284552 55315 0.625389
10 135534747 1339 0.0242068 55315 0.553932
11 135006516 2523 0.0456115 55315 1.04854
12 133851895 2669 0.0482509 55315 1.11692
13 115169878 3189 0.0576516 55315 1.55395
14 107349540 1225 0.0221459 55315 0.640055
15 102531392 787 0.0142276 55315 0.429837
16 90354753 999 0.0180602 55315 0.620625
17 81195210 400 0.00723131 55315 0.276004
18 78077248 1601 0.0289433 55315 1.14854
19 59128983 355 0.00641779 55315 0.33601
20 63025520 285 0.00515231 55315 0.253808
21 48129895 533 0.00963572 55315 0.62166
22 51304566 269 0.00486306 55315 0.294731
X 155270560 2411 0.0435867 55315 0.869995
Y 59373566 33 0.000596583 55315 0.0312347
