1 249250621 919 0.057531 15974 0.71556
2 243199373 998 0.0624765 15974 0.796894
3 198022430 969 0.0606611 15974 0.950801
4 191154276 1161 0.0726806 15974 1.17988
5 180915260 934 0.05847 15974 1.00292
6 171115067 987 0.0617879 15974 1.11935
7 159138663 1019 0.0637912 15974 1.24349
8 146364022 821 0.051396 15974 1.0889
9 141213431 471 0.0294854 15974 0.648031
10 135534747 425 0.0266057 15974 0.608827
11 135006516 715 0.0447602 15974 1.02897
12 133851895 628 0.0393139 15974 0.910044
13 115169878 1137 0.0711782 15974 1.91855
14 107349540 211 0.013209 15974 0.381762
15 102531392 207 0.0129586 15974 0.391497
16 90354753 151 0.00945286 15974 0.324841
17 81195210 80 0.00500814 15974 0.19115
18 78077248 345 0.0215976 15974 0.857047
19 59128983 64 0.00400651 15974 0.209765
20 63025520 105 0.00657318 15974 0.323802
21 48129895 376 0.0235382 15974 1.5186
22 51304566 35 0.00219106 15974 0.132792
X 155270560 1060 0.0663578 15974 1.32451
Y 59373566 10 0.000626017 15974 0.0327758
