1 249250621 956 0.105113 9095 1.30737
2 243199373 723 0.0794942 9095 1.01396
3 198022430 715 0.0786146 9095 1.2322
4 191154276 736 0.0809236 9095 1.31369
5 180915260 687 0.075536 9095 1.29564
6 171115067 624 0.0686091 9095 1.24292
7 159138663 486 0.053436 9095 1.04164
8 146364022 372 0.0409016 9095 0.866559
9 141213431 203 0.02232 9095 0.490548
10 135534747 347 0.0381528 9095 0.873062
11 135006516 242 0.026608 9095 0.611679
12 133851895 369 0.0405717 9095 0.939161
13 115169878 395 0.0434305 9095 1.17063
14 107349540 179 0.0196811 9095 0.568819
15 102531392 136 0.0149533 9095 0.45176
16 90354753 114 0.0125344 9095 0.430734
17 81195210 104 0.0114349 9095 0.436445
18 78077248 194 0.0213304 9095 0.846444
19 59128983 71 0.00780649 9095 0.408717
20 63025520 51 0.00560748 9095 0.27623
21 48129895 131 0.0144035 9095 0.929259
22 51304566 60 0.00659703 9095 0.39982
X 155270560 448 0.0492578 9095 0.98319
Y 59373566 8 0.000879604 9095 0.0460526
