1 249250621 25 0.000590319 42350 0.00734227
2 243199373 28 0.000661157 42350 0.00843313
3 198022430 24 0.000566706 42350 0.00888254
4 191154276 23 0.000543093 42350 0.00881645
5 180915260 27 0.000637544 42350 0.0109356
6 171115067 25 0.000590319 42350 0.0106942
7 159138663 17 0.000401417 42350 0.00782489
8 146364022 18 0.00042503 42350 0.00900486
9 141213431 13 0.000306966 42350 0.0067465
10 135534747 11 0.00025974 42350 0.00594371
11 135006516 20 0.000472255 42350 0.0108564
12 133851895 18 0.00042503 42350 0.00983865
13 115169878 23 0.000543093 42350 0.0146386
14 107349540 18 0.00042503 42350 0.0122841
15 102531392 7 0.000165289 42350 0.00499363
16 90354753 13 0.000306966 42350 0.0105487
17 81195210 2 4.72255e-05 42350 0.0018025
18 78077248 9 0.000212515 42350 0.00843313
19 59128983 2 4.72255e-05 42350 0.00247254
20 63025520 9 0.000212515 42350 0.0104687
21 48129895 8 0.000188902 42350 0.0121872
22 51304566 0 0 42350 0
X 155270560 32 0.000755608 42350 0.015082
Y 59373566 0 0 42350 0
