1 249250621 20021 0.104096 192332 1.29473
2 243199373 15911 0.0827267 192332 1.05519
3 198022430 14995 0.0779641 192332 1.22201
4 191154276 16071 0.0835586 192332 1.35647
5 180915260 12713 0.0660992 192332 1.13378
6 171115067 12653 0.0657873 192332 1.1918
7 159138663 9820 0.0510575 192332 0.995274
8 146364022 8706 0.0452655 192332 0.959014
9 141213431 5832 0.0303226 192332 0.66643
10 135534747 6717 0.034924 192332 0.799176
11 135006516 6614 0.0343885 192332 0.790539
12 133851895 7409 0.0385219 192332 0.891711
13 115169878 7407 0.0385115 192332 1.03805
14 107349540 5493 0.02856 192332 0.825433
15 102531392 4068 0.0211509 192332 0.639001
16 90354753 3912 0.0203398 192332 0.698963
17 81195210 2825 0.0146881 192332 0.560616
18 78077248 3549 0.0184525 192332 0.732241
19 59128983 1790 0.00930682 192332 0.487268
20 63025520 1431 0.00744026 192332 0.366515
21 48129895 1793 0.00932242 192332 0.601447
22 51304566 1167 0.00606763 192332 0.367735
X 155270560 13423 0.0697908 192332 1.39303
Y 59373566 136 0.000707111 192332 0.0370215
