1 249250621 10586 0.0770199 137445 0.957959
2 243199373 16828 0.122434 137445 1.56166
3 198022430 4926 0.0358398 137445 0.561752
4 191154276 15607 0.113551 137445 1.84336
5 180915260 7944 0.0577977 137445 0.991384
6 171115067 9366 0.0681436 137445 1.23449
7 159138663 5337 0.0388301 137445 0.756922
8 146364022 7676 0.0558478 137445 1.18322
9 141213431 4369 0.0317873 137445 0.698621
10 135534747 4065 0.0295755 137445 0.676784
11 135006516 4016 0.029219 137445 0.6717
12 133851895 5187 0.0377387 137445 0.873582
13 115169878 5606 0.0407872 137445 1.09939
14 107349540 4417 0.0321365 137445 0.9288
15 102531392 2365 0.0172069 137445 0.519845
16 90354753 2933 0.0213394 137445 0.733314
17 81195210 1958 0.0142457 137445 0.543729
18 78077248 2864 0.0208374 137445 0.826882
19 59128983 1695 0.0123322 137445 0.645665
20 63025520 1333 0.00969842 137445 0.477755
21 48129895 1385 0.0100768 137445 0.650113
22 51304566 953 0.00693368 137445 0.420223
X 155270560 9057 0.0658954 137445 1.31528
Y 59373566 92 0.000669359 137445 0.035045
