1 249250621 39 0.00129289 30165 0.0160807
2 243199373 34 0.00112713 30165 0.0143767
3 198022430 29 0.000961379 30165 0.0150686
4 191154276 28 0.000928228 30165 0.0150686
5 180915260 24 0.000795624 30165 0.0136471
6 171115067 14 0.000464114 30165 0.00840786
7 159138663 29 0.000961379 30165 0.0187403
8 146364022 28 0.000928228 30165 0.0196658
9 141213431 13 0.000430963 30165 0.00947172
10 135534747 16 0.000530416 30165 0.0121377
11 135006516 10 0.00033151 30165 0.00762092
12 133851895 19 0.000629869 30165 0.0145803
13 115169878 19 0.000629869 30165 0.0169776
14 107349540 10 0.00033151 30165 0.00958121
15 102531392 7 0.000232057 30165 0.00701079
16 90354753 9 0.000298359 30165 0.0102529
17 81195210 3 9.9453e-05 30165 0.00379592
18 78077248 9 0.000298359 30165 0.0118396
19 59128983 12 0.000397812 30165 0.0208279
20 63025520 14 0.000464114 30165 0.0228628
21 48129895 5 0.000165755 30165 0.0106939
22 51304566 0 0 30165 0
X 155270560 17 0.000563567 30165 0.0112488
Y 59373566 0 0 30165 0
