1 249250621 18 0.00124853 14417 0.0155289
2 243199373 22 0.00152598 14417 0.019464
3 198022430 9 0.000624263 14417 0.00978469
4 191154276 10 0.000693626 14417 0.0112602
5 180915260 13 0.000901713 14417 0.0154668
6 171115067 9 0.000624263 14417 0.0113091
7 159138663 8 0.0005549 14417 0.0108168
8 146364022 5 0.000346813 14417 0.00734773
9 141213431 13 0.000901713 14417 0.0198179
10 135534747 1 6.93626e-05 14417 0.00158724
11 135006516 4 0.00027745 14417 0.00637817
12 133851895 8 0.0005549 14417 0.0128449
13 115169878 5 0.000346813 14417 0.00934805
14 107349540 1 6.93626e-05 14417 0.0020047
15 102531392 3 0.000208088 14417 0.00628664
16 90354753 1 6.93626e-05 14417 0.00238359
17 81195210 2 0.000138725 14417 0.00529485
18 78077248 4 0.00027745 14417 0.0110099
19 59128983 4 0.00027745 14417 0.0145262
20 63025520 17 0.00117916 14417 0.0580869
21 48129895 0 0 14417 0
22 51304566 0 0 14417 0
X 155270560 13 0.000901713 14417 0.0179983
Y 59373566 0 0 14417 0
