1 249250621 15848 0.0906942 174741 1.12804
2 243199373 13414 0.076765 174741 0.979146
3 198022430 12826 0.0734001 174741 1.15047
4 191154276 12760 0.0730224 174741 1.18543
5 180915260 9564 0.0547324 174741 0.938807
6 171115067 10805 0.0618344 174741 1.12019
7 159138663 10095 0.0577712 174741 1.12614
8 146364022 7616 0.0435845 174741 0.923401
9 141213431 6234 0.0356757 174741 0.78408
10 135534747 5213 0.0298327 174741 0.682671
11 135006516 6441 0.0368603 174741 0.847362
12 133851895 6989 0.0399963 174741 0.925841
13 115169878 9728 0.055671 174741 1.50057
14 107349540 4246 0.0242988 174741 0.702278
15 102531392 2926 0.0167448 174741 0.505885
16 90354753 3583 0.0205046 174741 0.704627
17 81195210 2569 0.0147018 174741 0.561136
18 78077248 4913 0.0281159 174741 1.11571
19 59128983 1274 0.00729079 174741 0.381717
20 63025520 2487 0.0142325 174741 0.701108
21 48129895 1612 0.00922508 174741 0.595167
22 51304566 2032 0.0116286 174741 0.704766
X 155270560 11284 0.0645756 174741 1.28893
Y 59373566 135 0.000772572 174741 0.0404488
