1 249250621 18 0.000724871 24832 0.00901581
2 243199373 27 0.00108731 24832 0.0138687
3 198022430 21 0.000845683 24832 0.0132552
4 191154276 20 0.000805412 24832 0.0130749
5 180915260 25 0.00100677 24832 0.0172687
6 171115067 12 0.000483247 24832 0.00875448
7 159138663 28 0.00112758 24832 0.0219801
8 146364022 20 0.000805412 24832 0.0170638
9 141213431 6 0.000241624 24832 0.00531041
10 135534747 5 0.000201353 24832 0.00460762
11 135006516 6 0.000241624 24832 0.00555457
12 133851895 15 0.000604059 24832 0.0139829
13 115169878 12 0.000483247 24832 0.0130255
14 107349540 1 4.02706e-05 24832 0.00116389
15 102531392 8 0.000322165 24832 0.00973308
16 90354753 6 0.000241624 24832 0.00830322
17 81195210 5 0.000201353 24832 0.00768523
18 78077248 3 0.000120812 24832 0.00479412
19 59128983 4 0.000161082 24832 0.00843364
20 63025520 9 0.000362436 24832 0.017854
21 48129895 3 0.000120812 24832 0.00779431
22 51304566 4 0.000161082 24832 0.00976257
X 155270560 22 0.000885954 24832 0.0176837
Y 59373566 0 0 24832 0
