1 249250621 7091 0.0700719 101196 0.871542
2 243199373 9556 0.0944306 101196 1.20447
3 198022430 6134 0.060615 101196 0.950079
4 191154276 6716 0.0663663 101196 1.07737
5 180915260 7224 0.0713862 101196 1.22446
6 171115067 7432 0.0734416 101196 1.33046
7 159138663 7349 0.0726214 101196 1.41562
8 146364022 4906 0.0484802 101196 1.02712
9 141213431 3916 0.0386972 101196 0.850488
10 135534747 3932 0.0388553 101196 0.889137
11 135006516 4646 0.0459109 101196 1.05542
12 133851895 3166 0.0312858 101196 0.724209
13 115169878 6386 0.0631053 101196 1.70095
14 107349540 1833 0.0181134 101196 0.523508
15 102531392 2384 0.0235582 101196 0.711729
16 90354753 753 0.00744101 101196 0.255705
17 81195210 1577 0.0155836 101196 0.594795
18 78077248 2375 0.0234693 101196 0.931322
19 59128983 484 0.0047828 101196 0.250408
20 63025520 944 0.00932843 101196 0.459529
21 48129895 805 0.00795486 101196 0.513217
22 51304566 494 0.00488162 101196 0.295856
X 155270560 5677 0.0560991 101196 1.11974
Y 59373566 64 0.000632436 101196 0.0331118
