1 249250621 2078 0.110368 18828 1.37273
2 243199373 1631 0.0866263 18828 1.10493
3 198022430 1463 0.0777034 18828 1.21792
4 191154276 1337 0.0710113 18828 1.15278
5 180915260 1566 0.083174 18828 1.42666
6 171115067 1269 0.0673996 18828 1.22101
7 159138663 848 0.0450393 18828 0.877959
8 146364022 806 0.0428086 18828 0.906962
9 141213431 809 0.0429679 18828 0.94435
10 135534747 621 0.0329828 18828 0.754755
11 135006516 725 0.0385065 18828 0.885206
12 133851895 595 0.0316019 18828 0.731525
13 115169878 995 0.0528468 18828 1.42444
14 107349540 259 0.0137561 18828 0.397575
15 102531392 455 0.0241661 18828 0.730095
16 90354753 227 0.0120565 18828 0.414313
17 81195210 156 0.00828553 18828 0.316242
18 78077248 569 0.0302209 18828 1.19924
19 59128983 139 0.00738262 18828 0.386525
20 63025520 115 0.00610792 18828 0.300883
21 48129895 128 0.00679839 18828 0.438606
22 51304566 81 0.0043021 18828 0.260734
X 155270560 763 0.0405248 18828 0.808877
Y 59373566 6 0.000318674 18828 0.0166845
