1 249250621 2516 0.056486 44542 0.702562
2 243199373 4596 0.103184 44542 1.31612
3 198022430 3374 0.0757487 44542 1.18728
4 191154276 4348 0.0976157 44542 1.58467
5 180915260 2942 0.06605 44542 1.13293
6 171115067 2737 0.0614476 44542 1.11318
7 159138663 2784 0.0625028 44542 1.21838
8 146364022 1670 0.0374927 44542 0.794337
9 141213431 1986 0.0445871 44542 0.979937
10 135534747 1412 0.0317004 44542 0.72541
11 135006516 1263 0.0283553 44542 0.651845
12 133851895 829 0.0186116 44542 0.430825
13 115169878 2869 0.0644111 44542 1.73615
14 107349540 1171 0.0262898 44542 0.759821
15 102531392 373 0.00837412 44542 0.252995
16 90354753 812 0.01823 44542 0.62646
17 81195210 611 0.0137174 44542 0.523565
18 78077248 1115 0.0250326 44542 0.993355
19 59128983 358 0.00803736 44542 0.420804
20 63025520 546 0.0122581 44542 0.603847
21 48129895 301 0.00675767 44542 0.435979
22 51304566 212 0.00475955 44542 0.288458
X 155270560 3269 0.0733914 44542 1.4649
Y 59373566 33 0.000740874 44542 0.0387892
