1 249250621 6062 0.077546 78173 0.964502
2 243199373 6871 0.0878948 78173 1.12111
3 198022430 5229 0.0668901 78173 1.04843
4 191154276 5540 0.0708685 78173 1.15046
5 180915260 5894 0.0753969 78173 1.29326
6 171115067 5434 0.0695125 78173 1.25928
7 159138663 2803 0.0358564 78173 0.698955
8 146364022 4194 0.0536502 78173 1.13666
9 141213431 3006 0.0384532 78173 0.845125
10 135534747 2108 0.0269658 78173 0.617067
11 135006516 4110 0.0525757 78173 1.20864
12 133851895 3979 0.0508999 78173 1.17824
13 115169878 3282 0.0419838 78173 1.13164
14 107349540 2205 0.0282067 78173 0.815222
15 102531392 800 0.0102337 78173 0.309176
16 90354753 1823 0.0233201 78173 0.801377
17 81195210 1130 0.0144551 78173 0.551722
18 78077248 2098 0.0268379 78173 1.065
19 59128983 1009 0.0129073 78173 0.675773
20 63025520 205 0.00262239 78173 0.129182
21 48129895 962 0.012306 78173 0.793938
22 51304566 379 0.00484822 78173 0.293832
X 155270560 4507 0.0576542 78173 1.15078
Y 59373566 34 0.000434933 78173 0.0227713
