1 249250621 10793 0.0899372 120006 1.11862
2 243199373 9351 0.0779211 120006 0.993892
3 198022430 8124 0.0676966 120006 1.06108
4 191154276 9704 0.0808626 120006 1.3127
5 180915260 9794 0.0816126 120006 1.39987
6 171115067 8593 0.0716048 120006 1.29719
7 159138663 8383 0.0698548 120006 1.36169
8 146364022 3522 0.0293485 120006 0.621791
9 141213431 3043 0.0253571 120006 0.557298
10 135534747 3746 0.0312151 120006 0.714304
11 135006516 6118 0.0509808 120006 1.17197
12 133851895 6564 0.0546973 120006 1.26614
13 115169878 6957 0.0579721 120006 1.56259
14 107349540 1782 0.0148493 120006 0.429169
15 102531392 2311 0.0192574 120006 0.581794
16 90354753 1004 0.00836625 120006 0.2875
17 81195210 1077 0.00897455 120006 0.34254
18 78077248 1503 0.0125244 120006 0.496999
19 59128983 762 0.00634968 120006 0.332444
20 63025520 2008 0.0167325 120006 0.824261
21 48129895 1685 0.014041 120006 0.905869
22 51304566 273 0.00227489 120006 0.137872
X 155270560 6509 0.054239 120006 1.08261
Y 59373566 53 0.000441645 120006 0.0231228
