1 249250621 1894 0.0909877 20816 1.13169
2 243199373 1678 0.0806111 20816 1.0282
3 198022430 1669 0.0801787 20816 1.25672
4 191154276 1226 0.058897 20816 0.95612
5 180915260 1862 0.0894504 20816 1.53431
6 171115067 1561 0.0749904 20816 1.35852
7 159138663 873 0.0419389 20816 0.817522
8 146364022 880 0.0422752 20816 0.89566
9 141213431 342 0.0164297 20816 0.361092
10 135534747 934 0.0448693 20816 1.02676
11 135006516 899 0.0431879 20816 0.992826
12 133851895 734 0.0352613 20816 0.816235
13 115169878 1355 0.0650942 20816 1.75456
14 107349540 537 0.0257975 20816 0.745591
15 102531392 273 0.0131149 20816 0.396221
16 90354753 284 0.0136434 20816 0.468844
17 81195210 200 0.00960799 20816 0.366717
18 78077248 730 0.0350692 20816 1.39163
19 59128983 152 0.00730208 20816 0.382308
20 63025520 204 0.00980015 20816 0.482766
21 48129895 271 0.0130188 20816 0.839925
22 51304566 126 0.00605304 20816 0.366851
X 155270560 1100 0.052844 20816 1.05477
Y 59373566 11 0.00052844 20816 0.027667
