1 249250621 23 0.00103236 22279 0.0128403
2 243199373 21 0.000942592 22279 0.0120229
3 198022430 15 0.00067328 22279 0.010553
4 191154276 19 0.000852821 22279 0.0138445
5 180915260 14 0.000628394 22279 0.0107786
6 171115067 12 0.000538624 22279 0.00975768
7 159138663 23 0.00103236 22279 0.020124
8 146364022 7 0.000314197 22279 0.00665672
9 141213431 11 0.000493738 22279 0.0108514
10 135534747 4 0.000179541 22279 0.0041085
11 135006516 11 0.000493738 22279 0.0113503
12 133851895 12 0.000538624 22279 0.0124681
13 115169878 8 0.000359083 22279 0.00967877
14 107349540 0 0 22279 0
15 102531392 5 0.000224427 22279 0.00678026
16 90354753 9 0.000403968 22279 0.0138821
17 81195210 5 0.000224427 22279 0.0085659
18 78077248 3 0.000134656 22279 0.00534349
19 59128983 2 8.97706e-05 22279 0.00470003
20 63025520 10 0.000448853 22279 0.022111
21 48129895 3 0.000134656 22279 0.00868748
22 51304566 2 8.97706e-05 22279 0.00544064
X 155270560 6 0.000269312 22279 0.00537549
Y 59373566 1 4.48853e-05 22279 0.00235002
