1 249250621 10 0.000350533 28528 0.00435986
2 243199373 28 0.000981492 28528 0.012519
3 198022430 15 0.000525799 28528 0.00824137
4 191154276 14 0.000490746 28528 0.00796665
5 180915260 13 0.000455693 28528 0.00781634
6 171115067 8 0.000280426 28528 0.00508019
7 159138663 17 0.000595906 28528 0.0116161
8 146364022 13 0.000455693 28528 0.00965451
9 141213431 10 0.000350533 28528 0.00770402
10 135534747 5 0.000175266 28528 0.00401067
11 135006516 6 0.00021032 28528 0.00483494
12 133851895 3 0.00010516 28528 0.00243426
13 115169878 6 0.00021032 28528 0.00566899
14 107349540 3 0.00010516 28528 0.0030393
15 102531392 3 0.00010516 28528 0.00317703
16 90354753 7 0.000245373 28528 0.00843206
17 81195210 5 0.000175266 28528 0.00668956
18 78077248 2 7.01066e-05 28528 0.00278201
19 59128983 2 7.01066e-05 28528 0.0036705
20 63025520 9 0.00031548 28528 0.0155409
21 48129895 0 0 28528 0
22 51304566 1 3.50533e-05 28528 0.00212444
X 155270560 10 0.000350533 28528 0.00699666
Y 59373566 0 0 28528 0
