1 249250621 5652 0.084683 66743 1.05327
2 243199373 5766 0.0863911 66743 1.10193
3 198022430 5128 0.076832 66743 1.20426
4 191154276 5680 0.0851026 66743 1.38154
5 180915260 5042 0.0755435 66743 1.29577
6 171115067 4333 0.0649207 66743 1.1761
7 159138663 3361 0.0503573 66743 0.981625
8 146364022 3203 0.0479901 66743 1.01674
9 141213431 2646 0.0396446 66743 0.87131
10 135534747 1678 0.0251412 66743 0.575314
11 135006516 3096 0.0463869 66743 1.06637
12 133851895 2354 0.0352696 66743 0.816426
13 115169878 3414 0.0511514 66743 1.37874
14 107349540 1501 0.0224892 66743 0.649978
15 102531392 743 0.0111323 66743 0.336322
16 90354753 1202 0.0180094 66743 0.618879
17 81195210 711 0.0106528 66743 0.406596
18 78077248 1409 0.0211108 66743 0.837731
19 59128983 536 0.0080308 66743 0.420461
20 63025520 308 0.00461472 66743 0.227326
21 48129895 568 0.00851026 66743 0.549049
22 51304566 309 0.0046297 66743 0.280588
X 155270560 4035 0.0604558 66743 1.2067
Y 59373566 46 0.000689211 66743 0.0360843
