1 249250621 17 0.00205488 8273 0.0255582
2 243199373 13 0.00157138 8273 0.0200431
3 198022430 8 0.000967001 8273 0.0151568
4 191154276 5 0.000604376 8273 0.00981129
5 180915260 7 0.000846126 8273 0.0145133
6 171115067 4 0.000483501 8273 0.00875907
7 159138663 4 0.000483501 8273 0.00942496
8 146364022 2 0.00024175 8273 0.00512183
9 141213431 3 0.000362625 8273 0.00796979
10 135534747 5 0.000604376 8273 0.0138301
11 135006516 4 0.000483501 8273 0.011115
12 133851895 7 0.000846126 8273 0.0195862
13 115169878 6 0.000725251 8273 0.0195485
14 107349540 15 0.00181313 8273 0.0524025
15 102531392 4 0.000483501 8273 0.0146073
16 90354753 3 0.000362625 8273 0.0124614
17 81195210 0 0 8273 0
18 78077248 2 0.00024175 8273 0.00959326
19 59128983 0 0 8273 0
20 63025520 8 0.000967001 8273 0.0476355
21 48129895 0 0 8273 0
22 51304566 0 0 8273 0
X 155270560 3 0.000362625 8273 0.00723803
Y 59373566 0 0 8273 0
