1 249250621 7683 0.0913121 84140 1.13572
2 243199373 8056 0.0957452 84140 1.22124
3 198022430 5894 0.0700499 84140 1.09796
4 191154276 7054 0.0838365 84140 1.36098
5 180915260 5604 0.0666033 84140 1.14242
6 171115067 4042 0.048039 84140 0.870271
7 159138663 5136 0.0610411 84140 1.18989
8 146364022 4227 0.0502377 84140 1.06436
9 141213431 3596 0.0427383 84140 0.939303
10 135534747 2277 0.027062 84140 0.619269
11 135006516 3561 0.0423223 84140 0.972927
12 133851895 4133 0.0491205 84140 1.13705
13 115169878 4924 0.0585215 84140 1.5774
14 107349540 1740 0.0206798 84140 0.597683
15 102531392 1601 0.0190278 84140 0.574858
16 90354753 563 0.00669123 84140 0.229939
17 81195210 1154 0.0137152 84140 0.523482
18 78077248 1545 0.0183623 84140 0.728661
19 59128983 386 0.00458759 84140 0.240188
20 63025520 752 0.00893749 84140 0.44027
21 48129895 800 0.00950796 84140 0.613417
22 51304566 197 0.00234134 84140 0.141899
X 155270560 5206 0.0618731 84140 1.23499
Y 59373566 68 0.000808177 84140 0.0423129
