1 249250621 24 0.000753107 31868 0.009367
2 243199373 25 0.000784486 31868 0.0100062
3 198022430 35 0.00109828 31868 0.0172144
4 191154276 38 0.00119242 31868 0.0193574
5 180915260 19 0.000596209 31868 0.0102266
6 171115067 14 0.000439312 31868 0.00795855
7 159138663 32 0.00100414 31868 0.0195739
8 146364022 20 0.000627589 31868 0.0132964
9 141213431 10 0.000313794 31868 0.00689658
10 135534747 8 0.000251036 31868 0.00574452
11 135006516 12 0.000376553 31868 0.0086564
12 133851895 12 0.000376553 31868 0.00871651
13 115169878 17 0.00053345 31868 0.0143787
14 107349540 12 0.000376553 31868 0.010883
15 102531392 7 0.000219656 31868 0.00663614
16 90354753 8 0.000251036 31868 0.00862665
17 81195210 4 0.000125518 31868 0.00479075
18 78077248 10 0.000313794 31868 0.0124522
19 59128983 6 0.000188277 31868 0.00985742
20 63025520 36 0.00112966 31868 0.0556483
21 48129895 1 3.13794e-05 31868 0.00202448
22 51304566 0 0 31868 0
X 155270560 16 0.000502071 31868 0.0100214
Y 59373566 3 9.41383e-05 31868 0.00492871
