1 249250621 4465 0.105493 42325 1.3121
2 243199373 3711 0.0876787 42325 1.11835
3 198022430 2698 0.0637448 42325 0.999135
4 191154276 3767 0.0890018 42325 1.44483
5 180915260 2938 0.0694152 42325 1.19066
6 171115067 2869 0.067785 42325 1.22799
7 159138663 2621 0.0619256 42325 1.20713
8 146364022 2097 0.0495452 42325 1.04969
9 141213431 798 0.0188541 42325 0.414376
10 135534747 1313 0.0310219 42325 0.709882
11 135006516 1314 0.0310455 42325 0.713689
12 133851895 2551 0.0602717 42325 1.39518
13 115169878 1909 0.0451034 42325 1.21572
14 107349540 642 0.0151683 42325 0.438391
15 102531392 597 0.0141051 42325 0.426137
16 90354753 695 0.0164206 42325 0.56428
17 81195210 396 0.00935617 42325 0.357106
18 78077248 898 0.0212168 42325 0.841936
19 59128983 193 0.00455995 42325 0.238741
20 63025520 529 0.0124985 42325 0.615691
21 48129895 225 0.00531601 42325 0.342968
22 51304566 237 0.00559953 42325 0.339365
X 155270560 2504 0.0591613 42325 1.18086
Y 59373566 26 0.000614294 42325 0.032162
