1 249250621 2659 0.08502 31275 1.05746
2 243199373 2835 0.0906475 31275 1.15622
3 198022430 2248 0.0718785 31275 1.12662
4 191154276 2602 0.0831974 31275 1.35061
5 180915260 1870 0.0597922 31275 1.02559
6 171115067 1626 0.0519904 31275 0.941855
7 159138663 1810 0.0578737 31275 1.12814
8 146364022 1712 0.0547402 31275 1.15975
9 141213431 717 0.0229257 31275 0.503861
10 135534747 1167 0.0373141 31275 0.853871
11 135006516 949 0.0303437 31275 0.697557
12 133851895 1362 0.0435492 31275 1.00808
13 115169878 1484 0.04745 31275 1.27898
14 107349540 1180 0.0377298 31275 1.09046
15 102531392 677 0.0216467 31275 0.653978
16 90354753 564 0.0180336 31275 0.61971
17 81195210 370 0.0118305 31275 0.451547
18 78077248 663 0.021199 31275 0.841232
19 59128983 290 0.00927258 31275 0.485475
20 63025520 411 0.0131415 31275 0.647364
21 48129895 359 0.0114788 31275 0.740569
22 51304566 94 0.0030056 31275 0.182157
X 155270560 1969 0.0629576 31275 1.25664
Y 59373566 16 0.000511591 31275 0.0267849
