1 249250621 3834 0.0801371 47843 0.99673
2 243199373 4557 0.095249 47843 1.21491
3 198022430 3146 0.0657567 47843 1.03067
4 191154276 3915 0.0818302 47843 1.32841
5 180915260 2763 0.0577514 47843 0.99059
6 171115067 2433 0.0508538 47843 0.921265
7 159138663 2949 0.0616391 47843 1.20154
8 146364022 1595 0.0333382 47843 0.706318
9 141213431 1708 0.0357001 47843 0.784618
10 135534747 1803 0.0376858 47843 0.862374
11 135006516 2048 0.0428067 47843 0.984062
12 133851895 2605 0.0544489 47843 1.26039
13 115169878 2482 0.051878 47843 1.39833
14 107349540 1245 0.0260226 47843 0.752099
15 102531392 730 0.0152582 47843 0.460974
16 90354753 737 0.0154046 47843 0.529366
17 81195210 705 0.0147357 47843 0.562431
18 78077248 1066 0.0222812 47843 0.884175
19 59128983 518 0.0108271 47843 0.566863
20 63025520 745 0.0155718 47843 0.767082
21 48129895 479 0.0100119 47843 0.64593
22 51304566 200 0.00418034 47843 0.253354
X 155270560 3089 0.0645653 47843 1.28873
Y 59373566 34 0.000710658 47843 0.0372072
