1 249250621 5 0.000402739 12415 0.00500919
2 243199373 11 0.000886025 12415 0.0113013
3 198022430 3 0.000241643 12415 0.00378751
4 191154276 8 0.000644382 12415 0.0104607
5 180915260 23 0.0018526 12415 0.031777
6 171115067 7 0.000563834 12415 0.0102144
7 159138663 14 0.00112767 12415 0.0219818
8 146364022 10 0.000805477 12415 0.0170652
9 141213431 1 8.05477e-05 12415 0.00177028
10 135534747 5 0.000402739 12415 0.00921599
11 135006516 3 0.000241643 12415 0.00555502
12 133851895 2 0.000161095 12415 0.00372906
13 115169878 1 8.05477e-05 12415 0.0021711
14 107349540 1 8.05477e-05 12415 0.00232797
15 102531392 3 0.000241643 12415 0.0073004
16 90354753 0 0 12415 0
17 81195210 3 0.000241643 12415 0.00922302
18 78077248 3 0.000241643 12415 0.00958901
19 59128983 1 8.05477e-05 12415 0.00421716
20 63025520 8 0.000644382 12415 0.0317429
21 48129895 1 8.05477e-05 12415 0.00519663
22 51304566 0 0 12415 0
X 155270560 3 0.000241643 12415 0.00482322
Y 59373566 0 0 12415 0
