1 249250621 4958 0.0892353 55561 1.10989
2 243199373 4075 0.0733428 55561 0.935495
3 198022430 3932 0.0707691 55561 1.10923
4 191154276 4182 0.0752686 55561 1.22189
5 180915260 3981 0.071651 55561 1.229
6 171115067 4023 0.0724069 55561 1.31172
7 159138663 3552 0.0639297 55561 1.24619
8 146364022 3069 0.0552366 55561 1.17027
9 141213431 2397 0.0431418 55561 0.948171
10 135534747 1208 0.0217419 55561 0.497526
11 135006516 2751 0.0495131 55561 1.13823
12 133851895 1798 0.0323608 55561 0.749093
13 115169878 3050 0.0548946 55561 1.47964
14 107349540 1250 0.0224978 55561 0.650225
15 102531392 618 0.0111229 55561 0.33604
16 90354753 645 0.0116089 55561 0.39893
17 81195210 686 0.0123468 55561 0.471252
18 78077248 790 0.0142186 55561 0.56423
19 59128983 369 0.00664135 55561 0.347715
20 63025520 453 0.0081532 55561 0.401636
21 48129895 640 0.0115189 55561 0.743153
22 51304566 186 0.00334767 55561 0.202889
X 155270560 3943 0.070967 55561 1.41651
Y 59373566 34 0.00061194 55561 0.0320387
