1 249250621 5371 0.0935339 57423 1.16336
2 243199373 4699 0.0818313 57423 1.04377
3 198022430 3004 0.0523135 57423 0.819961
4 191154276 4625 0.0805426 57423 1.30751
5 180915260 4805 0.0836773 57423 1.43529
6 171115067 4179 0.0727757 57423 1.3184
7 159138663 3520 0.0612995 57423 1.19492
8 146364022 2716 0.0472981 57423 1.00208
9 141213431 1399 0.0243631 57423 0.535452
10 135534747 2080 0.0362224 57423 0.828888
11 135006516 1396 0.0243108 57423 0.558869
12 133851895 2181 0.0379813 57423 0.879197
13 115169878 2341 0.0407676 57423 1.09886
14 107349540 1626 0.0283162 57423 0.818387
15 102531392 984 0.017136 57423 0.517704
16 90354753 1349 0.0234923 57423 0.807297
17 81195210 548 0.00954321 57423 0.364245
18 78077248 779 0.013566 57423 0.538333
19 59128983 569 0.00990892 57423 0.518792
20 63025520 661 0.0115111 57423 0.567048
21 48129895 807 0.0140536 57423 0.906684
22 51304566 160 0.00278634 57423 0.168869
X 155270560 4246 0.0739425 57423 1.4759
Y 59373566 27 0.000470195 57423 0.0246175
