1 249250621 8143 0.0753772 108030 0.937527
2 243199373 9167 0.0848561 108030 1.08235
3 198022430 7503 0.0694529 108030 1.0886
4 191154276 7651 0.0708229 108030 1.14972
5 180915260 7390 0.0684069 108030 1.17336
6 171115067 6713 0.0621401 108030 1.12573
7 159138663 6154 0.0569657 108030 1.11044
8 146364022 3482 0.0322318 108030 0.682877
9 141213431 4658 0.0431177 108030 0.947641
10 135534747 4819 0.044608 108030 1.02078
11 135006516 3211 0.0297232 108030 0.683293
12 133851895 4789 0.0443303 108030 1.02616
13 115169878 5925 0.0548459 108030 1.47833
14 107349540 3332 0.0308433 108030 0.891424
15 102531392 1895 0.0175414 108030 0.529952
16 90354753 1693 0.0156716 108030 0.538542
17 81195210 1672 0.0154772 108030 0.590732
18 78077248 3114 0.0288253 108030 1.14386
19 59128983 1648 0.015255 108030 0.798692
20 63025520 1998 0.0184949 108030 0.911077
21 48129895 1238 0.0114598 108030 0.739341
22 51304566 638 0.00590577 108030 0.357925
X 155270560 6454 0.0597427 108030 1.19247
Y 59373566 80 0.000740535 108030 0.0387715
