1 249250621 2349 0.0417288 56292 0.519015
2 243199373 4375 0.0777197 56292 0.991323
3 198022430 2449 0.0435053 56292 0.681901
4 191154276 3795 0.0674163 56292 1.09442
5 180915260 1000 0.0177645 56292 0.304709
6 171115067 4229 0.0751261 56292 1.36098
7 159138663 3939 0.0699744 56292 1.36402
8 146364022 4637 0.082374 56292 1.74521
9 141213431 2560 0.0454772 56292 0.999498
10 135534747 1800 0.0319761 56292 0.731719
11 135006516 2951 0.0524231 56292 1.20513
12 133851895 3455 0.0613764 56292 1.42075
13 115169878 4748 0.0843459 56292 2.27347
14 107349540 689 0.0122397 56292 0.35375
15 102531392 535 0.00950401 56292 0.28713
16 90354753 591 0.0104988 56292 0.360784
17 81195210 954 0.0169473 56292 0.646845
18 78077248 1246 0.0221346 56292 0.878357
19 59128983 381 0.00676828 56292 0.35436
20 63025520 122 0.00216727 56292 0.106762
21 48129895 1079 0.0191679 56292 1.23664
22 51304566 254 0.00451219 56292 0.273466
X 155270560 5012 0.0890357 56292 1.77716
Y 59373566 28 0.000497406 56292 0.0260422
