1 249250621 2852 0.107069 26637 1.33171
2 243199373 1957 0.0734692 26637 0.937108
3 198022430 2284 0.0857454 26637 1.34397
4 191154276 2073 0.0778241 26637 1.26338
5 180915260 1066 0.0400195 26637 0.686441
6 171115067 2061 0.0773736 26637 1.4017
7 159138663 969 0.036378 26637 0.709122
8 146364022 1132 0.0424973 26637 0.900366
9 141213431 1176 0.0441491 26637 0.97031
10 135534747 1236 0.0464016 26637 1.06182
11 135006516 804 0.0301836 26637 0.693875
12 133851895 1008 0.0378421 26637 0.875975
13 115169878 903 0.0339002 26637 0.913752
14 107349540 521 0.0195593 26637 0.565297
15 102531392 848 0.0318354 26637 0.961795
16 90354753 536 0.0201224 26637 0.691491
17 81195210 384 0.014416 26637 0.55023
18 78077248 809 0.0303713 26637 1.20521
19 59128983 285 0.0106994 26637 0.560178
20 63025520 534 0.0200473 26637 0.987552
21 48129895 298 0.0111874 26637 0.721771
22 51304566 107 0.00401697 26637 0.243453
X 155270560 1408 0.0528588 26637 1.05507
Y 59373566 15 0.000563126 26637 0.0294831
