1 249250621 7699 0.113436 67871 1.41089
2 243199373 4899 0.072181 67871 0.920677
3 198022430 8270 0.121849 67871 1.90986
4 191154276 873 0.0128626 67871 0.208809
5 180915260 6887 0.101472 67871 1.74051
6 171115067 5462 0.0804762 67871 1.4579
7 159138663 4930 0.0726378 67871 1.41594
8 146364022 3855 0.0567989 67871 1.20337
9 141213431 1966 0.0289667 67871 0.636631
10 135534747 2004 0.0295266 67871 0.675666
11 135006516 98 0.00144392 67871 0.0331935
12 133851895 1822 0.026845 67871 0.621413
13 115169878 1784 0.0262852 67871 0.708495
14 107349540 1311 0.0193161 67871 0.558267
15 102531392 1907 0.0280974 67871 0.848865
16 90354753 94 0.00138498 67871 0.0475938
17 81195210 1124 0.0165608 67871 0.632093
18 78077248 31 0.000456749 67871 0.018125
19 59128983 204 0.0030057 67871 0.157367
20 63025520 115 0.00169439 67871 0.0834675
21 48129895 1052 0.0155 67871 1
22 51304566 21 0.00030941 67871 0.0187522
X 155270560 3758 0.0553697 67871 1.10518
Y 59373566 22 0.000324144 67871 0.0169709
