1 249250621 1630 0.0399324 40819 0.496671
2 243199373 4480 0.109753 40819 1.39991
3 198022430 2740 0.0671256 40819 1.05213
4 191154276 4104 0.100541 40819 1.63217
5 180915260 3477 0.0851809 40819 1.46108
6 171115067 3078 0.0754061 40819 1.36605
7 159138663 2132 0.0522306 40819 1.01814
8 146364022 2045 0.0500992 40819 1.06142
9 141213431 1813 0.0444156 40819 0.976167
10 135534747 1175 0.0287856 40819 0.65871
11 135006516 1714 0.0419902 40819 0.965293
12 133851895 1874 0.04591 40819 1.06273
13 115169878 1935 0.0474044 40819 1.27775
14 107349540 836 0.0204807 40819 0.591927
15 102531392 728 0.0178348 40819 0.538817
16 90354753 685 0.0167814 40819 0.57668
17 81195210 761 0.0186433 40819 0.711576
18 78077248 661 0.0161934 40819 0.642597
19 59128983 190 0.0046547 40819 0.243701
20 63025520 428 0.0104853 40819 0.516518
21 48129895 292 0.00715353 40819 0.461518
22 51304566 198 0.00485068 40819 0.293981
X 155270560 2767 0.0677871 40819 1.35304
Y 59373566 28 0.000685955 40819 0.0359139
