1 249250621 14 0.000711889 19666 0.00885434
2 243199373 21 0.00106783 19666 0.0136203
3 198022430 12 0.00061019 19666 0.00956411
4 191154276 4 0.000203397 19666 0.00330189
5 180915260 5 0.000254246 19666 0.00436099
6 171115067 7 0.000355944 19666 0.00644827
7 159138663 21 0.00106783 19666 0.0208155
8 146364022 4 0.000203397 19666 0.00430925
9 141213431 4 0.000203397 19666 0.00447026
10 135534747 3 0.000152548 19666 0.00349079
11 135006516 7 0.000355944 19666 0.00818263
12 133851895 14 0.000711889 19666 0.0164789
13 115169878 10 0.000508492 19666 0.013706
14 107349540 2 0.000101698 19666 0.00293926
15 102531392 7 0.000355944 19666 0.0107536
16 90354753 2 0.000101698 19666 0.00349479
17 81195210 5 0.000254246 19666 0.00970404
18 78077248 2 0.000101698 19666 0.00403565
19 59128983 2 0.000101698 19666 0.00532452
20 63025520 5 0.000254246 19666 0.0125244
21 48129895 0 0 19666 0
22 51304566 0 0 19666 0
X 155270560 2 0.000101698 19666 0.00202991
Y 59373566 2 0.000101698 19666 0.00532452
