1 249250621 6541 0.102726 63674 1.27769
2 243199373 4878 0.076609 63674 0.977155
3 198022430 5086 0.0798756 63674 1.25197
4 191154276 4520 0.0709866 63674 1.15238
5 180915260 4194 0.0658668 63674 1.12979
6 171115067 4464 0.0701071 63674 1.27006
7 159138663 3855 0.0605428 63674 1.18017
8 146364022 1893 0.0297296 63674 0.629864
9 141213431 2181 0.0342526 63674 0.752804
10 135534747 2494 0.0391683 63674 0.896299
11 135006516 3206 0.0503502 63674 1.15748
12 133851895 1797 0.0282219 63674 0.653284
13 115169878 2502 0.0392939 63674 1.05913
14 107349540 1526 0.0239658 63674 0.692654
15 102531392 1104 0.0173383 63674 0.523816
16 90354753 1443 0.0226623 63674 0.778774
17 81195210 875 0.0137419 63674 0.524499
18 78077248 1586 0.0249081 63674 0.988418
19 59128983 792 0.0124384 63674 0.651223
20 63025520 947 0.0148726 63674 0.732642
21 48129895 978 0.0153595 63674 0.990935
22 51304566 399 0.00626629 63674 0.379775
X 155270560 2913 0.0457487 63674 0.913147
Y 59373566 36 0.00056538 63674 0.029601
