1 249250621 17 0.000891079 19078 0.0110831
2 243199373 17 0.000891079 19078 0.0113658
3 198022430 15 0.000786246 19078 0.0123236
4 191154276 12 0.000628997 19078 0.010211
5 180915260 16 0.000838662 19078 0.0143853
6 171115067 12 0.000628997 19078 0.0113949
7 159138663 16 0.000838662 19078 0.0163482
8 146364022 13 0.000681413 19078 0.0144367
9 141213431 5 0.000262082 19078 0.00576004
10 135534747 6 0.000314498 19078 0.00719676
11 135006516 6 0.000314498 19078 0.00722985
12 133851895 10 0.000524164 19078 0.0121334
13 115169878 22 0.00115316 19078 0.0310825
14 107349540 2 0.000104833 19078 0.00302985
15 102531392 0 0 19078 0
16 90354753 5 0.000262082 19078 0.00900625
17 81195210 3 0.000157249 19078 0.00600188
18 78077248 10 0.000524164 19078 0.0208002
19 59128983 0 0 19078 0
20 63025520 13 0.000681413 19078 0.0335672
21 48129895 1 5.24164e-05 19078 0.0033817
22 51304566 2 0.000104833 19078 0.0063535
X 155270560 19 0.000995912 19078 0.0198785
Y 59373566 0 0 19078 0
