1 249250621 522 0.0429771 12146 0.534541
2 243199373 74 0.00609254 12146 0.077711
3 198022430 84 0.00691586 12146 0.108399
4 191154276 441 0.0363082 12146 0.58942
5 180915260 47 0.00386959 12146 0.0663737
6 171115067 68 0.00559855 12146 0.101423
7 159138663 63 0.00518689 12146 0.101109
8 146364022 65 0.00535156 12146 0.11338
9 141213431 42 0.00345793 12146 0.0759984
10 135534747 95 0.00782151 12146 0.178982
11 135006516 343 0.0282397 12146 0.64919
12 133851895 62 0.00510456 12146 0.118161
13 115169878 242 0.0199243 12146 0.537042
14 107349540 0 0 12146 0
15 102531392 29 0.00238762 12146 0.0721335
16 90354753 16 0.00131731 12146 0.0452683
17 81195210 19 0.0015643 12146 0.0597061
18 78077248 61 0.00502223 12146 0.199295
19 59128983 19 0.0015643 12146 0.0819006
20 63025520 20 0.00164663 12146 0.0811149
21 48129895 7 0.000576321 12146 0.037182
22 51304566 13 0.00107031 12146 0.0648673
X 155270560 92 0.00757451 12146 0.151188
Y 59373566 2 0.000164663 12146 0.00862111
