1 249250621 1807 0.0266641 67769 0.331643
2 243199373 1736 0.0256164 67769 0.32674
3 198022430 1617 0.0238605 67769 0.373989
4 191154276 1791 0.026428 67769 0.429026
5 180915260 1665 0.0245688 67769 0.421419
6 171115067 1632 0.0240818 67769 0.436265
7 159138663 1355 0.0199944 67769 0.389754
8 146364022 1276 0.0188287 67769 0.398912
9 141213431 741 0.0109342 67769 0.240312
10 135534747 822 0.0121294 67769 0.277562
11 135006516 686 0.0101226 67769 0.232704
12 133851895 1061 0.0156561 67769 0.36241
13 115169878 1054 0.0155528 67769 0.419214
14 107349540 280 0.00413168 67769 0.119413
15 102531392 278 0.00410217 67769 0.123933
16 90354753 343 0.00506131 67769 0.173928
17 81195210 199 0.00293645 67769 0.112078
18 78077248 568 0.00838141 67769 0.332596
19 59128983 204 0.00301023 67769 0.157603
20 63025520 251 0.00370376 67769 0.182451
21 48129895 179 0.00264133 67769 0.170408
22 51304566 75 0.0011067 67769 0.0670728
X 155270560 1174 0.0173236 67769 0.34578
Y 59373566 14 0.000206584 67769 0.0108159
