1 249250621 4333 0.0761043 56935 0.946571
2 243199373 5263 0.0924387 56935 1.17907
3 198022430 3590 0.0630544 56935 0.988313
4 191154276 3639 0.063915 56935 1.03758
5 180915260 3197 0.0561518 56935 0.963152
6 171115067 4486 0.0787916 56935 1.42738
7 159138663 3314 0.0582067 56935 1.13463
8 146364022 2790 0.0490032 56935 1.0382
9 141213431 2620 0.0460174 56935 1.01137
10 135534747 2305 0.0404848 56935 0.926425
11 135006516 1587 0.0278739 56935 0.640779
12 133851895 2579 0.0452973 56935 1.04855
13 115169878 2399 0.0421358 56935 1.13574
14 107349540 1498 0.0263107 56935 0.760425
15 102531392 1198 0.0210415 56935 0.635696
16 90354753 1400 0.0245894 56935 0.844998
17 81195210 493 0.008659 56935 0.330496
18 78077248 1468 0.0257838 56935 1.02317
19 59128983 249 0.00437341 56935 0.228974
20 63025520 878 0.0154211 56935 0.75966
21 48129895 764 0.0134188 56935 0.86573
22 51304566 196 0.00344252 56935 0.208638
X 155270560 3834 0.0673399 56935 1.34411
Y 59373566 26 0.000456661 56935 0.023909
