1 249250621 7190 0.0803523 89481 0.999406
2 243199373 5362 0.0599233 89481 0.764328
3 198022430 5307 0.0593087 89481 0.929603
4 191154276 7699 0.0860406 89481 1.39676
5 180915260 6801 0.076005 89481 1.30369
6 171115067 6289 0.0702831 89481 1.27324
7 159138663 5448 0.0608844 89481 1.18683
8 146364022 3924 0.0438529 89481 0.929087
9 141213431 3029 0.0338508 89481 0.743973
10 135534747 3810 0.0425789 89481 0.974345
11 135006516 3492 0.039025 89481 0.897127
12 133851895 3523 0.0393715 89481 0.911377
13 115169878 3226 0.0360523 89481 0.971761
14 107349540 1774 0.0198254 89481 0.57299
15 102531392 1865 0.0208424 89481 0.62968
16 90354753 665 0.00743175 89481 0.255386
17 81195210 1421 0.0158805 89481 0.606125
18 78077248 2696 0.0301293 89481 1.19561
19 59128983 1145 0.012796 89481 0.669948
20 63025520 1548 0.0172998 89481 0.852205
21 48129895 1007 0.0112538 89481 0.726051
22 51304566 364 0.0040679 89481 0.24654
X 155270560 6958 0.0777595 89481 1.55209
Y 59373566 59 0.000659358 89481 0.0345214
