1 249250621 6216 0.0774483 80260 0.963287
2 243199373 7421 0.092462 80260 1.17936
3 198022430 5530 0.0689011 80260 1.07995
4 191154276 6593 0.0821455 80260 1.33353
5 180915260 6131 0.0763892 80260 1.31028
6 171115067 5663 0.0705582 80260 1.27823
7 159138663 4643 0.0578495 80260 1.12767
8 146364022 3613 0.0450162 80260 0.953733
9 141213431 2650 0.0330177 80260 0.725664
10 135534747 2740 0.034139 80260 0.781214
11 135006516 3660 0.0456018 80260 1.04832
12 133851895 2578 0.0321206 80260 0.743533
13 115169878 5033 0.0627087 80260 1.69026
14 107349540 2508 0.0312484 80260 0.903134
15 102531392 1292 0.0160977 80260 0.486335
16 90354753 1655 0.0206205 80260 0.708608
17 81195210 1012 0.012609 80260 0.48126
18 78077248 852 0.0106155 80260 0.42125
19 59128983 843 0.0105034 80260 0.549914
20 63025520 601 0.00748816 80260 0.368875
21 48129895 1183 0.0147396 80260 0.950942
22 51304566 300 0.00373785 80260 0.226536
X 155270560 4534 0.0564914 80260 1.12757
Y 59373566 54 0.000672813 80260 0.0352258
