1 249250621 6722 0.0751616 89434 0.934845
2 243199373 7022 0.078516 89434 1.00148
3 198022430 6179 0.0690901 89434 1.08292
4 191154276 8163 0.091274 89434 1.48172
5 180915260 7982 0.0892502 89434 1.53088
6 171115067 5947 0.066496 89434 1.20464
7 159138663 4502 0.0503388 89434 0.981263
8 146364022 3043 0.0340251 89434 0.720871
9 141213431 2227 0.024901 89434 0.547276
10 135534747 3296 0.036854 89434 0.843341
11 135006516 4135 0.0462352 89434 1.06288
12 133851895 3064 0.0342599 89434 0.793053
13 115169878 5279 0.0590268 89434 1.59102
14 107349540 1971 0.0220386 89434 0.636954
15 102531392 1814 0.0202831 89434 0.612783
16 90354753 749 0.00837489 89434 0.287797
17 81195210 629 0.00703312 89434 0.26844
18 78077248 2633 0.0294407 89434 1.16828
19 59128983 334 0.0037346 89434 0.195529
20 63025520 990 0.0110696 89434 0.545301
21 48129895 924 0.0103316 89434 0.666557
22 51304566 236 0.00263882 89434 0.159928
X 155270560 6291 0.0703424 89434 1.40404
Y 59373566 76 0.000849789 89434 0.0444916
