1 249250621 11148 0.0844392 132024 1.05024
2 243199373 11376 0.0861662 132024 1.09906
3 198022430 8853 0.067056 132024 1.05103
4 191154276 10099 0.0764937 132024 1.24178
5 180915260 8747 0.0662531 132024 1.13642
6 171115067 8229 0.0623296 132024 1.12916
7 159138663 8073 0.061148 132024 1.19197
8 146364022 5179 0.0392277 132024 0.831096
9 141213431 3999 0.0302899 132024 0.665713
10 135534747 5143 0.038955 132024 0.89142
11 135006516 5908 0.0447494 132024 1.02872
12 133851895 5379 0.0407426 132024 0.943116
13 115169878 6414 0.0485821 132024 1.30949
14 107349540 4357 0.0330016 132024 0.953803
15 102531392 1959 0.0148382 132024 0.448284
16 90354753 2837 0.0214885 132024 0.738437
17 81195210 1668 0.0126341 132024 0.482216
18 78077248 2258 0.017103 132024 0.678689
19 59128983 671 0.00508241 132024 0.266095
20 63025520 822 0.00622614 132024 0.306706
21 48129895 1671 0.0126568 132024 0.816567
22 51304566 542 0.00410531 132024 0.248807
X 155270560 9042 0.0684875 132024 1.36702
Y 59373566 115 0.000871054 132024 0.0456049
