1 249250621 3027 0.0668064 45310 0.830926
2 243199373 3217 0.0709998 45310 0.905609
3 198022430 3238 0.0714633 45310 1.12011
4 191154276 3387 0.0747517 45310 1.2135
5 180915260 3219 0.0710439 45310 1.21859
6 171115067 3391 0.07484 45310 1.3558
7 159138663 2151 0.047473 45310 0.925399
8 146364022 2063 0.0455308 45310 0.964635
9 141213431 1543 0.0340543 45310 0.748446
10 135534747 1355 0.0299051 45310 0.684327
11 135006516 2065 0.0455749 45310 1.0477
12 133851895 1963 0.0433238 45310 1.00287
13 115169878 2248 0.0496138 45310 1.3373
14 107349540 1681 0.0371 45310 1.07225
15 102531392 607 0.0133966 45310 0.404731
16 90354753 505 0.0111454 45310 0.383005
17 81195210 562 0.0124034 45310 0.473414
18 78077248 1011 0.022313 45310 0.885435
19 59128983 332 0.0073273 45310 0.383628
20 63025520 388 0.00856323 45310 0.421834
21 48129895 821 0.0181196 45310 1.16901
22 51304566 248 0.00547341 45310 0.331722
X 155270560 2572 0.0567645 45310 1.13302
Y 59373566 50 0.00110351 45310 0.0577753
