1 249250621 22133 0.0831208 266275 1.03384
2 243199373 22341 0.083902 266275 1.07018
3 198022430 17775 0.0667543 266275 1.04631
4 191154276 21163 0.079478 266275 1.29023
5 180915260 17672 0.0663675 266275 1.13838
6 171115067 17329 0.0650793 266275 1.17897
7 159138663 14881 0.0558858 266275 1.08939
8 146364022 12409 0.0466022 266275 0.987335
9 141213431 11541 0.0433424 266275 0.95258
10 135534747 9286 0.0348737 266275 0.798026
11 135006516 11015 0.041367 266275 0.950966
12 133851895 10006 0.0375777 266275 0.869854
13 115169878 14064 0.0528176 266275 1.42365
14 107349540 5306 0.0199268 266275 0.575918
15 102531392 5774 0.0216843 266275 0.655116
16 90354753 3682 0.0138278 266275 0.475182
17 81195210 3235 0.0121491 266275 0.463706
18 78077248 6089 0.0228673 266275 0.907434
19 59128983 1905 0.00715426 266275 0.374568
20 63025520 2566 0.00963665 266275 0.474712
21 48129895 2454 0.00921604 266275 0.594583
22 51304566 1388 0.00521266 266275 0.315919
X 155270560 17166 0.0644672 266275 1.28677
Y 59373566 190 0.000713548 266275 0.0373585
