1 249250621 24 0.00127368 18843 0.0158418
2 243199373 14 0.000742981 18843 0.0094768
3 198022430 14 0.000742981 18843 0.0116455
4 191154276 14 0.000742981 18843 0.0120614
5 180915260 12 0.000636841 18843 0.0109235
6 171115067 22 0.00116754 18843 0.0211511
7 159138663 11 0.000583771 18843 0.0113796
8 146364022 9 0.000477631 18843 0.0101193
9 141213431 17 0.000902192 18843 0.0198284
10 135534747 7 0.000371491 18843 0.00850093
11 135006516 12 0.000636841 18843 0.01464
12 133851895 14 0.000742981 18843 0.0171986
13 115169878 4 0.00021228 18843 0.00572184
14 107349540 7 0.000371491 18843 0.0107367
15 102531392 1 5.30701e-05 18843 0.00160333
16 90354753 5 0.000265351 18843 0.00911857
17 81195210 6 0.000318421 18843 0.0121535
18 78077248 4 0.00021228 18843 0.00842383
19 59128983 0 0 18843 0
20 63025520 7 0.000371491 18843 0.0183
21 48129895 0 0 18843 0
22 51304566 3 0.00015921 18843 0.00964911
X 155270560 9 0.000477631 18843 0.00953355
Y 59373566 0 0 18843 0
