1 249250621 11 0.00128505 8560 0.0159832
2 243199373 10 0.00116822 8560 0.0149008
3 198022430 2 0.000233645 8560 0.00366215
4 191154276 16 0.00186916 8560 0.0303435
5 180915260 12 0.00140187 8560 0.0240458
6 171115067 7 0.000817757 8560 0.0148144
7 159138663 3 0.000350467 8560 0.00683172
8 146364022 1 0.000116822 8560 0.00247505
9 141213431 3 0.000350467 8560 0.00770258
10 135534747 3 0.000350467 8560 0.00801985
11 135006516 3 0.000350467 8560 0.00805672
12 133851895 10 0.00116822 8560 0.0270422
13 115169878 4 0.00046729 8560 0.0125954
14 107349540 3 0.000350467 8560 0.0101291
15 102531392 2 0.000233645 8560 0.00705876
16 90354753 7 0.000817757 8560 0.0281016
17 81195210 1 0.000116822 8560 0.00445887
18 78077248 4 0.00046729 8560 0.0185432
19 59128983 0 0 8560 0
20 63025520 2 0.000233645 8560 0.0115096
21 48129895 1 0.000116822 8560 0.00753693
22 51304566 2 0.000233645 8560 0.0141603
X 155270560 4 0.00046729 8560 0.00932714
Y 59373566 0 0 8560 0
