1 249250621 4360 0.0722464 60349 0.898587
2 243199373 5767 0.0955608 60349 1.21889
3 198022430 4539 0.0752125 60349 1.17888
4 191154276 4932 0.0817246 60349 1.3267
5 180915260 2423 0.0401498 60349 0.688676
6 171115067 5266 0.0872591 60349 1.58078
7 159138663 3707 0.061426 60349 1.19739
8 146364022 3122 0.0517324 60349 1.09603
9 141213431 2487 0.0412103 60349 0.905721
10 135534747 1896 0.0314173 60349 0.71893
11 135006516 2466 0.0408623 60349 0.939364
12 133851895 2884 0.0477887 60349 1.10622
13 115169878 2870 0.0475567 60349 1.28185
14 107349540 800 0.0132562 60349 0.383128
15 102531392 1195 0.0198015 60349 0.598232
16 90354753 1036 0.0171668 60349 0.589925
17 81195210 796 0.0131899 60349 0.503433
18 78077248 1087 0.0180119 60349 0.714758
19 59128983 231 0.00382774 60349 0.200405
20 63025520 278 0.00460654 60349 0.226923
21 48129895 881 0.0145984 60349 0.941833
22 51304566 147 0.00243583 60349 0.147626
X 155270560 4117 0.0682199 60349 1.36167
Y 59373566 50 0.000828514 60349 0.0433777
