1 249250621 26 0.000580461 44792 0.00721966
2 243199373 39 0.000870691 44792 0.0111058
3 198022430 30 0.000669762 44792 0.0104978
4 191154276 22 0.000491159 44792 0.00797336
5 180915260 31 0.000692088 44792 0.0118711
6 171115067 34 0.000759064 44792 0.0137512
7 159138663 54 0.00120557 44792 0.0235004
8 146364022 29 0.000647437 44792 0.0137169
9 141213431 9 0.000200929 44792 0.00441602
10 135534747 13 0.00029023 44792 0.00664143
11 135006516 15 0.000334881 44792 0.00769842
12 133851895 12 0.000267905 44792 0.0062015
13 115169878 25 0.000558135 44792 0.0150441
14 107349540 9 0.000200929 44792 0.00580719
15 102531392 13 0.00029023 44792 0.00876829
16 90354753 16 0.000357207 44792 0.0122751
17 81195210 6 0.000133952 44792 0.00511269
18 78077248 18 0.000401857 44792 0.0159467
19 59128983 6 0.000133952 44792 0.00701322
20 63025520 30 0.000669762 44792 0.0329932
21 48129895 2 4.46508e-05 44792 0.0028807
22 51304566 4 8.93017e-05 44792 0.00541222
X 155270560 22 0.000491159 44792 0.00980358
Y 59373566 1 2.23254e-05 44792 0.00116887
