1 249250621 11851 0.0893047 132703 1.11075
2 243199373 13123 0.09889 132703 1.26135
3 198022430 7324 0.0551909 132703 0.865061
4 191154276 10149 0.0764791 132703 1.24154
5 180915260 10672 0.0804202 132703 1.37942
6 171115067 10279 0.0774587 132703 1.40324
7 159138663 6921 0.0521541 132703 1.01665
8 146364022 6897 0.0519732 132703 1.10113
9 141213431 5450 0.0410692 132703 0.902619
10 135534747 3386 0.0255156 132703 0.583882
11 135006516 4132 0.0311372 132703 0.715798
12 133851895 5308 0.0399991 132703 0.925905
13 115169878 7192 0.0541962 132703 1.46081
14 107349540 2317 0.01746 132703 0.504626
15 102531392 2464 0.0185678 132703 0.56096
16 90354753 2997 0.0225843 132703 0.776092
17 81195210 699 0.0052674 132703 0.201046
18 78077248 2622 0.0197584 132703 0.784064
19 59128983 952 0.00717391 132703 0.375598
20 63025520 1172 0.00883175 132703 0.435062
21 48129895 1892 0.0142574 132703 0.919832
22 51304566 371 0.00279572 132703 0.169437
X 155270560 8643 0.0651304 132703 1.30001
Y 59373566 74 0.000557636 132703 0.0291956
