1 249250621 21 0.00164371 12776 0.0204441
2 243199373 14 0.0010958 12776 0.0139771
3 198022430 11 0.000860989 12776 0.0134951
4 191154276 15 0.00117408 12776 0.0190597
5 180915260 9 0.000704446 12776 0.0120831
6 171115067 14 0.0010958 12776 0.0198515
7 159138663 17 0.00133062 12776 0.025938
8 146364022 1 7.82718e-05 12776 0.0016583
9 141213431 3 0.000234815 12776 0.00516078
10 135534747 13 0.00101753 12776 0.0232845
11 135006516 4 0.000313087 12776 0.0071974
12 133851895 3 0.000234815 12776 0.00543554
13 115169878 19 0.00148716 12776 0.0400853
14 107349540 3 0.000234815 12776 0.00678657
15 102531392 17 0.00133062 12776 0.0402
16 90354753 6 0.000469631 12776 0.0161385
17 81195210 3 0.000234815 12776 0.00896242
18 78077248 3 0.000234815 12776 0.00931807
19 59128983 2 0.000156544 12776 0.008196
20 63025520 5 0.000391359 12776 0.0192788
21 48129895 5 0.000391359 12776 0.025249
22 51304566 2 0.000156544 12776 0.00948749
X 155270560 7 0.000547902 12776 0.0109362
Y 59373566 0 0 12776 0
