1 249250621 20 0.00224669 8902 0.0279439
2 243199373 11 0.00123568 8902 0.0157612
3 198022430 22 0.00247135 8902 0.038736
4 191154276 8 0.000898674 8902 0.0145889
5 180915260 5 0.000561672 8902 0.00963416
6 171115067 12 0.00134801 8902 0.0244205
7 159138663 16 0.00179735 8902 0.035036
8 146364022 2 0.000224669 8902 0.00475993
9 141213431 4 0.000449337 8902 0.00987554
10 135534747 3 0.000337003 8902 0.00771174
11 135006516 15 0.00168501 8902 0.038736
12 133851895 17 0.00190968 8902 0.0442056
13 115169878 13 0.00146035 8902 0.0393624
14 107349540 5 0.000561672 8902 0.0162333
15 102531392 7 0.00078634 8902 0.0237565
16 90354753 8 0.000898674 8902 0.0308823
17 81195210 6 0.000674006 8902 0.0257254
18 78077248 2 0.000224669 8902 0.00891542
19 59128983 1 0.000112334 8902 0.00588138
20 63025520 11 0.00123568 8902 0.0608708
21 48129895 0 0 8902 0
22 51304566 2 0.000224669 8902 0.0136163
X 155270560 10 0.00112334 8902 0.022422
Y 59373566 4 0.000449337 8902 0.0235255
