1 249250621 23 0.000845215 27212 0.0105126
2 243199373 33 0.0012127 27212 0.0154681
3 198022430 40 0.00146994 27212 0.0230398
4 191154276 25 0.000918712 27212 0.0149142
5 180915260 23 0.000845215 27212 0.0144977
6 171115067 16 0.000587976 27212 0.0106517
7 159138663 23 0.000845215 27212 0.0164759
8 146364022 18 0.000661473 27212 0.0140143
9 141213431 17 0.000624724 27212 0.0137302
10 135534747 11 0.000404233 27212 0.00925019
11 135006516 13 0.00047773 27212 0.0109823
12 133851895 19 0.000698221 27212 0.0161625
13 115169878 21 0.000771718 27212 0.020801
14 107349540 4 0.000146994 27212 0.00424838
15 102531392 11 0.000404233 27212 0.0122125
16 90354753 9 0.000330736 27212 0.0113655
17 81195210 3 0.000110245 27212 0.00420784
18 78077248 4 0.000146994 27212 0.00583309
19 59128983 3 0.000110245 27212 0.00577201
20 63025520 23 0.000845215 27212 0.0416362
21 48129895 0 0 27212 0
22 51304566 0 0 27212 0
X 155270560 16 0.000587976 27212 0.011736
Y 59373566 0 0 27212 0
