1 249250621 5707 0.0922597 61858 1.14751
2 243199373 4557 0.0736687 61858 0.939652
3 198022430 4803 0.0776456 61858 1.21702
4 191154276 4631 0.074865 61858 1.21534
5 180915260 4778 0.0772414 61858 1.3249
6 171115067 3800 0.061431 61858 1.11288
7 159138663 4037 0.0652624 61858 1.27217
8 146364022 2541 0.041078 61858 0.870296
9 141213431 2460 0.0397685 61858 0.874033
10 135534747 2531 0.0409163 61858 0.9363
11 135006516 2290 0.0370203 61858 0.851041
12 133851895 1923 0.0310873 61858 0.719614
13 115169878 3525 0.0569854 61858 1.53599
14 107349540 1447 0.0233923 61858 0.676078
15 102531392 1076 0.0173947 61858 0.525519
16 90354753 962 0.0155517 61858 0.534424
17 81195210 660 0.0106696 61858 0.407237
18 78077248 638 0.0103139 61858 0.409284
19 59128983 446 0.00721006 61858 0.37749
20 63025520 426 0.00688674 61858 0.339248
21 48129895 481 0.00777587 61858 0.501669
22 51304566 182 0.00294222 61858 0.178317
X 155270560 4620 0.0746872 61858 1.49076
Y 59373566 36 0.000581978 61858 0.0304701
