1 249250621 2845 0.0776008 36662 0.965184
2 243199373 3128 0.0853199 36662 1.08826
3 198022430 2397 0.065381 36662 1.02478
4 191154276 2770 0.0755551 36662 1.22654
5 180915260 2949 0.0804375 36662 1.37972
6 171115067 2938 0.0801375 36662 1.45177
7 159138663 2063 0.0562708 36662 1.0969
8 146364022 1913 0.0521794 36662 1.1055
9 141213431 905 0.024685 36662 0.542527
10 135534747 1030 0.0280945 36662 0.642894
11 135006516 1440 0.0392777 36662 0.902936
12 133851895 1181 0.0322132 36662 0.745676
13 115169878 1834 0.0500245 36662 1.34837
14 107349540 837 0.0228302 36662 0.659832
15 102531392 536 0.01462 36662 0.441693
16 90354753 824 0.0224756 36662 0.772357
17 81195210 466 0.0127107 36662 0.485142
18 78077248 917 0.0250123 36662 0.992551
19 59128983 418 0.0114015 36662 0.596935
20 63025520 131 0.00357318 36662 0.176019
21 48129895 415 0.0113196 36662 0.730298
22 51304566 140 0.00381867 36662 0.231434
X 155270560 2635 0.0718728 36662 1.43459
Y 59373566 27 0.000736457 36662 0.038558
