1 249250621 1435 0.089208 16086 1.10955
2 243199373 1298 0.0806913 16086 1.02923
3 198022430 1133 0.0704339 16086 1.10398
4 191154276 1392 0.0865349 16086 1.40479
5 180915260 1141 0.0709312 16086 1.21666
6 171115067 916 0.0569439 16086 1.03159
7 159138663 1027 0.0638443 16086 1.24453
8 146364022 828 0.0514733 16086 1.09054
9 141213431 641 0.0398483 16086 0.875787
10 135534747 504 0.0313316 16086 0.71697
11 135006516 961 0.0597414 16086 1.37337
12 133851895 725 0.0450702 16086 1.04329
13 115169878 316 0.0196444 16086 0.529499
14 107349540 376 0.0233744 16086 0.67556
15 102531392 220 0.0136765 16086 0.413187
16 90354753 339 0.0210742 16086 0.7242
17 81195210 183 0.0113764 16086 0.434212
18 78077248 346 0.0215094 16086 0.853547
19 59128983 179 0.0111277 16086 0.582602
20 63025520 43 0.00267313 16086 0.131681
21 48129895 124 0.00770857 16086 0.497327
22 51304566 60 0.00372995 16086 0.226058
X 155270560 803 0.0499192 16086 0.996391
Y 59373566 13 0.000808156 16086 0.0423118
