1 249250621 6380 0.0755924 84400 0.940204
2 243199373 7286 0.086327 84400 1.10111
3 198022430 6384 0.0756398 84400 1.18558
4 191154276 6741 0.0798697 84400 1.29659
5 180915260 5735 0.0679502 84400 1.16553
6 171115067 3927 0.0465284 84400 0.842906
7 159138663 5018 0.059455 84400 1.15897
8 146364022 2906 0.0344313 84400 0.729476
9 141213431 2886 0.0341943 84400 0.751523
10 135534747 1820 0.021564 84400 0.493455
11 135006516 4582 0.0542891 84400 1.24803
12 133851895 4677 0.0554147 84400 1.28275
13 115169878 4569 0.0541351 84400 1.45917
14 107349540 1579 0.0187085 84400 0.540709
15 102531392 1468 0.0173934 84400 0.525479
16 90354753 1145 0.0135664 84400 0.466198
17 81195210 633 0.0075 84400 0.28626
18 78077248 1247 0.0147749 84400 0.586305
19 59128983 518 0.00613744 84400 0.321332
20 63025520 721 0.00854265 84400 0.42082
21 48129895 931 0.0110308 84400 0.711665
22 51304566 230 0.00272512 84400 0.165159
X 155270560 4927 0.0583768 84400 1.16521
Y 59373566 62 0.000734597 84400 0.0384606
