1 249250621 8553 0.0835801 102333 1.03955
2 243199373 9132 0.0892381 102333 1.13824
3 198022430 7344 0.0717657 102333 1.12485
4 191154276 7285 0.0711892 102333 1.15567
5 180915260 5923 0.0578797 102333 0.99279
6 171115067 8298 0.0810882 102333 1.46899
7 159138663 6614 0.0646321 102333 1.25989
8 146364022 4529 0.0442575 102333 0.937658
9 141213431 3737 0.036518 102333 0.802594
10 135534747 4875 0.0476386 102333 1.09013
11 135006516 4385 0.0428503 102333 0.985064
12 133851895 4345 0.0424594 102333 0.982857
13 115169878 4401 0.0430067 102333 1.15921
14 107349540 2200 0.0214984 102333 0.621342
15 102531392 2428 0.0237265 102333 0.716812
16 90354753 1784 0.0174333 102333 0.599082
17 81195210 1839 0.0179707 102333 0.685906
18 78077248 1898 0.0185473 102333 0.736004
19 59128983 1466 0.0143258 102333 0.750041
20 63025520 1461 0.0142769 102333 0.703297
21 48129895 832 0.00813032 102333 0.524537
22 51304566 785 0.00767103 102333 0.464911
X 155270560 4775 0.0466614 102333 0.931365
Y 59373566 52 0.000508145 102333 0.0266044
