1 249250621 26 0.000799557 32518 0.00994474
2 243199373 29 0.000891814 32518 0.0113752
3 198022430 12 0.000369026 32518 0.00578411
4 191154276 13 0.000399779 32518 0.00648991
5 180915260 12 0.000369026 32518 0.00632978
6 171115067 20 0.000615044 32518 0.0111421
7 159138663 33 0.00101482 32518 0.0197821
8 146364022 22 0.000676548 32518 0.0143337
9 141213431 6 0.000184513 32518 0.00405524
10 135534747 6 0.000184513 32518 0.00422227
11 135006516 9 0.00027677 32518 0.00636252
12 133851895 16 0.000492035 32518 0.0113897
13 115169878 20 0.000615044 32518 0.016578
14 107349540 2 6.15044e-05 32518 0.00177758
15 102531392 6 0.000184513 32518 0.00557442
16 90354753 7 0.000215265 32518 0.00739744
17 81195210 8 0.000246018 32518 0.00938998
18 78077248 5 0.000153761 32518 0.00610163
19 59128983 5 0.000153761 32518 0.00805031
20 63025520 22 0.000676548 32518 0.0333275
21 48129895 4 0.000123009 32518 0.00793605
22 51304566 10 0.000307522 32518 0.0186377
X 155270560 10 0.000307522 32518 0.00613816
Y 59373566 0 0 32518 0
