1 249250621 2978 0.0717971 41478 0.892999
2 243199373 2831 0.068253 41478 0.870575
3 198022430 2747 0.0662279 41478 1.03805
4 191154276 3219 0.0776074 41478 1.25986
5 180915260 2809 0.0677226 41478 1.16162
6 171115067 2620 0.063166 41478 1.14431
7 159138663 2320 0.0559333 41478 1.09032
8 146364022 2211 0.0533054 41478 1.12935
9 141213431 1371 0.0330537 41478 0.726454
10 135534747 1850 0.044602 41478 1.02064
11 135006516 1711 0.0412508 41478 0.948294
12 133851895 1247 0.0300641 41478 0.695929
13 115169878 2472 0.0595979 41478 1.60641
14 107349540 788 0.018998 41478 0.549076
15 102531392 690 0.0166353 41478 0.502578
16 90354753 689 0.0166112 41478 0.570832
17 81195210 508 0.0122475 41478 0.46746
18 78077248 689 0.0166112 41478 0.659175
19 59128983 315 0.00759439 41478 0.397612
20 63025520 610 0.0147066 41478 0.724463
21 48129895 517 0.0124644 41478 0.804157
22 51304566 82 0.00197695 41478 0.119815
X 155270560 3398 0.0819229 41478 1.63519
Y 59373566 29 0.000699166 41478 0.0366055
