1 249250621 3500 0.081835 42769 1.01785
2 243199373 4552 0.106432 42769 1.35755
3 198022430 3081 0.0720382 42769 1.12912
4 191154276 3643 0.0851785 42769 1.38277
5 180915260 3069 0.0717576 42769 1.23083
6 171115067 3433 0.0802684 42769 1.45414
7 159138663 2095 0.0489841 42769 0.954855
8 146364022 1750 0.0409175 42769 0.866896
9 141213431 1067 0.024948 42769 0.548307
10 135534747 1507 0.0352358 42769 0.806311
11 135006516 1546 0.0361477 42769 0.830981
12 133851895 1756 0.0410578 42769 0.950411
13 115169878 2322 0.0542917 42769 1.46339
14 107349540 961 0.0224695 42769 0.649409
15 102531392 756 0.0176764 42769 0.534029
16 90354753 321 0.00750544 42769 0.257919
17 81195210 573 0.0133976 42769 0.511357
18 78077248 1029 0.0240595 42769 0.954741
19 59128983 287 0.00671047 42769 0.351333
20 63025520 214 0.00500362 42769 0.246484
21 48129895 459 0.0107321 42769 0.692392
22 51304566 148 0.00346045 42769 0.209724
X 155270560 2516 0.0588277 42769 1.1742
Y 59373566 20 0.000467628 42769 0.0244832
