1 249250621 4647 0.120861 38449 1.50325
2 243199373 3033 0.0788837 38449 1.00617
3 198022430 2467 0.0641629 38449 1.00569
4 191154276 2628 0.0683503 38449 1.10958
5 180915260 2146 0.0558142 38449 0.957362
6 171115067 3444 0.0895732 38449 1.6227
7 159138663 2101 0.0546438 38449 1.06518
8 146364022 1174 0.030534 38449 0.646906
9 141213431 1371 0.0356576 38449 0.783684
10 135534747 1071 0.0278551 38449 0.637416
11 135006516 2003 0.052095 38449 1.19759
12 133851895 1671 0.0434602 38449 1.00602
13 115169878 1071 0.0278551 38449 0.750811
14 107349540 846 0.0220032 38449 0.63593
15 102531392 1153 0.0299878 38449 0.905975
16 90354753 1011 0.0262946 38449 0.903594
17 81195210 464 0.0120679 38449 0.460608
18 78077248 463 0.0120419 38449 0.477854
19 59128983 312 0.00811465 38449 0.424851
20 63025520 287 0.00746443 38449 0.367706
21 48129895 455 0.0118339 38449 0.763475
22 51304566 286 0.00743842 38449 0.450814
X 155270560 2548 0.0662696 38449 1.32275
Y 59373566 10 0.000260085 38449 0.013617
