1 249250621 36 0.00101741 35384 0.0126543
2 243199373 38 0.00107393 35384 0.0136981
3 198022430 26 0.000734795 35384 0.0115172
4 191154276 42 0.00118698 35384 0.0192691
5 180915260 17 0.000480443 35384 0.00824088
6 171115067 31 0.000876102 35384 0.0158714
7 159138663 36 0.00101741 35384 0.0198325
8 146364022 15 0.00042392 35384 0.00898136
9 141213431 5 0.000141307 35384 0.00310564
10 135534747 31 0.000876102 35384 0.0200481
11 135006516 6 0.000169568 35384 0.00389812
12 133851895 18 0.000508704 35384 0.0117756
13 115169878 11 0.000310875 35384 0.00837938
14 107349540 2 5.65227e-05 35384 0.0016336
15 102531392 4 0.000113045 35384 0.00341527
16 90354753 6 0.000169568 35384 0.00582708
17 81195210 8 0.000226091 35384 0.00862942
18 78077248 4 0.000113045 35384 0.00448593
19 59128983 3 8.47841e-05 35384 0.00443896
20 63025520 12 0.000339136 35384 0.0167062
21 48129895 4 0.000113045 35384 0.00729325
22 51304566 2 5.65227e-05 35384 0.00342562
X 155270560 16 0.000452182 35384 0.00902558
Y 59373566 0 0 35384 0
