1 249250621 6949 0.0777371 89391 0.96688
2 243199373 8483 0.0948977 89391 1.21043
3 198022430 6130 0.0685751 89391 1.07485
4 191154276 6173 0.0690562 89391 1.12104
5 180915260 5847 0.0654093 89391 1.12194
6 171115067 7136 0.0798291 89391 1.44618
7 159138663 5093 0.0569744 89391 1.11061
8 146364022 4631 0.0518061 89391 1.09759
9 141213431 3504 0.0391986 89391 0.861507
10 135534747 3290 0.0368046 89391 0.842211
11 135006516 3747 0.041917 89391 0.963609
12 133851895 3293 0.0368382 89391 0.852735
13 115169878 3851 0.0430804 89391 1.1612
14 107349540 2819 0.0315356 89391 0.911434
15 102531392 1734 0.0193979 89391 0.58604
16 90354753 1161 0.0129879 89391 0.446319
17 81195210 1490 0.0166683 89391 0.636196
18 78077248 2043 0.0228546 89391 0.906931
19 59128983 539 0.00602969 89391 0.315691
20 63025520 268 0.00299806 89391 0.147688
21 48129895 1404 0.0157063 89391 1.01331
22 51304566 274 0.00306519 89391 0.185769
X 155270560 4356 0.0487297 89391 0.972649
Y 59373566 67 0.000749516 89391 0.0392417
