1 249250621 4174 0.0776443 53758 0.965725
2 243199373 4872 0.0906284 53758 1.15597
3 198022430 3944 0.0733658 53758 1.14993
4 191154276 3705 0.06892 53758 1.11883
5 180915260 4140 0.0770118 53758 1.32096
6 171115067 4407 0.0819785 53758 1.48512
7 159138663 1822 0.0338926 53758 0.660675
8 146364022 2168 0.0403289 53758 0.854425
9 141213431 1461 0.0271774 53758 0.597304
10 135534747 1850 0.0344135 53758 0.787494
11 135006516 2167 0.0403103 53758 0.926673
12 133851895 2067 0.0384501 53758 0.890048
13 115169878 3077 0.057238 53758 1.5428
14 107349540 1196 0.0222479 53758 0.643001
15 102531392 981 0.0182484 53758 0.551313
16 90354753 1212 0.0225455 53758 0.774759
17 81195210 501 0.00931954 53758 0.355708
18 78077248 1522 0.0283121 53758 1.12349
19 59128983 455 0.00846386 53758 0.443134
20 63025520 269 0.00500391 53758 0.246498
21 48129895 980 0.0182298 53758 1.17612
22 51304566 140 0.00260426 53758 0.157834
X 155270560 3903 0.0726031 53758 1.44916
Y 59373566 53 0.0009859 53758 0.0516178
