1 249250621 8095 0.101847 79482 1.26675
2 243199373 6369 0.0801314 79482 1.02208
3 198022430 6750 0.0849249 79482 1.33111
4 191154276 6792 0.0854533 79482 1.38723
5 180915260 3893 0.0489796 79482 0.840131
6 171115067 6055 0.0761808 79482 1.38009
7 159138663 4410 0.0554843 79482 1.08156
8 146364022 3693 0.0464634 79482 0.984393
9 141213431 2996 0.0376941 79482 0.828441
10 135534747 1901 0.0239174 79482 0.547308
11 135006516 2459 0.0309378 79482 0.711214
12 133851895 2226 0.0280063 79482 0.648295
13 115169878 3133 0.0394177 79482 1.06247
14 107349540 2536 0.0319066 79482 0.922156
15 102531392 1171 0.0147329 79482 0.445103
16 90354753 1673 0.0210488 79482 0.723326
17 81195210 1074 0.0135125 79482 0.515744
18 78077248 1775 0.0223321 79482 0.886194
19 59128983 803 0.0101029 79482 0.528949
20 63025520 377 0.00474321 79482 0.233656
21 48129895 1007 0.0126695 79482 0.817389
22 51304566 253 0.00318311 79482 0.192916
X 155270560 5207 0.0655117 79482 1.30762
Y 59373566 63 0.000792632 79482 0.0414991
