1 249250621 2449 0.068538 35732 0.852463
2 243199373 2772 0.0775775 35732 0.989509
3 198022430 2002 0.0560282 35732 0.878185
4 191154276 2903 0.0812437 35732 1.31889
5 180915260 2795 0.0782212 35732 1.3417
6 171115067 2549 0.0713366 35732 1.29233
7 159138663 1590 0.0444979 35732 0.867406
8 146364022 1831 0.0512426 35732 1.08565
9 141213431 1467 0.0410556 35732 0.902322
10 135534747 1349 0.0377533 35732 0.863919
11 135006516 1839 0.0514665 35732 1.18314
12 133851895 756 0.0211575 35732 0.489757
13 115169878 2107 0.0589668 35732 1.5894
14 107349540 655 0.0183309 35732 0.529795
15 102531392 549 0.0153644 35732 0.464181
16 90354753 760 0.0212695 35732 0.730909
17 81195210 466 0.0130415 35732 0.497768
18 78077248 966 0.0270346 35732 1.0728
19 59128983 272 0.00761222 35732 0.398546
20 63025520 428 0.0119781 35732 0.590052
21 48129895 511 0.0143009 35732 0.922639
22 51304566 111 0.00310646 35732 0.18827
X 155270560 1933 0.0540972 35732 1.07978
Y 59373566 30 0.000839584 35732 0.0439573
