1 249250621 8109 0.0825352 98249 1.02656
2 243199373 5801 0.0590439 98249 0.75311
3 198022430 7254 0.0738328 98249 1.15725
4 191154276 8588 0.0874106 98249 1.419
5 180915260 7175 0.0730287 98249 1.25264
6 171115067 6181 0.0629116 98249 1.1397
7 159138663 5154 0.0524585 98249 1.02258
8 146364022 5527 0.056255 98249 1.19184
9 141213431 3506 0.0356848 98249 0.784282
10 135534747 4160 0.0423414 98249 0.968911
11 135006516 3174 0.0323057 98249 0.742659
12 133851895 2423 0.0246618 98249 0.570876
13 115169878 4370 0.0444788 98249 1.19889
14 107349540 2345 0.0238679 98249 0.689824
15 102531392 1576 0.0160409 98249 0.484619
16 90354753 1000 0.0101782 98249 0.349767
17 81195210 1839 0.0187177 98249 0.714418
18 78077248 2881 0.0293235 98249 1.16363
19 59128983 1097 0.0111655 98249 0.584582
20 63025520 884 0.00899755 98249 0.443229
21 48129895 1693 0.0172317 98249 1.11172
22 51304566 441 0.0044886 98249 0.272036
X 155270560 6136 0.0624536 98249 1.24658
Y 59373566 63 0.000641228 98249 0.0335721
