1 249250621 11747 0.101742 115459 1.26544
2 243199373 11294 0.0978183 115459 1.24768
3 198022430 10882 0.0942499 115459 1.47727
4 191154276 8238 0.07135 115459 1.15828
5 180915260 7416 0.0642306 115459 1.10173
6 171115067 6916 0.0599001 115459 1.08515
7 159138663 6987 0.060515 115459 1.17963
8 146364022 4646 0.0402394 115459 0.852529
9 141213431 3739 0.0323838 115459 0.711732
10 135534747 4023 0.0348435 115459 0.797335
11 135006516 3204 0.0277501 115459 0.637934
12 133851895 2836 0.0245628 115459 0.568584
13 115169878 5773 0.0500004 115459 1.34772
14 107349540 3140 0.0271958 115459 0.786006
15 102531392 2022 0.0175127 115459 0.529085
16 90354753 1754 0.0151915 115459 0.522046
17 81195210 2024 0.01753 115459 0.669085
18 78077248 2400 0.0207866 115459 0.824865
19 59128983 1516 0.0131302 115459 0.687445
20 63025520 1200 0.0103933 115459 0.511985
21 48129895 1849 0.0160143 115459 1.03318
22 51304566 952 0.00824535 115459 0.499718
X 155270560 4923 0.0426385 115459 0.851068
Y 59373566 62 0.000536987 115459 0.0281145
