1 249250621 3586 0.123417 29056 1.53504
2 243199373 839 0.0288753 29056 0.368307
3 198022430 3387 0.116568 29056 1.82708
4 191154276 1071 0.0368599 29056 0.598374
5 180915260 943 0.0324546 29056 0.556682
6 171115067 2609 0.0897921 29056 1.62667
7 159138663 2703 0.0930273 29056 1.8134
8 146364022 1645 0.0566148 29056 1.19947
9 141213431 1365 0.0469782 29056 1.03249
10 135534747 1687 0.0580603 29056 1.32861
11 135006516 1136 0.0390969 29056 0.89878
12 133851895 1446 0.049766 29056 1.15199
13 115169878 2061 0.070932 29056 1.91191
14 107349540 689 0.0237128 29056 0.685342
15 102531392 335 0.0115295 29056 0.348322
16 90354753 20 0.000688326 29056 0.0236538
17 81195210 157 0.00540336 29056 0.206235
18 78077248 739 0.0254336 29056 1.00927
19 59128983 296 0.0101872 29056 0.533363
20 63025520 199 0.00684884 29056 0.337381
21 48129895 120 0.00412996 29056 0.266449
22 51304566 146 0.00502478 29056 0.304532
X 155270560 575 0.0197894 29056 0.394997
Y 59373566 10 0.000344163 29056 0.018019
