1 249250621 37 0.00136084 27189 0.0169259
2 243199373 27 0.000993049 27189 0.0126664
3 198022430 30 0.00110339 27189 0.0172945
4 191154276 17 0.000625253 27189 0.0101502
5 180915260 16 0.000588473 27189 0.0100939
6 171115067 7 0.000257457 27189 0.00466408
7 159138663 21 0.000772371 27189 0.015056
8 146364022 21 0.000772371 27189 0.0163638
9 141213431 18 0.000662032 27189 0.0145502
10 135534747 10 0.000367796 27189 0.00841638
11 135006516 11 0.000404575 27189 0.00930058
12 133851895 11 0.000404575 27189 0.00936517
13 115169878 5 0.000183898 27189 0.00495682
14 107349540 6 0.000220677 27189 0.00637796
15 102531392 1 3.67796e-05 27189 0.00111117
16 90354753 14 0.000514914 27189 0.0176946
17 81195210 8 0.000294237 27189 0.0112304
18 78077248 10 0.000367796 27189 0.0145951
19 59128983 1 3.67796e-05 27189 0.00192563
20 63025520 9 0.000331016 27189 0.0163062
21 48129895 0 0 27189 0
22 51304566 4 0.000147118 27189 0.00891626
X 155270560 19 0.000698812 27189 0.0139483
Y 59373566 0 0 27189 0
