1 249250621 6522 0.0877686 74309 1.09165
2 243199373 7650 0.102948 74309 1.31312
3 198022430 3893 0.0523893 74309 0.82115
4 191154276 5538 0.0745266 74309 1.20985
5 180915260 3644 0.0490385 74309 0.84114
6 171115067 5104 0.0686862 74309 1.24431
7 159138663 3251 0.0437497 74309 0.852822
8 146364022 3760 0.0505995 74309 1.07202
9 141213431 3407 0.0458491 74309 1.00767
10 135534747 2110 0.0283949 74309 0.64977
11 135006516 4140 0.0557133 74309 1.28077
12 133851895 3865 0.0520125 74309 1.20399
13 115169878 4304 0.0579203 74309 1.56119
14 107349540 956 0.0128652 74309 0.371827
15 102531392 1332 0.0179252 74309 0.541545
16 90354753 2115 0.0284622 74309 0.978084
17 81195210 1118 0.0150453 74309 0.574247
18 78077248 2138 0.0287718 74309 1.14174
19 59128983 681 0.00916443 74309 0.479813
20 63025520 823 0.0110754 74309 0.545585
21 48129895 784 0.0105505 74309 0.68068
22 51304566 404 0.00543676 74309 0.3295
X 155270560 3507 0.0471948 74309 0.942012
Y 59373566 48 0.000645951 74309 0.0338194
