1 249250621 22220 0.0958854 231735 1.1926
2 243199373 15420 0.0665415 231735 0.848744
3 198022430 12301 0.0530822 231735 0.832009
4 191154276 19899 0.0858696 231735 1.39399
5 180915260 14361 0.0619716 231735 1.06298
6 171115067 18616 0.0803331 231735 1.45531
7 159138663 9813 0.0423458 231735 0.825454
8 146364022 11095 0.047878 231735 1.01436
9 141213431 6870 0.0296459 231735 0.651559
10 135534747 5613 0.0242216 231735 0.554271
11 135006516 13708 0.0591538 231735 1.35986
12 133851895 9111 0.0393165 231735 0.910103
13 115169878 6274 0.027074 231735 0.729758
14 107349540 9696 0.0418409 231735 1.20927
15 102531392 2716 0.0117203 231735 0.354087
16 90354753 5169 0.0223057 231735 0.766517
17 81195210 4114 0.017753 231735 0.677597
18 78077248 5252 0.0226638 231735 0.899358
19 59128983 2691 0.0116124 231735 0.607979
20 63025520 4324 0.0186592 231735 0.919175
21 48129895 3745 0.0161607 231735 1.04263
22 51304566 1235 0.00532936 231735 0.322992
X 155270560 12328 0.0531987 231735 1.06185
Y 59373566 138 0.000595508 231735 0.0311784
