1 249250621 44 0.000991639 44371 0.0123338
2 243199373 39 0.000878952 44371 0.0112111
3 198022430 42 0.000946564 44371 0.0148364
4 191154276 35 0.000788803 44371 0.0128053
5 180915260 33 0.000743729 44371 0.0127569
6 171115067 29 0.00065358 44371 0.0118402
7 159138663 21 0.000473282 44371 0.00922577
8 146364022 24 0.000540894 44371 0.0114596
9 141213431 22 0.000495819 44371 0.0108971
10 135534747 13 0.000292984 44371 0.00670444
11 135006516 12 0.000270447 44371 0.00621717
12 133851895 30 0.000676117 44371 0.0156509
13 115169878 12 0.000270447 44371 0.00728967
14 107349540 5 0.000112686 44371 0.00325683
15 102531392 10 0.000225372 44371 0.00680883
16 90354753 23 0.000518357 44371 0.0178129
17 81195210 6 0.000135223 44371 0.0051612
18 78077248 10 0.000225372 44371 0.00894335
19 59128983 5 0.000112686 44371 0.0058998
20 63025520 15 0.000338059 44371 0.0166531
21 48129895 7 0.000157761 44371 0.0101781
22 51304566 4 9.0149e-05 44371 0.00546357
X 155270560 16 0.000360596 44371 0.00719752
Y 59373566 0 0 44371 0
