1 249250621 11766 0.0787192 149468 0.979094
2 243199373 13288 0.088902 149468 1.13395
3 198022430 9694 0.0648567 149468 1.01656
4 191154276 12746 0.0852758 149468 1.38435
5 180915260 12663 0.0847205 149468 1.45318
6 171115067 10506 0.0702893 149468 1.27336
7 159138663 9399 0.062883 149468 1.22579
8 146364022 7071 0.0473078 149468 1.00228
9 141213431 5029 0.033646 149468 0.739472
10 135534747 6072 0.0406241 149468 0.929613
11 135006516 5923 0.0396272 149468 0.91097
12 133851895 4797 0.0320938 149468 0.742913
13 115169878 6306 0.0421896 149468 1.13719
14 107349540 2817 0.0188468 149468 0.544706
15 102531392 3418 0.0228678 149468 0.690869
16 90354753 2166 0.0144914 149468 0.497986
17 81195210 1768 0.0118286 149468 0.451474
18 78077248 1871 0.0125177 149468 0.496735
19 59128983 1285 0.00859716 149468 0.450113
20 63025520 1386 0.00927289 149468 0.456793
21 48129895 1547 0.01035 149468 0.667745
22 51304566 612 0.00409452 149468 0.248153
X 155270560 8772 0.0586881 149468 1.17142
Y 59373566 117 0.000782776 149468 0.040983
