1 249250621 5803 0.0646185 89804 0.803713
2 243199373 8309 0.0925237 89804 1.18015
3 198022430 7113 0.0792058 89804 1.24147
4 191154276 5516 0.0614227 89804 0.997121
5 180915260 4926 0.0548528 89804 0.940871
6 171115067 5672 0.0631598 89804 1.1442
7 159138663 5076 0.0565231 89804 1.10181
8 146364022 4013 0.0446862 89804 0.946742
9 141213431 3038 0.0338292 89804 0.7435
10 135534747 2204 0.0245423 89804 0.56161
11 135006516 3513 0.0391185 89804 0.899276
12 133851895 4093 0.045577 89804 1.05502
13 115169878 5658 0.0630039 89804 1.69822
14 107349540 2621 0.0291858 89804 0.84352
15 102531392 818 0.00910873 89804 0.275188
16 90354753 1390 0.0154782 89804 0.531895
17 81195210 840 0.0093537 89804 0.357012
18 78077248 2960 0.0329607 89804 1.30796
19 59128983 1090 0.0121375 89804 0.635474
20 63025520 1428 0.0159013 89804 0.783315
21 48129895 584 0.00650305 89804 0.419552
22 51304566 337 0.00375262 89804 0.227431
X 155270560 6671 0.074284 89804 1.48271
Y 59373566 57 0.000634716 89804 0.0332312
