1 249250621 3550 0.0966565 36728 1.2022
2 243199373 1919 0.052249 36728 0.666441
3 198022430 2449 0.0666794 36728 1.04513
4 191154276 3011 0.081981 36728 1.33086
5 180915260 1993 0.0542638 36728 0.930768
6 171115067 1186 0.0322914 36728 0.58499
7 159138663 2437 0.0663526 36728 1.29342
8 146364022 2843 0.0774069 36728 1.63998
9 141213431 323 0.00879438 36728 0.193283
10 135534747 2181 0.0593825 36728 1.35887
11 135006516 2141 0.0582934 36728 1.34008
12 133851895 397 0.0108092 36728 0.250213
13 115169878 769 0.0209377 36728 0.564359
14 107349540 489 0.0133141 36728 0.3848
15 102531392 711 0.0193585 36728 0.58485
16 90354753 1247 0.0339523 36728 1.16675
17 81195210 201 0.00547266 36728 0.20888
18 78077248 1103 0.0300316 36728 1.19173
19 59128983 222 0.00604443 36728 0.316463
20 63025520 302 0.00822261 36728 0.405055
21 48129895 515 0.014022 36728 0.904645
22 51304566 58 0.00157918 36728 0.0957077
X 155270560 3388 0.0922457 36728 1.84123
Y 59373566 32 0.00087127 36728 0.0456162
