1 249250621 1453 0.0927131 15672 1.15315
2 243199373 1441 0.0919474 15672 1.1728
3 198022430 1267 0.0808448 15672 1.26716
4 191154276 1096 0.0699336 15672 1.13529
5 180915260 877 0.0559597 15672 0.959857
6 171115067 1080 0.0689127 15672 1.24842
7 159138663 1100 0.0701889 15672 1.3682
8 146364022 523 0.0333716 15672 0.707026
9 141213431 537 0.0342649 15672 0.753075
10 135534747 594 0.037902 15672 0.867322
11 135006516 801 0.0511103 15672 1.17495
12 133851895 480 0.0306279 15672 0.708979
13 115169878 755 0.0481751 15672 1.29852
14 107349540 232 0.0148035 15672 0.427846
15 102531392 237 0.0151225 15672 0.456873
16 90354753 184 0.0117407 15672 0.40346
17 81195210 365 0.0232899 15672 0.888929
18 78077248 262 0.0167177 15672 0.663401
19 59128983 211 0.0134635 15672 0.704895
20 63025520 41 0.00261613 15672 0.128873
21 48129895 170 0.0108474 15672 0.69983
22 51304566 59 0.00376468 15672 0.228162
X 155270560 1172 0.0747831 15672 1.49268
Y 59373566 15 0.000957121 15672 0.050111
