1 249250621 7080 0.0927345 76347 1.15341
2 243199373 6361 0.083317 76347 1.06272
3 198022430 5346 0.0700224 76347 1.09753
4 191154276 5812 0.0761261 76347 1.23581
5 180915260 5617 0.073572 76347 1.26196
6 171115067 6319 0.0827668 76347 1.4994
7 159138663 3701 0.048476 76347 0.944952
8 146364022 1893 0.0247947 76347 0.525311
9 141213431 2974 0.0389537 76347 0.856126
10 135534747 2308 0.0302304 76347 0.691771
11 135006516 2597 0.0340157 76347 0.781971
12 133851895 3487 0.045673 76347 1.05725
13 115169878 4111 0.0538463 76347 1.45138
14 107349540 2305 0.0301911 76347 0.872575
15 102531392 1035 0.0135565 76347 0.409563
16 90354753 640 0.00838278 76347 0.288068
17 81195210 464 0.00607751 76347 0.231966
18 78077248 1808 0.0236813 76347 0.939736
19 59128983 866 0.0113429 76347 0.593872
20 63025520 358 0.00468912 76347 0.230991
21 48129895 613 0.00802913 76347 0.518008
22 51304566 248 0.00324833 76347 0.196868
X 155270560 6227 0.0815618 76347 1.62798
Y 59373566 61 0.000798984 76347 0.0418316
