1 249250621 8193 0.0841602 97350 1.04677
2 243199373 8461 0.0869132 97350 1.10859
3 198022430 6335 0.0650745 97350 1.01998
4 191154276 7485 0.0768875 97350 1.24817
5 180915260 8888 0.0912994 97350 1.56603
6 171115067 7016 0.0720699 97350 1.30561
7 159138663 4358 0.0447663 97350 0.872638
8 146364022 4702 0.0482999 97350 1.0233
9 141213431 3554 0.0365074 97350 0.802361
10 135534747 3854 0.0395891 97350 0.905929
11 135006516 4109 0.0422085 97350 0.970311
12 133851895 3665 0.0376477 97350 0.871474
13 115169878 4705 0.0483308 97350 1.30272
14 107349540 2432 0.024982 97350 0.722024
15 102531392 1436 0.0147509 97350 0.445646
16 90354753 1441 0.0148023 97350 0.508669
17 81195210 1282 0.013169 97350 0.502633
18 78077248 2082 0.0213867 97350 0.848681
19 59128983 515 0.00529019 97350 0.276973
20 63025520 708 0.00727273 97350 0.358262
21 48129895 827 0.00849512 97350 0.548072
22 51304566 678 0.00696456 97350 0.422095
X 155270560 4696 0.0482383 97350 0.962841
Y 59373566 56 0.000575244 97350 0.0301175
