1 249250621 4478 0.0876458 51092 1.09012
2 243199373 3742 0.0732404 51092 0.934189
3 198022430 4852 0.0949659 51092 1.48849
4 191154276 4240 0.0829876 51092 1.3472
5 180915260 3467 0.067858 51092 1.16394
6 171115067 3529 0.0690715 51092 1.25129
7 159138663 2815 0.0550967 51092 1.07401
8 146364022 2542 0.0497534 51092 1.0541
9 141213431 2364 0.0462695 51092 1.01691
10 135534747 1493 0.0292218 51092 0.668691
11 135006516 2406 0.0470915 51092 1.08256
12 133851895 2378 0.0465435 51092 1.0774
13 115169878 1369 0.0267948 51092 0.722232
14 107349540 1137 0.022254 51092 0.643178
15 102531392 677 0.0132506 51092 0.40032
16 90354753 491 0.00961012 51092 0.330245
17 81195210 773 0.0151296 51092 0.577465
18 78077248 1302 0.0254834 51092 1.01125
19 59128983 461 0.00902294 51092 0.472405
20 63025520 350 0.00685039 51092 0.337458
21 48129895 173 0.00338605 51092 0.218455
22 51304566 361 0.00706569 51092 0.428223
X 155270560 3115 0.0609684 51092 1.21694
Y 59373566 37 0.000724184 51092 0.0379154
