1 249250621 11231 0.0709915 158202 0.882979
2 243199373 9483 0.0599424 158202 0.764571
3 198022430 8260 0.0522117 158202 0.818366
4 191154276 14758 0.0932858 158202 1.51438
5 180915260 10241 0.0647337 158202 1.11035
6 171115067 11070 0.0699738 158202 1.26764
7 159138663 8896 0.0562319 158202 1.09614
8 146364022 7867 0.0497276 158202 1.05355
9 141213431 4463 0.0282108 158202 0.620017
10 135534747 6093 0.0385141 158202 0.881328
11 135006516 6510 0.0411499 158202 0.945975
12 133851895 6871 0.0434318 158202 1.00537
13 115169878 8269 0.0522686 158202 1.40886
14 107349540 2512 0.0158784 158202 0.458914
15 102531392 3698 0.0233752 158202 0.706199
16 90354753 1594 0.0100757 158202 0.346245
17 81195210 1600 0.0101137 158202 0.386017
18 78077248 4475 0.0282866 158202 1.12248
19 59128983 1304 0.00824263 158202 0.431551
20 63025520 2825 0.0178569 158202 0.879651
21 48129895 1101 0.00695946 158202 0.448997
22 51304566 854 0.00539816 158202 0.327161
X 155270560 13491 0.0852771 158202 1.70214
Y 59373566 90 0.000568893 158202 0.029785
