1 249250621 7634 0.0788416 96827 0.980617
2 243199373 9785 0.101057 96827 1.28899
3 198022430 6439 0.0665 96827 1.04232
4 191154276 8086 0.0835098 96827 1.35568
5 180915260 7055 0.0728619 96827 1.24978
6 171115067 7224 0.0746073 96827 1.35158
7 159138663 4542 0.0469084 96827 0.914394
8 146364022 4448 0.0459376 96827 0.973254
9 141213431 4188 0.0432524 96827 0.950602
10 135534747 3203 0.0330796 96827 0.756971
11 135006516 4850 0.0500893 96827 1.15148
12 133851895 3135 0.0323773 96827 0.749475
13 115169878 2526 0.0260878 96827 0.703174
14 107349540 2502 0.0258399 96827 0.746818
15 102531392 1168 0.0120628 96827 0.364434
16 90354753 2051 0.0211821 96827 0.727908
17 81195210 1161 0.0119905 96827 0.457651
18 78077248 2244 0.0231754 96827 0.919657
19 59128983 782 0.00807626 96827 0.422841
20 63025520 1279 0.0132091 96827 0.650696
21 48129895 1280 0.0132195 96827 0.852868
22 51304566 598 0.00617596 96827 0.374301
X 155270560 4996 0.0515972 96827 1.02988
Y 59373566 42 0.000433763 96827 0.0227101
