1 249250621 4578 0.0663238 69025 0.824923
2 243199373 4923 0.071322 69025 0.909719
3 198022430 3975 0.0575878 69025 0.902631
4 191154276 3834 0.0555451 69025 0.901706
5 180915260 4066 0.0589062 69025 1.0104
6 171115067 3331 0.0482579 69025 0.874237
7 159138663 3530 0.0511409 69025 0.996898
8 146364022 2666 0.0386237 69025 0.818298
9 141213431 2258 0.0327128 69025 0.718962
10 135534747 2168 0.0314089 69025 0.718739
11 135006516 3151 0.0456501 69025 1.04943
12 133851895 2380 0.0344803 69025 0.798154
13 115169878 2664 0.0385947 69025 1.04029
14 107349540 1446 0.0209489 69025 0.60546
15 102531392 1144 0.0165737 69025 0.500716
16 90354753 749 0.0108511 69025 0.372891
17 81195210 814 0.0117928 69025 0.450108
18 78077248 1613 0.0233683 69025 0.927315
19 59128983 616 0.0089243 69025 0.467241
20 63025520 485 0.00702644 69025 0.34613
21 48129895 876 0.0126911 69025 0.818778
22 51304566 287 0.00415791 69025 0.251995
X 155270560 3935 0.0570083 69025 1.13789
Y 59373566 44 0.00063745 69025 0.0333744
