1 249250621 8964 0.0969542 92456 1.2059
2 243199373 8184 0.0885178 92456 1.12905
3 198022430 5530 0.0598122 92456 0.937496
4 191154276 7327 0.0792485 92456 1.2865
5 180915260 6737 0.0728671 92456 1.24986
6 171115067 5963 0.0644955 92456 1.1684
7 159138663 5255 0.0568378 92456 1.10795
8 146364022 3528 0.0381587 92456 0.808447
9 141213431 2870 0.0310418 92456 0.682237
10 135534747 3647 0.0394458 92456 0.90265
11 135006516 2520 0.0272562 92456 0.62658
12 133851895 4859 0.0525547 92456 1.21654
13 115169878 4071 0.0440318 92456 1.18684
14 107349540 2690 0.0290949 92456 0.840894
15 102531392 2560 0.0276888 92456 0.836521
16 90354753 2331 0.025212 92456 0.866392
17 81195210 2193 0.0237194 92456 0.90532
18 78077248 1817 0.0196526 92456 0.779865
19 59128983 1158 0.0125249 92456 0.655753
20 63025520 1079 0.0116704 92456 0.574897
21 48129895 924 0.00999394 92456 0.644771
22 51304566 515 0.00557022 92456 0.337589
X 155270560 4399 0.0475794 92456 0.949688
Y 59373566 26 0.000281215 92456 0.0147233
