1 249250621 22 0.00146735 14993 0.0182506
2 243199373 18 0.00120056 14993 0.0153133
3 198022430 6 0.000400187 14993 0.00627252
4 191154276 5 0.000333489 14993 0.00541378
5 180915260 13 0.000867071 14993 0.0148726
6 171115067 4 0.000266791 14993 0.00483317
7 159138663 8 0.000533582 14993 0.0104012
8 146364022 11 0.000733676 14993 0.015544
9 141213431 5 0.000333489 14993 0.00732943
10 135534747 4 0.000266791 14993 0.00610506
11 135006516 7 0.000466885 14993 0.010733
12 133851895 10 0.000666978 14993 0.0154393
13 115169878 10 0.000666978 14993 0.0179778
14 107349540 2 0.000133396 14993 0.00385536
15 102531392 4 0.000266791 14993 0.00806016
16 90354753 0 0 14993 0
17 81195210 0 0 14993 0
18 78077248 0 0 14993 0
19 59128983 1 6.66978e-05 14993 0.00349203
20 63025520 8 0.000533582 14993 0.0262848
21 48129895 1 6.66978e-05 14993 0.00430308
22 51304566 2 0.000133396 14993 0.00808458
X 155270560 18 0.00120056 14993 0.0239633
Y 59373566 2 0.000133396 14993 0.00698406
