1 249250621 1267 0.0824601 15365 1.02562
2 243199373 905 0.0589001 15365 0.751277
3 198022430 1089 0.0708754 15365 1.1109
4 191154276 1383 0.0900098 15365 1.4612
5 180915260 1197 0.0779043 15365 1.33627
6 171115067 1145 0.07452 15365 1.35
7 159138663 760 0.0494631 15365 0.964192
8 146364022 728 0.0473804 15365 1.00382
9 141213431 602 0.03918 15365 0.861098
10 135534747 539 0.0350797 15365 0.80274
11 135006516 771 0.050179 15365 1.15354
12 133851895 531 0.0345591 15365 0.799978
13 115169878 943 0.0613733 15365 1.65427
14 107349540 354 0.0230394 15365 0.665878
15 102531392 318 0.0206964 15365 0.625269
16 90354753 63 0.00410023 15365 0.140901
17 81195210 320 0.0208266 15365 0.794907
18 78077248 408 0.0265539 15365 1.05372
19 59128983 116 0.00754963 15365 0.395268
20 63025520 76 0.00494631 15365 0.24366
21 48129895 205 0.013342 15365 0.860775
22 51304566 109 0.00709404 15365 0.429942
X 155270560 662 0.0430849 15365 0.859979
Y 59373566 8 0.000520664 15365 0.0272599
