1 249250621 20381 0.111423 182915 1.38586
2 243199373 14489 0.0792117 182915 1.01035
3 198022430 8802 0.0481207 182915 0.754243
4 191154276 15188 0.0830331 182915 1.34794
5 180915260 12382 0.0676926 182915 1.16111
6 171115067 9322 0.0509636 182915 0.923253
7 159138663 9003 0.0492196 182915 0.959446
8 146364022 8385 0.045841 182915 0.971207
9 141213431 7806 0.0426756 182915 0.937924
10 135534747 9283 0.0507503 182915 1.16134
11 135006516 7973 0.0435886 182915 1.00204
12 133851895 9241 0.0505207 182915 1.16946
13 115169878 5925 0.0323921 182915 0.873102
14 107349540 5497 0.0300522 182915 0.868561
15 102531392 4716 0.0257825 182915 0.778927
16 90354753 2477 0.0135418 182915 0.465354
17 81195210 2618 0.0143127 182915 0.546285
18 78077248 1757 0.00960555 182915 0.381173
19 59128983 2866 0.0156685 182915 0.820339
20 63025520 2380 0.0130115 182915 0.640961
21 48129895 1379 0.00753902 182915 0.486388
22 51304566 619 0.00338409 182915 0.205096
X 155270560 13097 0.0716016 182915 1.42917
Y 59373566 98 0.000535768 182915 0.0280507
