1 249250621 38 0.00101496 37440 0.0126238
2 243199373 34 0.00090812 37440 0.0115832
3 198022430 22 0.000587607 37440 0.00921014
4 191154276 28 0.000747863 37440 0.0121406
5 180915260 36 0.000961538 37440 0.0164929
6 171115067 30 0.000801282 37440 0.014516
7 159138663 33 0.00088141 37440 0.0171815
8 146364022 18 0.000480769 37440 0.0101858
9 141213431 25 0.000667735 37440 0.0146755
10 135534747 16 0.00042735 37440 0.00977919
11 135006516 18 0.000480769 37440 0.0110522
12 133851895 24 0.000641026 37440 0.0148386
13 115169878 19 0.000507479 37440 0.0136787
14 107349540 4 0.000106838 37440 0.00308779
15 102531392 7 0.000186966 37440 0.00564851
16 90354753 7 0.000186966 37440 0.00642494
17 81195210 2 5.34188e-05 37440 0.00203889
18 78077248 13 0.000347222 37440 0.0137787
19 59128983 1 2.67094e-05 37440 0.0013984
20 63025520 18 0.000480769 37440 0.0236832
21 48129895 3 8.01282e-05 37440 0.00516956
22 51304566 3 8.01282e-05 37440 0.00485625
X 155270560 25 0.000667735 37440 0.013328
Y 59373566 2 5.34188e-05 37440 0.0027968
