1 249250621 6228 0.0981452 63457 1.22071
2 243199373 6024 0.0949304 63457 1.21085
3 198022430 5487 0.086468 63457 1.3553
4 191154276 5731 0.0903131 63457 1.46612
5 180915260 4689 0.0738926 63457 1.26745
6 171115067 3654 0.0575823 63457 1.04316
7 159138663 3478 0.0548088 63457 1.0684
8 146364022 1644 0.0259073 63457 0.548884
9 141213431 2469 0.0389082 63457 0.855126
10 135534747 2291 0.0361032 63457 0.82616
11 135006516 1912 0.0301306 63457 0.692658
12 133851895 2746 0.0432734 63457 1.0017
13 115169878 3551 0.0559592 63457 1.50833
14 107349540 855 0.0134737 63457 0.389413
15 102531392 1059 0.0166885 63457 0.504183
16 90354753 1246 0.0196353 63457 0.674754
17 81195210 661 0.0104165 63457 0.397576
18 78077248 1485 0.0234017 63457 0.928638
19 59128983 399 0.00628772 63457 0.3292
20 63025520 797 0.0125597 63457 0.618704
21 48129895 1351 0.02129 63457 1.37355
22 51304566 280 0.00441244 63457 0.26742
X 155270560 2627 0.0413981 63457 0.82631
Y 59373566 25 0.000393968 63457 0.0206266
