1 249250621 4075 0.0771006 52853 0.958963
2 243199373 4393 0.0831173 52853 1.06017
3 198022430 3736 0.0706866 52853 1.10794
4 191154276 4399 0.0832308 52853 1.35115
5 180915260 3115 0.0589371 52853 1.01093
6 171115067 3565 0.0674512 52853 1.22194
7 159138663 2833 0.0536015 52853 1.04486
8 146364022 2820 0.0533555 52853 1.13041
9 141213431 1864 0.0352676 52853 0.775113
10 135534747 1984 0.0375381 52853 0.858995
11 135006516 1451 0.0274535 52853 0.631115
12 133851895 1171 0.0221558 52853 0.512866
13 115169878 3224 0.0609994 52853 1.64419
14 107349540 981 0.0185609 52853 0.536443
15 102531392 1177 0.0222693 52853 0.672789
16 90354753 1125 0.0212855 52853 0.731459
17 81195210 649 0.0122793 52853 0.468677
18 78077248 1189 0.0224964 52853 0.892713
19 59128983 374 0.00707623 52853 0.370483
20 63025520 493 0.00932776 52853 0.459495
21 48129895 718 0.0135848 52853 0.876442
22 51304566 236 0.00446521 52853 0.270619
X 155270560 3939 0.0745275 52853 1.48757
Y 59373566 46 0.000870338 52853 0.0455675
