1 249250621 13223 0.0789202 167549 0.981594
2 243199373 14473 0.0863807 167549 1.10179
3 198022430 12741 0.0760434 167549 1.1919
4 191154276 12705 0.0758286 167549 1.23098
5 180915260 13555 0.0809017 167549 1.38768
6 171115067 10315 0.0615641 167549 1.11529
7 159138663 8320 0.0496571 167549 0.967975
8 146364022 5754 0.0343422 167549 0.727589
9 141213431 5966 0.0356075 167549 0.782582
10 135534747 5121 0.0305642 167549 0.699409
11 135006516 8571 0.0511552 167549 1.17598
12 133851895 7091 0.0423219 167549 0.979675
13 115169878 8715 0.0520146 167549 1.40201
14 107349540 4600 0.0274547 167549 0.793487
15 102531392 2693 0.0160729 167549 0.485586
16 90354753 3013 0.0179828 167549 0.617966
17 81195210 1823 0.0108804 167549 0.415282
18 78077248 3564 0.0212714 167549 0.844103
19 59128983 1123 0.00670252 167549 0.350917
20 63025520 1869 0.0111549 167549 0.549505
21 48129895 1942 0.0115906 167549 0.747783
22 51304566 740 0.00441662 167549 0.267674
X 155270560 10328 0.0616417 167549 1.23037
Y 59373566 114 0.000680398 167549 0.0356229
