1 249250621 11885 0.0887417 133928 1.10375
2 243199373 8906 0.0664984 133928 0.848194
3 198022430 9497 0.0709112 133928 1.11146
4 191154276 10580 0.0789977 133928 1.28243
5 180915260 6873 0.0513186 133928 0.880251
6 171115067 8788 0.0656173 133928 1.18872
7 159138663 8455 0.0631309 133928 1.23062
8 146364022 6439 0.0480781 133928 1.0186
9 141213431 4417 0.0329804 133928 0.724844
10 135534747 7626 0.056941 133928 1.303
11 135006516 4720 0.0352428 133928 0.81018
12 133851895 3660 0.0273281 133928 0.632595
13 115169878 7588 0.0566573 133928 1.52715
14 107349540 2760 0.0206081 133928 0.595609
15 102531392 2980 0.0222508 133928 0.672228
16 90354753 2165 0.0161654 133928 0.555512
17 81195210 2179 0.0162699 133928 0.62099
18 78077248 4595 0.0343095 133928 1.36149
19 59128983 897 0.00669763 133928 0.350661
20 63025520 2057 0.015359 133928 0.756601
21 48129895 1253 0.00935577 133928 0.603598
22 51304566 649 0.00484589 133928 0.29369
X 155270560 8296 0.0619437 133928 1.2364
Y 59373566 76 0.000567469 133928 0.0297104
