1 249250621 5556 0.0789227 70398 0.981626
2 243199373 5148 0.0731271 70398 0.932743
3 198022430 10439 0.148285 70398 2.32422
4 191154276 3623 0.0514645 70398 0.835463
5 180915260 4754 0.0675303 70398 1.15832
6 171115067 5082 0.0721896 70398 1.30778
7 159138663 5038 0.0715645 70398 1.39502
8 146364022 2772 0.0393761 70398 0.83424
9 141213431 1825 0.025924 70398 0.569759
10 135534747 2217 0.0314924 70398 0.720649
11 135006516 2531 0.0359527 70398 0.826499
12 133851895 1195 0.0169749 70398 0.392938
13 115169878 4160 0.0590926 70398 1.59279
14 107349540 1711 0.0243047 70398 0.702447
15 102531392 1623 0.0230546 70398 0.696515
16 90354753 752 0.0106821 70398 0.367083
17 81195210 678 0.00963096 70398 0.367594
18 78077248 1415 0.0201 70398 0.797619
19 59128983 223 0.0031677 70398 0.165848
20 63025520 589 0.00836671 70398 0.412153
21 48129895 1116 0.0158527 70398 1.02276
22 51304566 294 0.00417626 70398 0.253106
X 155270560 4244 0.0602858 70398 1.20331
Y 59373566 58 0.000823887 70398 0.0431354
