1 249250621 23 0.00117557 19565 0.0146215
2 243199373 23 0.00117557 19565 0.0149945
3 198022430 10 0.000511117 19565 0.00801123
4 191154276 14 0.000715564 19565 0.0116163
5 180915260 7 0.000357782 19565 0.00613691
6 171115067 13 0.000664452 19565 0.0120372
7 159138663 13 0.000664452 19565 0.0129523
8 146364022 6 0.00030667 19565 0.00649725
9 141213431 6 0.00030667 19565 0.00674
10 135534747 23 0.00117557 19565 0.0269009
11 135006516 7 0.000357782 19565 0.00822487
12 133851895 13 0.000664452 19565 0.0153808
13 115169878 14 0.000715564 19565 0.0192874
14 107349540 4 0.000204447 19565 0.00590886
15 102531392 5 0.000255558 19565 0.0077208
16 90354753 5 0.000255558 19565 0.00878208
17 81195210 0 0 19565 0
18 78077248 6 0.00030667 19565 0.0121694
19 59128983 1 5.11117e-05 19565 0.002676
20 63025520 12 0.00061334 19565 0.0302138
21 48129895 2 0.000102223 19565 0.00659506
22 51304566 1 5.11117e-05 19565 0.00309768
X 155270560 16 0.000817787 19565 0.0163231
Y 59373566 1 5.11117e-05 19565 0.002676
