1 249250621 4431 0.0689371 64276 0.857426
2 243199373 4412 0.0686415 64276 0.875529
3 198022430 4080 0.0634763 64276 0.994926
4 191154276 5947 0.0925229 64276 1.50199
5 180915260 5073 0.0789253 64276 1.35378
6 171115067 3747 0.0582955 64276 1.05608
7 159138663 3416 0.0531458 64276 1.03598
8 146364022 3533 0.0549661 64276 1.16454
9 141213431 2157 0.0335584 64276 0.737547
10 135534747 2924 0.0454913 64276 1.04099
11 135006516 4093 0.0636785 64276 1.46387
12 133851895 3641 0.0566463 64276 1.31126
13 115169878 3598 0.0559773 64276 1.50882
14 107349540 749 0.0116529 64276 0.336788
15 102531392 583 0.00907026 64276 0.274026
16 90354753 1292 0.0201008 64276 0.69075
17 81195210 422 0.00656544 64276 0.250589
18 78077248 1807 0.0281131 64276 1.1156
19 59128983 228 0.0035472 64276 0.185717
20 63025520 153 0.00238036 64276 0.117259
21 48129895 506 0.0078723 64276 0.50789
22 51304566 190 0.002956 64276 0.179152
X 155270560 3710 0.0577198 64276 1.15209
Y 59373566 48 0.00074678 64276 0.0390984
