1 249250621 4875 0.102532 47546 1.27528
2 243199373 4233 0.0890296 47546 1.13558
3 198022430 3237 0.0680814 47546 1.06711
4 191154276 3156 0.0663778 47546 1.07756
5 180915260 3427 0.0720776 47546 1.23632
6 171115067 2441 0.0513398 47546 0.930068
7 159138663 2899 0.0609725 47546 1.18855
8 146364022 2130 0.0447987 47546 0.949125
9 141213431 2046 0.043032 47546 0.945758
10 135534747 2495 0.0524755 47546 1.20081
11 135006516 2628 0.0552728 47546 1.27064
12 133851895 1952 0.041055 47546 0.950347
13 115169878 1548 0.0325579 47546 0.877573
14 107349540 918 0.0193076 47546 0.558024
15 102531392 885 0.0186136 47546 0.562343
16 90354753 502 0.0105582 47546 0.362825
17 81195210 645 0.0135658 47546 0.517779
18 78077248 309 0.00649897 47546 0.257896
19 59128983 442 0.00929626 47546 0.486715
20 63025520 579 0.0121777 47546 0.599886
21 48129895 778 0.0163631 47546 1.05568
22 51304566 110 0.00231355 47546 0.140215
X 155270560 2619 0.0550835 47546 1.09947
Y 59373566 23 0.000483742 47546 0.0253268
