1 249250621 5003 0.0706289 70835 0.878469
2 243199373 5935 0.0837863 70835 1.0687
3 198022430 5813 0.082064 70835 1.28627
4 191154276 5862 0.0827557 70835 1.34344
5 180915260 4192 0.0591798 70835 1.01509
6 171115067 5450 0.0769394 70835 1.39383
7 159138663 3927 0.0554387 70835 1.08068
8 146364022 2847 0.040192 70835 0.851525
9 141213431 2967 0.0418861 70835 0.920573
10 135534747 1877 0.0264982 70835 0.606366
11 135006516 3776 0.053307 70835 1.22545
12 133851895 1921 0.0271194 70835 0.627763
13 115169878 4077 0.0575563 70835 1.55138
14 107349540 2025 0.0285876 70835 0.82623
15 102531392 950 0.0134114 70835 0.40518
16 90354753 1230 0.0173643 70835 0.596711
17 81195210 837 0.0118162 70835 0.451
18 78077248 1650 0.0232936 70835 0.924348
19 59128983 236 0.00333169 70835 0.174434
20 63025520 917 0.0129456 70835 0.637713
21 48129895 649 0.00916214 70835 0.591106
22 51304566 343 0.00484224 70835 0.293469
X 155270560 3864 0.0545493 70835 1.08881
Y 59373566 25 0.000352933 70835 0.0184782
