1 249250621 4263 0.086313 49390 1.07355
2 243199373 5165 0.104576 49390 1.33388
3 198022430 2723 0.0551326 49390 0.864148
4 191154276 3155 0.0638793 49390 1.037
5 180915260 3788 0.0766957 49390 1.31553
6 171115067 3164 0.0640616 49390 1.16054
7 159138663 2804 0.0567726 49390 1.10668
8 146364022 2568 0.0519943 49390 1.10157
9 141213431 1530 0.0309779 49390 0.680834
10 135534747 2310 0.0467706 49390 1.07027
11 135006516 2350 0.0475805 49390 1.0938
12 133851895 2574 0.0521158 49390 1.20638
13 115169878 2190 0.044341 49390 1.19517
14 107349540 859 0.0173922 49390 0.502664
15 102531392 987 0.0199838 49390 0.60374
16 90354753 611 0.0123709 49390 0.425118
17 81195210 833 0.0168658 49390 0.643731
18 78077248 1050 0.0212594 49390 0.843626
19 59128983 445 0.00900992 49390 0.471724
20 63025520 468 0.0094756 49390 0.466778
21 48129895 805 0.0162988 49390 1.05154
22 51304566 178 0.00360397 49390 0.218422
X 155270560 2695 0.0545657 49390 1.08914
Y 59373566 24 0.000485928 49390 0.0254413
