1 249250621 4848 0.0911141 53208 1.13326
2 243199373 5009 0.09414 53208 1.20077
3 198022430 3431 0.0644828 53208 1.0107
4 191154276 3960 0.0744249 53208 1.2082
5 180915260 3155 0.0592956 53208 1.01708
6 171115067 4242 0.0797249 53208 1.44429
7 159138663 3111 0.0584687 53208 1.13974
8 146364022 1497 0.0281349 53208 0.596078
9 141213431 1170 0.0219892 53208 0.483279
10 135534747 1655 0.0311043 53208 0.71177
11 135006516 2599 0.048846 53208 1.1229
12 133851895 2011 0.0377951 53208 0.874886
13 115169878 3125 0.0587318 53208 1.58307
14 107349540 918 0.017253 53208 0.498643
15 102531392 922 0.0173282 53208 0.523511
16 90354753 1278 0.0240189 53208 0.825393
17 81195210 364 0.00684108 53208 0.26111
18 78077248 1811 0.0340362 53208 1.35064
19 59128983 386 0.00725455 53208 0.379819
20 63025520 465 0.00873929 53208 0.430507
21 48129895 868 0.0163133 53208 1.05247
22 51304566 310 0.00582619 53208 0.353103
X 155270560 3338 0.0627349 53208 1.25219
Y 59373566 17 0.000319501 53208 0.0167278
