1 249250621 4378 0.0640442 68359 0.79657
2 243199373 5108 0.0747232 68359 0.953101
3 198022430 2814 0.041165 68359 0.64522
4 191154276 3506 0.0512881 68359 0.832598
5 180915260 3649 0.0533799 68359 0.915608
6 171115067 3584 0.0524291 68359 0.949802
7 159138663 3004 0.0439445 68359 0.856617
8 146364022 2345 0.0343042 68359 0.726784
9 141213431 2185 0.0319636 68359 0.702497
10 135534747 2092 0.0306031 68359 0.700301
11 135006516 1499 0.0219283 68359 0.5041
12 133851895 1461 0.0213725 68359 0.494733
13 115169878 1498 0.0219137 68359 0.590666
14 107349540 1207 0.0176568 68359 0.510312
15 102531392 1198 0.0175251 68359 0.52946
16 90354753 1039 0.0151992 68359 0.522308
17 81195210 611 0.00893811 68359 0.341149
18 78077248 803 0.0117468 68359 0.466143
19 59128983 655 0.00958177 68359 0.501663
20 63025520 502 0.00734358 68359 0.361753
21 48129895 291 0.00425694 68359 0.274641
22 51304566 385 0.00563203 68359 0.341335
X 155270560 2468 0.0361035 68359 0.720629
Y 59373566 30 0.00043886 68359 0.0229769
