1 249250621 17 0.00089852 18920 0.0111756
2 243199373 16 0.000845666 18920 0.0107866
3 198022430 7 0.000369979 18920 0.00579904
4 191154276 8 0.000422833 18920 0.00686417
5 180915260 10 0.000528541 18920 0.00906589
6 171115067 14 0.000739958 18920 0.013405
7 159138663 16 0.000845666 18920 0.0164847
8 146364022 15 0.000792812 18920 0.0167969
9 141213431 4 0.000211416 18920 0.00464652
10 135534747 7 0.000369979 18920 0.00846634
11 135006516 17 0.00089852 18920 0.0206556
12 133851895 4 0.000211416 18920 0.0048939
13 115169878 11 0.000581395 18920 0.015671
14 107349540 5 0.000264271 18920 0.00763788
15 102531392 6 0.000317125 18920 0.00958081
16 90354753 0 0 18920 0
17 81195210 8 0.000422833 18920 0.0161387
18 78077248 4 0.000211416 18920 0.00838954
19 59128983 0 0 18920 0
20 63025520 16 0.000845666 18920 0.0416584
21 48129895 0 0 18920 0
22 51304566 3 0.000158562 18920 0.00960984
X 155270560 12 0.000634249 18920 0.0126597
Y 59373566 1 5.28541e-05 18920 0.00276723
