1 249250621 6363 0.0776724 81921 0.966075
2 243199373 6883 0.08402 81921 1.07168
3 198022430 5683 0.0693717 81921 1.08733
4 191154276 6941 0.084728 81921 1.37545
5 180915260 5288 0.06455 81921 1.1072
6 171115067 5132 0.0626457 81921 1.13489
7 159138663 4755 0.0580437 81921 1.13146
8 146364022 3163 0.0386104 81921 0.818016
9 141213431 3189 0.0389277 81921 0.855555
10 135534747 2128 0.0259762 81921 0.594422
11 135006516 3260 0.0397944 81921 0.914815
12 133851895 3808 0.0464838 81921 1.07601
13 115169878 4647 0.0567254 81921 1.52899
14 107349540 2853 0.0348262 81921 1.00654
15 102531392 1277 0.0155882 81921 0.470942
16 90354753 1294 0.0157957 81921 0.542808
17 81195210 1254 0.0153074 81921 0.584253
18 78077248 2306 0.0281491 81921 1.11703
19 59128983 695 0.00848378 81921 0.444177
20 63025520 487 0.00594475 81921 0.292845
21 48129895 835 0.0101927 81921 0.657597
22 51304566 401 0.00489496 81921 0.296664
X 155270560 5191 0.0633659 81921 1.26479
Y 59373566 60 0.000732413 81921 0.0383462
