1 249250621 2985 0.0814061 36668 1.01251
2 243199373 2038 0.0555798 36668 0.708926
3 198022430 3127 0.0852787 36668 1.33666
4 191154276 3447 0.0940057 36668 1.52607
5 180915260 2435 0.0664067 36668 1.13905
6 171115067 2576 0.070252 36668 1.27268
7 159138663 2081 0.0567525 36668 1.10629
8 146364022 1765 0.0481346 36668 1.0198
9 141213431 852 0.0232355 36668 0.510671
10 135534747 1787 0.0487346 36668 1.11521
11 135006516 1341 0.0365714 36668 0.840722
12 133851895 1955 0.0533162 36668 1.23417
13 115169878 1880 0.0512709 36668 1.38196
14 107349540 592 0.0161449 36668 0.466615
15 102531392 380 0.0103633 36668 0.313089
16 90354753 402 0.0109632 36668 0.376744
17 81195210 436 0.0118905 36668 0.453835
18 78077248 940 0.0256354 36668 1.01728
19 59128983 96 0.00261809 36668 0.137073
20 63025520 106 0.0028908 36668 0.142404
21 48129895 414 0.0112905 36668 0.728419
22 51304566 73 0.00199084 36668 0.120657
X 155270560 2988 0.0814879 36668 1.62651
Y 59373566 32 0.000872696 36668 0.0456909
