1 249250621 13418 0.0908457 147701 1.12992
2 243199373 11828 0.0800807 147701 1.02144
3 198022430 9633 0.0652196 147701 1.02225
4 191154276 10533 0.071313 147701 1.15768
5 180915260 9320 0.0631005 147701 1.08234
6 171115067 9424 0.0638046 147701 1.15588
7 159138663 8228 0.0557071 147701 1.08591
8 146364022 7220 0.0488825 147701 1.03565
9 141213431 5988 0.0405414 147701 0.891019
10 135534747 5139 0.0347933 147701 0.796185
11 135006516 6384 0.0432225 147701 0.99362
12 133851895 5452 0.0369124 147701 0.854454
13 115169878 6772 0.0458494 147701 1.23583
14 107349540 3208 0.0217196 147701 0.627733
15 102531392 3170 0.0214623 147701 0.648407
16 90354753 2540 0.0171969 147701 0.590959
17 81195210 1430 0.00968172 147701 0.369531
18 78077248 3094 0.0209477 147701 0.831259
19 59128983 1588 0.0107515 147701 0.562903
20 63025520 1730 0.0117129 147701 0.576988
21 48129895 1573 0.0106499 147701 0.68709
22 51304566 519 0.00351386 147701 0.212961
X 155270560 11565 0.0783001 147701 1.56288
Y 59373566 108 0.000731207 147701 0.0382831
