1 249250621 5403 0.0575044 93958 0.715229
2 243199373 3799 0.040433 93958 0.515727
3 198022430 5934 0.0631559 93958 0.989904
4 191154276 4338 0.0461696 93958 0.749506
5 180915260 4612 0.0490858 93958 0.841951
6 171115067 1818 0.0193491 93958 0.350527
7 159138663 4885 0.0519913 93958 1.01348
8 146364022 3564 0.0379318 93958 0.803641
9 141213431 4190 0.0445944 93958 0.980097
10 135534747 6020 0.0640712 93958 1.46616
11 135006516 242 0.00257562 93958 0.0592096
12 133851895 1348 0.0143468 93958 0.332103
13 115169878 6116 0.0650929 93958 1.75453
14 107349540 1994 0.0212222 93958 0.61336
15 102531392 1501 0.0159752 93958 0.482635
16 90354753 2422 0.0257775 93958 0.885824
17 81195210 1025 0.0109091 93958 0.416379
18 78077248 503 0.00535346 93958 0.212439
19 59128983 878 0.0093446 93958 0.489246
20 63025520 1044 0.0111113 93958 0.547357
21 48129895 1172 0.0124737 93958 0.804752
22 51304566 205 0.00218183 93958 0.132232
X 155270560 8308 0.0884225 93958 1.76492
Y 59373566 72 0.0007663 93958 0.0401204
