1 249250621 3481 0.0971586 35828 1.20844
2 243199373 3052 0.0851848 35828 1.08654
3 198022430 2629 0.0733784 35828 1.15013
4 191154276 2707 0.0755554 35828 1.22655
5 180915260 2145 0.0598694 35828 1.02692
6 171115067 2012 0.0561572 35828 1.01734
7 159138663 2206 0.061572 35828 1.20023
8 146364022 1608 0.0448811 35828 0.950871
9 141213431 1313 0.0366473 35828 0.805435
10 135534747 1338 0.0373451 35828 0.854579
11 135006516 1524 0.0425366 35828 0.977852
12 133851895 1034 0.0288601 35828 0.668058
13 115169878 1681 0.0469186 35828 1.26465
14 107349540 781 0.0217986 35828 0.630017
15 102531392 662 0.0184772 35828 0.558223
16 90354753 856 0.0238919 35828 0.821028
17 81195210 465 0.0129787 35828 0.495369
18 78077248 905 0.0252596 35828 1.00236
19 59128983 252 0.00703361 35828 0.368252
20 63025520 492 0.0137323 35828 0.676467
21 48129895 395 0.0110249 35828 0.711284
22 51304566 119 0.00332142 35828 0.201298
X 155270560 2130 0.0594507 35828 1.18664
Y 59373566 15 0.000418667 35828 0.0219197
