1 249250621 27 0.00111635 24186 0.0138849
2 243199373 35 0.00144712 24186 0.0184581
3 198022430 15 0.000620194 24186 0.0097209
4 191154276 17 0.000702886 24186 0.0114105
5 180915260 16 0.00066154 24186 0.0113472
6 171115067 28 0.00115769 24186 0.0209727
7 159138663 14 0.000578847 24186 0.0112836
8 146364022 11 0.000454809 24186 0.00963577
9 141213431 8 0.00033077 24186 0.00726967
10 135534747 7 0.000289424 24186 0.00662297
11 135006516 24 0.00099231 24186 0.0228117
12 133851895 10 0.000413462 24186 0.00957089
13 115169878 16 0.00066154 24186 0.0178313
14 107349540 2 8.26925e-05 24186 0.00238996
15 102531392 8 0.00033077 24186 0.00999305
16 90354753 8 0.00033077 24186 0.0113667
17 81195210 2 8.26925e-05 24186 0.0031562
18 78077248 3 0.000124039 24186 0.00492217
19 59128983 4 0.000165385 24186 0.0086589
20 63025520 9 0.000372116 24186 0.0183308
21 48129895 2 8.26925e-05 24186 0.005335
22 51304566 2 8.26925e-05 24186 0.00501166
X 155270560 14 0.000578847 24186 0.0115538
Y 59373566 0 0 24186 0
