1 249250621 2699 0.0749931 35990 0.932749
2 243199373 3405 0.0946096 35990 1.20676
3 198022430 2346 0.0651848 35990 1.0217
4 191154276 2425 0.0673798 35990 1.09383
5 180915260 2780 0.0772437 35990 1.32493
6 171115067 2303 0.06399 35990 1.15924
7 159138663 1756 0.0487913 35990 0.951098
8 146364022 1934 0.0537371 35990 1.1385
9 141213431 942 0.0261739 35990 0.575251
10 135534747 1363 0.0378716 35990 0.866628
11 135006516 1301 0.0361489 35990 0.83101
12 133851895 1420 0.0394554 35990 0.91332
13 115169878 1882 0.0522923 35990 1.4095
14 107349540 916 0.0254515 35990 0.735593
15 102531392 644 0.0178939 35990 0.5406
16 90354753 860 0.0238955 35990 0.821152
17 81195210 497 0.0138094 35990 0.527076
18 78077248 869 0.0241456 35990 0.958159
19 59128983 355 0.00986385 35990 0.516432
20 63025520 419 0.0116421 35990 0.573504
21 48129895 435 0.0120867 35990 0.779786
22 51304566 132 0.00366769 35990 0.222284
X 155270560 1871 0.0519867 35990 1.03766
Y 59373566 36 0.00100028 35990 0.0523706
