1 249250621 2660 0.0978877 27174 1.21751
2 243199373 2331 0.0857805 27174 1.09414
3 198022430 1531 0.0563406 27174 0.883082
4 191154276 2221 0.0817325 27174 1.32683
5 180915260 1640 0.0603518 27174 1.03519
6 171115067 1848 0.0680062 27174 1.232
7 159138663 1148 0.0422463 27174 0.823514
8 146364022 1241 0.0456687 27174 0.967556
9 141213431 1159 0.0426511 27174 0.937386
10 135534747 433 0.0159343 27174 0.36463
11 135006516 1347 0.0495694 27174 1.13953
12 133851895 1314 0.048355 27174 1.11933
13 115169878 1676 0.0616766 27174 1.66244
14 107349540 390 0.014352 27174 0.414796
15 102531392 523 0.0192463 27174 0.58146
16 90354753 409 0.0150512 27174 0.517222
17 81195210 202 0.00743358 27174 0.283724
18 78077248 624 0.0229631 27174 0.911235
19 59128983 94 0.00345919 27174 0.181109
20 63025520 190 0.00699198 27174 0.344432
21 48129895 464 0.0170751 27174 1.10162
22 51304566 126 0.00463679 27174 0.281017
X 155270560 1959 0.072091 27174 1.43894
Y 59373566 17 0.000625598 27174 0.0327538
