1 249250621 4793 0.0772267 62064 0.960532
2 243199373 4372 0.0704434 62064 0.898513
3 198022430 3873 0.0624033 62064 0.978109
4 191154276 4055 0.0653358 62064 1.06065
5 180915260 3855 0.0621133 62064 1.06541
6 171115067 2882 0.0464359 62064 0.841231
7 159138663 2619 0.0421984 62064 0.82258
8 146364022 1685 0.0271494 62064 0.575199
9 141213431 2296 0.0369941 62064 0.813056
10 135534747 1585 0.0255382 62064 0.584397
11 135006516 1486 0.023943 62064 0.550414
12 133851895 1845 0.0297274 62064 0.688134
13 115169878 2549 0.0410705 62064 1.10702
14 107349540 1015 0.0163541 62064 0.472661
15 102531392 1127 0.0181587 62064 0.5486
16 90354753 702 0.0113109 62064 0.388691
17 81195210 939 0.0151295 62064 0.577463
18 78077248 952 0.015339 62064 0.608691
19 59128983 388 0.00625161 62064 0.327309
20 63025520 289 0.00465648 62064 0.229383
21 48129895 336 0.00541377 62064 0.349275
22 51304566 318 0.00512374 62064 0.31053
X 155270560 2755 0.0443897 62064 0.886021
Y 59373566 19 0.000306136 62064 0.016028
