1 249250621 3102 0.101849 30457 1.26677
2 243199373 2279 0.0748268 30457 0.954424
3 198022430 2364 0.0776176 30457 1.21658
4 191154276 1552 0.0509571 30457 0.827225
5 180915260 2581 0.0847424 30457 1.45356
6 171115067 1506 0.0494468 30457 0.895775
7 159138663 1771 0.0581476 30457 1.13348
8 146364022 1614 0.0529927 30457 1.12273
9 141213431 719 0.0236071 30457 0.518836
10 135534747 1303 0.0427816 30457 0.978985
11 135006516 1158 0.0380208 30457 0.874042
12 133851895 1439 0.0472469 30457 1.09368
13 115169878 959 0.031487 30457 0.848707
14 107349540 186 0.00610697 30457 0.176502
15 102531392 448 0.0147093 30457 0.444389
16 90354753 789 0.0259054 30457 0.890219
17 81195210 240 0.00787996 30457 0.300762
18 78077248 1035 0.0339823 30457 1.34851
19 59128983 367 0.0120498 30457 0.630878
20 63025520 117 0.00384148 30457 0.189236
21 48129895 538 0.0176642 30457 1.13963
22 51304566 142 0.00466231 30457 0.282564
X 155270560 1987 0.0652395 30457 1.30219
Y 59373566 19 0.00062383 30457 0.0326613
