1 249250621 3755 0.0847687 44297 1.05434
2 243199373 4304 0.0971623 44297 1.23932
3 198022430 3189 0.0719913 44297 1.12839
4 191154276 3237 0.0730749 44297 1.18628
5 180915260 2668 0.0602298 44297 1.0331
6 171115067 3067 0.0692372 44297 1.2543
7 159138663 2734 0.0617198 44297 1.20311
8 146364022 2389 0.0539314 44297 1.14261
9 141213431 1454 0.0328239 44297 0.721404
10 135534747 1817 0.0410186 44297 0.93864
11 135006516 2008 0.0453304 44297 1.04208
12 133851895 1539 0.0347428 44297 0.804231
13 115169878 2285 0.0515836 44297 1.39039
14 107349540 819 0.0184888 44297 0.534359
15 102531392 989 0.0223266 44297 0.674519
16 90354753 531 0.0119873 44297 0.411934
17 81195210 543 0.0122582 44297 0.467869
18 78077248 520 0.0117389 44297 0.465831
19 59128983 490 0.0110617 44297 0.579146
20 63025520 409 0.00923313 44297 0.454834
21 48129895 383 0.00864618 44297 0.557818
22 51304566 225 0.00507935 44297 0.307839
X 155270560 2619 0.0591236 44297 1.18011
Y 59373566 32 0.000722397 44297 0.0378218
