1 249250621 26 0.00434565 5983 0.0540503
2 243199373 61 0.0101956 5983 0.130045
3 198022430 146 0.0244025 5983 0.382484
4 191154276 71 0.011867 5983 0.192645
5 180915260 1288 0.215277 5983 3.69257
6 171115067 274 0.0457964 5983 0.829645
7 159138663 253 0.0422865 5983 0.824298
8 146364022 508 0.0849072 5983 1.79888
9 141213431 4 0.000668561 5983 0.0146936
10 135534747 589 0.0984456 5983 2.25276
11 135006516 15 0.0025071 5983 0.0576346
12 133851895 293 0.0489721 5983 1.13361
13 115169878 115 0.0192211 5983 0.51809
14 107349540 2 0.00033428 5983 0.00966129
15 102531392 2 0.00033428 5983 0.0100991
16 90354753 920 0.153769 5983 5.28416
17 81195210 4 0.000668561 5983 0.0255176
18 78077248 589 0.0984456 5983 3.90657
19 59128983 8 0.00133712 5983 0.0700064
20 63025520 367 0.0613405 5983 3.0217
21 48129895 114 0.019054 5983 1.22929
22 51304566 3 0.000501421 5983 0.0303891
X 155270560 47 0.00785559 5983 0.156798
Y 59373566 2 0.00033428 5983 0.0175016
