1 249250621 12 0.00039604 30300 0.00492587
2 243199373 19 0.000627063 30300 0.00799825
3 198022430 12 0.00039604 30300 0.00620752
4 191154276 31 0.0010231 30300 0.0166088
5 180915260 7 0.000231023 30300 0.00396266
6 171115067 19 0.000627063 30300 0.0113598
7 159138663 16 0.000528053 30300 0.0102934
8 146364022 12 0.00039604 30300 0.00839067
9 141213431 9 0.00029703 30300 0.00652813
10 135534747 8 0.000264026 30300 0.00604179
11 135006516 14 0.000462046 30300 0.0106218
12 133851895 12 0.00039604 30300 0.00916758
13 115169878 12 0.00039604 30300 0.0106749
14 107349540 4 0.000132013 30300 0.00381541
15 102531392 2 6.60066e-05 30300 0.00199416
16 90354753 9 0.00029703 30300 0.0102072
17 81195210 13 0.000429043 30300 0.0163757
18 78077248 4 0.000132013 30300 0.00523862
19 59128983 3 9.90099e-05 30300 0.00518376
20 63025520 26 0.000858086 30300 0.0422702
21 48129895 0 0 30300 0
22 51304566 1 3.30033e-05 30300 0.0020002
X 155270560 8 0.000264026 30300 0.00526999
Y 59373566 0 0 30300 0
