1 249250621 6207 0.105352 58917 1.31034
2 243199373 5833 0.0990037 58917 1.2628
3 198022430 4737 0.0804012 58917 1.26021
4 191154276 5397 0.0916034 58917 1.48707
5 180915260 3925 0.0666191 58917 1.1427
6 171115067 3932 0.066738 58917 1.20902
7 159138663 2673 0.0453689 58917 0.884384
8 146364022 2686 0.0455896 58917 0.96588
9 141213431 1914 0.0324864 58917 0.713986
10 135534747 2957 0.0501892 58917 1.1485
11 135006516 2342 0.0397508 58917 0.913812
12 133851895 1721 0.0292106 58917 0.676171
13 115169878 3067 0.0520563 58917 1.40313
14 107349540 1747 0.0296519 58917 0.856991
15 102531392 1028 0.0174483 58917 0.527138
16 90354753 1192 0.0202319 58917 0.695253
17 81195210 290 0.00492218 58917 0.187869
18 78077248 1368 0.0232191 58917 0.921393
19 59128983 391 0.00663645 58917 0.347458
20 63025520 592 0.010048 58917 0.494977
21 48129895 161 0.00273266 58917 0.176301
22 51304566 173 0.00293633 58917 0.17796
X 155270560 2079 0.0352869 58917 0.70433
Y 59373566 31 0.000526164 58917 0.0275478
