1 249250621 18 0.000733198 24550 0.00911937
2 243199373 16 0.000651731 24550 0.0083129
3 198022430 18 0.000733198 24550 0.0114921
4 191154276 18 0.000733198 24550 0.0119026
5 180915260 23 0.000936864 24550 0.0160697
6 171115067 6 0.000244399 24550 0.00442752
7 159138663 24 0.000977597 24550 0.0190565
8 146364022 8 0.000325866 24550 0.00690393
9 141213431 5 0.000203666 24550 0.00447618
10 135534747 7 0.000285132 24550 0.00652477
11 135006516 3 0.0001222 24550 0.00280919
12 133851895 9 0.000366599 24550 0.00848608
13 115169878 18 0.000733198 24550 0.0197627
14 107349540 3 0.0001222 24550 0.00353178
15 102531392 7 0.000285132 24550 0.00861427
16 90354753 5 0.000203666 24550 0.00699883
17 81195210 2 8.14664e-05 24550 0.0031094
18 78077248 6 0.000244399 24550 0.00969838
19 59128983 5 0.000203666 24550 0.0106631
20 63025520 14 0.000570265 24550 0.0280919
21 48129895 1 4.07332e-05 24550 0.00262795
22 51304566 0 0 24550 0
X 155270560 11 0.000448065 24550 0.00894342
Y 59373566 4 0.000162933 24550 0.00853051
