1 249250621 65 0.00145258 44748 0.0180669
2 243199373 36 0.000804505 44748 0.0102615
3 198022430 26 0.000581032 44748 0.00910708
4 191154276 27 0.000603379 44748 0.00979511
5 180915260 21 0.000469295 44748 0.00804965
6 171115067 19 0.0004246 44748 0.00769203
7 159138663 44 0.000983284 44748 0.0191673
8 146364022 26 0.000581032 44748 0.01231
9 141213431 15 0.000335211 44748 0.00736726
10 135534747 17 0.000379905 44748 0.00869348
11 135006516 12 0.000268168 44748 0.00616479
12 133851895 27 0.000603379 44748 0.0139671
13 115169878 21 0.000469295 44748 0.0126495
14 107349540 7 0.000156432 44748 0.00452114
15 102531392 51 0.00113972 44748 0.0344325
16 90354753 6 0.000134084 44748 0.0046077
17 81195210 11 0.000245821 44748 0.00938248
18 78077248 12 0.000268168 44748 0.0106416
19 59128983 2 4.46947e-05 44748 0.00234004
20 63025520 20 0.000446947 44748 0.0220171
21 48129895 5 0.000111737 44748 0.00720883
22 51304566 7 0.000156432 44748 0.0094807
X 155270560 13 0.000290516 44748 0.00579872
Y 59373566 0 0 44748 0
