1 249250621 5374 0.0743292 72300 0.924492
2 243199373 5205 0.0719917 72300 0.918261
3 198022430 4533 0.0626971 72300 0.982713
4 191154276 6432 0.0889627 72300 1.4442
5 180915260 5026 0.0695159 72300 1.19238
6 171115067 4835 0.0668741 72300 1.21149
7 159138663 4136 0.0572061 72300 1.11513
8 146364022 3507 0.0485062 72300 1.02767
9 141213431 3245 0.0448824 72300 0.986427
10 135534747 2243 0.0310235 72300 0.70992
11 135006516 2700 0.0373444 72300 0.858492
12 133851895 3475 0.0480636 72300 1.11258
13 115169878 2836 0.0392254 72300 1.05729
14 107349540 1245 0.0172199 72300 0.497685
15 102531392 1154 0.0159613 72300 0.482214
16 90354753 1349 0.0186584 72300 0.641181
17 81195210 977 0.0135131 72300 0.515769
18 78077248 2509 0.0347026 72300 1.37709
19 59128983 257 0.00355463 72300 0.186106
20 63025520 652 0.00901798 72300 0.444235
21 48129895 921 0.0127386 72300 0.821844
22 51304566 214 0.00295989 72300 0.179387
X 155270560 4657 0.0644122 72300 1.28567
Y 59373566 79 0.00109267 72300 0.0572078
