1 249250621 13887 0.0775195 179142 0.964173
2 243199373 13516 0.0754485 179142 0.962354
3 198022430 13676 0.0763417 179142 1.19658
4 191154276 13651 0.0762021 179142 1.23705
5 180915260 10798 0.0602762 179142 1.0339
6 171115067 11855 0.0661766 179142 1.19885
7 159138663 11406 0.0636702 179142 1.24113
8 146364022 7929 0.044261 179142 0.937733
9 141213431 6664 0.0371995 179142 0.817572
10 135534747 8000 0.0446573 179142 1.02191
11 135006516 8052 0.0449476 179142 1.03328
12 133851895 6651 0.037127 179142 0.859421
13 115169878 8484 0.0473591 179142 1.27653
14 107349540 5594 0.0312266 179142 0.902504
15 102531392 3028 0.0169028 179142 0.510658
16 90354753 4871 0.0271907 179142 0.934389
17 81195210 2606 0.0145471 179142 0.555234
18 78077248 3421 0.0190966 179142 0.757801
19 59128983 2543 0.0141954 179142 0.743217
20 63025520 1536 0.0085742 179142 0.422375
21 48129895 1884 0.0105168 179142 0.678503
22 51304566 726 0.00405265 179142 0.245615
X 155270560 9220 0.0514676 179142 1.0273
Y 59373566 80 0.000446573 179142 0.0233808
