1 249250621 6 0.000362998 16529 0.00451491
2 243199373 19 0.00114949 16529 0.0146619
3 198022430 13 0.000786496 16529 0.0123275
4 191154276 7 0.000423498 16529 0.00687497
5 180915260 3 0.000181499 16529 0.00311319
6 171115067 4 0.000241999 16529 0.00438404
7 159138663 3 0.000181499 16529 0.003538
8 146364022 6 0.000362998 16529 0.00769064
9 141213431 3 0.000181499 16529 0.00398899
10 135534747 12 0.000725997 16529 0.0166132
11 135006516 9 0.000544498 16529 0.0125172
12 133851895 5 0.000302499 16529 0.00700228
13 115169878 1 6.04997e-05 16529 0.00163072
14 107349540 2 0.000120999 16529 0.00349709
15 102531392 2 0.000120999 16529 0.00365557
16 90354753 3 0.000181499 16529 0.00623709
17 81195210 2 0.000120999 16529 0.0046183
18 78077248 2 0.000120999 16529 0.00480157
19 59128983 3 0.000181499 16529 0.00950258
20 63025520 11 0.000665497 16529 0.0327831
21 48129895 1 6.04997e-05 16529 0.00390321
22 51304566 0 0 16529 0
X 155270560 6 0.000362998 16529 0.00724548
Y 59373566 0 0 16529 0
