1 249250621 11 0.00147177 7474 0.0183056
2 243199373 8 0.00107038 7474 0.0136528
3 198022430 1 0.000133797 7474 0.00209713
4 191154276 8 0.00107038 7474 0.0173763
5 180915260 3 0.000401391 7474 0.00688493
6 171115067 10 0.00133797 7474 0.0242386
7 159138663 12 0.00160557 7474 0.0312976
8 146364022 2 0.000267594 7474 0.00566937
9 141213431 0 0 7474 0
10 135534747 3 0.000401391 7474 0.00918516
11 135006516 0 0 7474 0
12 133851895 0 0 7474 0
13 115169878 5 0.000668986 7474 0.018032
14 107349540 6 0.000802783 7474 0.0232018
15 102531392 0 0 7474 0
16 90354753 1 0.000133797 7474 0.00459784
17 81195210 4 0.000535189 7474 0.020427
18 78077248 0 0 7474 0
19 59128983 0 0 7474 0
20 63025520 7 0.00093658 7474 0.046137
21 48129895 2 0.000267594 7474 0.0172642
22 51304566 8 0.00107038 7474 0.0648714
X 155270560 4 0.000535189 7474 0.0106824
Y 59373566 0 0 7474 0
