1 249250621 10552 0.100828 104653 1.25409
2 243199373 9428 0.0900882 104653 1.14908
3 198022430 7067 0.0675279 104653 1.05843
4 191154276 8506 0.0812781 104653 1.31945
5 180915260 7184 0.0686459 104653 1.17746
6 171115067 7630 0.0729076 104653 1.32079
7 159138663 4095 0.0391293 104653 0.762755
8 146364022 3574 0.034151 104653 0.723537
9 141213431 4033 0.0385369 104653 0.846964
10 135534747 1995 0.019063 104653 0.436224
11 135006516 4796 0.0458276 104653 1.05351
12 133851895 3367 0.032173 104653 0.744745
13 115169878 5633 0.0538255 104653 1.45082
14 107349540 2493 0.0238216 104653 0.688485
15 102531392 2205 0.0210696 104653 0.636545
16 90354753 1627 0.0155466 104653 0.534248
17 81195210 1304 0.0124602 104653 0.475581
18 78077248 3040 0.0290484 104653 1.15271
19 59128983 774 0.00739587 104653 0.387218
20 63025520 523 0.00499747 104653 0.246181
21 48129895 604 0.00577145 104653 0.372352
22 51304566 411 0.00392726 104653 0.238016
X 155270560 7171 0.0685217 104653 1.3677
Y 59373566 61 0.000582879 104653 0.0305172
