1 249250621 4758 0.0703025 67679 0.874409
2 243199373 5441 0.0803942 67679 1.02544
3 198022430 4511 0.0666529 67679 1.04472
4 191154276 6090 0.0899836 67679 1.46077
5 180915260 4250 0.0627964 67679 1.07713
6 171115067 5187 0.0766412 67679 1.38843
7 159138663 4048 0.0598118 67679 1.16592
8 146364022 3371 0.0498087 67679 1.05527
9 141213431 3276 0.048405 67679 1.06385
10 135534747 2632 0.0388895 67679 0.889919
11 135006516 3058 0.0451839 67679 1.03871
12 133851895 2834 0.0418741 67679 0.969309
13 115169878 2122 0.0313539 67679 0.845118
14 107349540 2172 0.0320927 67679 0.927534
15 102531392 1641 0.0242468 67679 0.732532
16 90354753 1606 0.0237297 67679 0.815452
17 81195210 1086 0.0160463 67679 0.612456
18 78077248 694 0.0102543 67679 0.406916
19 59128983 424 0.00626487 67679 0.328004
20 63025520 287 0.00424061 67679 0.208897
21 48129895 894 0.0132094 67679 0.85222
22 51304566 373 0.00551131 67679 0.334019
X 155270560 3481 0.051434 67679 1.02663
Y 59373566 30 0.000443269 67679 0.0232078
