1 249250621 7752 0.0711349 108976 0.884763
2 243199373 12039 0.110474 108976 1.40911
3 198022430 7511 0.0689234 108976 1.0803
4 191154276 8597 0.0788889 108976 1.28066
5 180915260 6894 0.0632616 108976 1.08511
6 171115067 7453 0.0683912 108976 1.23897
7 159138663 6762 0.0620504 108976 1.20956
8 146364022 5976 0.0548378 108976 1.16182
9 141213431 4484 0.0411467 108976 0.904323
10 135534747 3706 0.0340075 108976 0.778203
11 135006516 4468 0.0409999 108976 0.942525
12 133851895 3426 0.0314381 108976 0.727734
13 115169878 5513 0.0505891 108976 1.36359
14 107349540 1536 0.0140948 108976 0.407366
15 102531392 2155 0.019775 108976 0.597432
16 90354753 1311 0.0120302 108976 0.413408
17 81195210 1396 0.0128102 108976 0.488937
18 78077248 3222 0.0295661 108976 1.17326
19 59128983 510 0.00467993 108976 0.245022
20 63025520 922 0.00846058 108976 0.416777
21 48129895 1487 0.0136452 108976 0.880336
22 51304566 372 0.0034136 108976 0.206885
X 155270560 5190 0.0476252 108976 0.950602
Y 59373566 50 0.000458817 108976 0.0240218
