1 249250621 15 0.000718081 20889 0.00893136
2 243199373 35 0.00167552 20889 0.0213715
3 198022430 25 0.0011968 20889 0.0187587
4 191154276 15 0.000718081 20889 0.0116572
5 180915260 11 0.000526593 20889 0.00903247
6 171115067 27 0.00129255 20889 0.0234157
7 159138663 25 0.0011968 20889 0.0233295
8 146364022 22 0.00105319 20889 0.0223133
9 141213431 8 0.000382977 20889 0.00841707
10 135534747 10 0.000478721 20889 0.0109547
11 135006516 20 0.000957442 20889 0.0220102
12 133851895 14 0.000670209 20889 0.0155141
13 115169878 15 0.000718081 20889 0.0193553
14 107349540 4 0.000191488 20889 0.00553435
15 102531392 8 0.000382977 20889 0.0115703
16 90354753 12 0.000574465 20889 0.0197411
17 81195210 6 0.000287233 20889 0.0109631
18 78077248 7 0.000335105 20889 0.0132978
19 59128983 4 0.000191488 20889 0.0100256
20 63025520 9 0.000430849 20889 0.0212241
21 48129895 0 0 20889 0
22 51304566 2 9.57442e-05 20889 0.00580268
X 155270560 14 0.000670209 20889 0.0133774
Y 59373566 2 9.57442e-05 20889 0.00501278
