1 249250621 8044 0.0969554 82966 1.20591
2 243199373 7692 0.0927127 82966 1.18256
3 198022430 6173 0.074404 82966 1.16621
4 191154276 6157 0.0742111 82966 1.20473
5 180915260 6068 0.0731384 82966 1.25452
6 171115067 5791 0.0697997 82966 1.26449
7 159138663 4874 0.058747 82966 1.14516
8 146364022 2200 0.0265169 82966 0.561798
9 141213431 3196 0.0385218 82966 0.846633
10 135534747 1737 0.0209363 82966 0.479091
11 135006516 4939 0.0595304 82966 1.36852
12 133851895 2620 0.0315792 82966 0.731
13 115169878 5830 0.0702697 82966 1.89406
14 107349540 1929 0.0232505 82966 0.671979
15 102531392 1024 0.0123424 82966 0.372882
16 90354753 726 0.00875057 82966 0.300707
17 81195210 1235 0.0148856 82966 0.568153
18 78077248 1555 0.0187426 82966 0.743755
19 59128983 590 0.00711135 82966 0.372322
20 63025520 1009 0.0121616 82966 0.599094
21 48129895 729 0.00878673 82966 0.566886
22 51304566 339 0.00408601 82966 0.247637
X 155270560 3698 0.0445725 82966 0.88967
Y 59373566 66 0.000795507 82966 0.0416496
