1 249250621 24 0.000803939 29853 0.00999925
2 243199373 35 0.00117241 29853 0.0149542
3 198022430 17 0.000569457 29853 0.00892566
4 191154276 24 0.000803939 29853 0.013051
5 180915260 18 0.000602954 29853 0.0103423
6 171115067 29 0.000971427 29853 0.0175983
7 159138663 24 0.000803939 29853 0.0156713
8 146364022 15 0.000502462 29853 0.0106454
9 141213431 11 0.000368472 29853 0.00809829
10 135534747 18 0.000602954 29853 0.0137976
11 135006516 20 0.000669949 29853 0.0154011
12 133851895 10 0.000334975 29853 0.00775404
13 115169878 10 0.000334975 29853 0.00902897
14 107349540 18 0.000602954 29853 0.0174264
15 102531392 8 0.00026798 29853 0.00809607
16 90354753 5 0.000167487 29853 0.00575558
17 81195210 3 0.000100492 29853 0.00383559
18 78077248 7 0.000234482 29853 0.00930485
19 59128983 3 0.000100492 29853 0.00526138
20 63025520 21 0.000703447 29853 0.0346526
21 48129895 2 6.69949e-05 29853 0.00432225
22 51304566 1 3.34975e-05 29853 0.00203015
X 155270560 16 0.00053596 29853 0.0106978
Y 59373566 0 0 29853 0
