1 249250621 752 0.108373 6939 1.34792
2 243199373 661 0.0952587 6939 1.21503
3 198022430 452 0.0651391 6939 1.02099
4 191154276 569 0.0820003 6939 1.33117
5 180915260 459 0.0661479 6939 1.13461
6 171115067 489 0.0704712 6939 1.27665
7 159138663 400 0.0576452 6939 1.12369
8 146364022 289 0.0416487 6939 0.882387
9 141213431 202 0.0291108 6939 0.639798
10 135534747 182 0.0262286 6939 0.600196
11 135006516 272 0.0391987 6939 0.90112
12 133851895 221 0.031849 6939 0.737245
13 115169878 466 0.0671567 6939 1.81015
14 107349540 146 0.0210405 6939 0.608107
15 102531392 99 0.0142672 6939 0.431033
16 90354753 83 0.0119614 6939 0.411044
17 81195210 93 0.0134025 6939 0.511546
18 78077248 157 0.0226257 6939 0.897847
19 59128983 59 0.00850267 6939 0.445166
20 63025520 74 0.0106644 6939 0.525338
21 48129895 101 0.0145554 6939 0.939059
22 51304566 68 0.00979968 6939 0.59392
X 155270560 401 0.0577893 6939 1.15348
Y 59373566 2 0.000288226 6939 0.0150904
