1 249250621 22 0.00129686 16964 0.0161301
2 243199373 27 0.00159161 16964 0.0203011
3 198022430 31 0.0018274 16964 0.0286426
4 191154276 21 0.00123792 16964 0.020096
5 180915260 10 0.000589484 16964 0.0101112
6 171115067 24 0.00141476 16964 0.0256297
7 159138663 21 0.00123792 16964 0.0241309
8 146364022 7 0.000412639 16964 0.00874234
9 141213431 5 0.000294742 16964 0.00647784
10 135534747 14 0.000825277 16964 0.0188851
11 135006516 4 0.000235793 16964 0.00542054
12 133851895 7 0.000412639 16964 0.00955182
13 115169878 7 0.000412639 16964 0.0111223
14 107349540 9 0.000530535 16964 0.0153334
15 102531392 9 0.000530535 16964 0.0160283
16 90354753 1 5.89484e-05 16964 0.00202572
17 81195210 1 5.89484e-05 16964 0.00224994
18 78077248 4 0.000235793 16964 0.00935688
19 59128983 5 0.000294742 16964 0.0154315
20 63025520 11 0.000648432 16964 0.0319425
21 48129895 0 0 16964 0
22 51304566 0 0 16964 0
X 155270560 10 0.000589484 16964 0.0117661
Y 59373566 0 0 16964 0
