1 249250621 11413 0.0851653 134010 1.05927
2 243199373 10351 0.0772405 134010 0.985211
3 198022430 8914 0.0665174 134010 1.04259
4 191154276 9325 0.0695844 134010 1.12962
5 180915260 6833 0.0509887 134010 0.874592
6 171115067 9057 0.0675845 134010 1.22436
7 159138663 7284 0.0543542 134010 1.05954
8 146364022 7021 0.0523916 134010 1.10999
9 141213431 4821 0.0359749 134010 0.790658
10 135534747 6039 0.0450638 134010 1.03121
11 135006516 6063 0.0452429 134010 1.04007
12 133851895 6283 0.0468846 134010 1.08529
13 115169878 7661 0.0571674 134010 1.5409
14 107349540 2541 0.0189613 134010 0.548014
15 102531392 1986 0.0148198 134010 0.447728
16 90354753 2420 0.0180584 134010 0.620562
17 81195210 1703 0.012708 134010 0.485038
18 78077248 2250 0.0167898 134010 0.666262
19 59128983 1351 0.0100813 134010 0.527819
20 63025520 1894 0.0141333 134010 0.69622
21 48129895 976 0.00728304 134010 0.469873
22 51304566 524 0.00391016 134010 0.236979
X 155270560 8600 0.0641743 134010 1.28092
Y 59373566 94 0.00070144 134010 0.0367246
