1 249250621 7471 0.0959814 77838 1.1938
2 243199373 6725 0.0863974 77838 1.10201
3 198022430 6304 0.0809887 77838 1.26942
4 191154276 5940 0.0763123 77838 1.23884
5 180915260 4572 0.0587374 77838 1.0075
6 171115067 4088 0.0525193 77838 0.951437
7 159138663 4623 0.0593926 77838 1.15775
8 146364022 3333 0.0428197 77838 0.907197
9 141213431 3309 0.0425114 77838 0.934316
10 135534747 2711 0.0348287 77838 0.796996
11 135006516 4006 0.0514659 77838 1.18312
12 133851895 3087 0.0396593 77838 0.918039
13 115169878 4355 0.0559495 77838 1.50807
14 107349540 1374 0.017652 77838 0.510175
15 102531392 951 0.0122177 77838 0.369114
16 90354753 721 0.00926283 77838 0.31831
17 81195210 1071 0.0137593 77838 0.525166
18 78077248 2172 0.0279041 77838 1.10731
19 59128983 687 0.00882602 77838 0.462095
20 63025520 831 0.010676 77838 0.525912
21 48129895 899 0.0115496 77838 0.745137
22 51304566 313 0.00402117 77838 0.243707
X 155270560 3842 0.0493589 77838 0.985208
Y 59373566 29 0.000372569 77838 0.0195062
