1 249250621 33 0.000839374 39315 0.01044
2 243199373 62 0.00157701 39315 0.0201149
3 198022430 39 0.000991988 39315 0.0155484
4 191154276 46 0.00117004 39315 0.0189941
5 180915260 23 0.000585018 39315 0.0100346
6 171115067 24 0.000610454 39315 0.0110589
7 159138663 20 0.000508712 39315 0.00991641
8 146364022 27 0.000686761 39315 0.01455
9 141213431 21 0.000534147 39315 0.0117395
10 135534747 29 0.000737632 39315 0.0168794
11 135006516 21 0.000534147 39315 0.0122792
12 133851895 20 0.000508712 39315 0.0117757
13 115169878 37 0.000941117 39315 0.025367
14 107349540 19 0.000483276 39315 0.0139675
15 102531392 13 0.000330663 39315 0.00998981
16 90354753 10 0.000254356 39315 0.00874075
17 81195210 3 7.63068e-05 39315 0.00291247
18 78077248 11 0.000279791 39315 0.0111028
19 59128983 10 0.000254356 39315 0.0133171
20 63025520 47 0.00119547 39315 0.0588903
21 48129895 8 0.000203485 39315 0.013128
22 51304566 4 0.000101742 39315 0.0061662
X 155270560 28 0.000712196 39315 0.0142155
Y 59373566 4 0.000101742 39315 0.00532682
