1 249250621 8710 0.0983481 88563 1.22323
2 243199373 4792 0.0541084 88563 0.690158
3 198022430 5187 0.0585685 88563 0.918001
4 191154276 6184 0.069826 88563 1.13354
5 180915260 6287 0.070989 88563 1.21765
6 171115067 7285 0.0822578 88563 1.49018
7 159138663 4233 0.0477965 88563 0.931705
8 146364022 4237 0.0478416 88563 1.01359
9 141213431 4300 0.048553 88563 1.0671
10 135534747 2927 0.0330499 88563 0.756291
11 135006516 3999 0.0451543 88563 1.03803
12 133851895 5039 0.0568973 88563 1.31707
13 115169878 3248 0.0366745 88563 0.98853
14 107349540 2186 0.024683 88563 0.713381
15 102531392 1240 0.0140013 88563 0.423001
16 90354753 1324 0.0149498 88563 0.513739
17 81195210 1092 0.0123302 88563 0.470619
18 78077248 2152 0.0242991 88563 0.964249
19 59128983 1033 0.011664 88563 0.610681
20 63025520 1039 0.0117318 88563 0.577919
21 48129895 497 0.00561182 88563 0.362053
22 51304566 328 0.00370358 88563 0.224459
X 155270560 5301 0.0598557 88563 1.19472
Y 59373566 74 0.000835563 88563 0.0437468
