1 249250621 5916 0.0758753 77970 0.943723
2 243199373 7396 0.094857 77970 1.20991
3 198022430 5854 0.0750802 77970 1.17681
4 191154276 6049 0.0775811 77970 1.25943
5 180915260 5920 0.0759266 77970 1.30234
6 171115067 4586 0.0588175 77970 1.06553
7 159138663 3529 0.045261 77970 0.882281
8 146364022 3333 0.0427472 77970 0.905661
9 141213431 1806 0.0231628 77970 0.509072
10 135534747 3355 0.0430294 77970 0.984654
11 135006516 2997 0.0384379 77970 0.883629
12 133851895 3125 0.0400795 77970 0.927767
13 115169878 3807 0.0488265 77970 1.31608
14 107349540 2408 0.0308837 77970 0.892592
15 102531392 1933 0.0247916 77970 0.748991
16 90354753 1773 0.0227395 77970 0.781427
17 81195210 1047 0.0134282 77970 0.512528
18 78077248 2178 0.0279338 77970 1.10848
19 59128983 713 0.00914454 77970 0.478772
20 63025520 634 0.00813133 77970 0.400558
21 48129895 301 0.00386046 77970 0.249062
22 51304566 522 0.00669488 77970 0.40575
X 155270560 4630 0.0593818 77970 1.18527
Y 59373566 49 0.000628447 77970 0.032903
