1 249250621 5272 0.0678586 77691 0.844012
2 243199373 7543 0.0970898 77691 1.23839
3 198022430 3957 0.0509325 77691 0.798316
4 191154276 5709 0.0734834 77691 1.19291
5 180915260 6047 0.077834 77691 1.33506
6 171115067 4725 0.0608179 77691 1.10177
7 159138663 4231 0.0544593 77691 1.06159
8 146364022 4326 0.0556821 77691 1.17971
9 141213431 3266 0.0420383 77691 0.923919
10 135534747 1908 0.0245588 77691 0.561987
11 135006516 2105 0.0270945 77691 0.622862
12 133851895 3132 0.0403135 77691 0.933184
13 115169878 4072 0.0524128 77691 1.41274
14 107349540 2315 0.0297975 77691 0.8612
15 102531392 1656 0.0213152 77691 0.643964
16 90354753 1224 0.0157547 77691 0.541399
17 81195210 734 0.00944768 77691 0.360599
18 78077248 1893 0.0243658 77691 0.966895
19 59128983 1143 0.0147121 77691 0.770269
20 63025520 591 0.00760706 77691 0.374732
21 48129895 917 0.0118032 77691 0.761495
22 51304566 400 0.0051486 77691 0.312036
X 155270560 4229 0.0544336 77691 1.0865
Y 59373566 54 0.000695061 77691 0.0363906
