1 249250621 4667 0.0762781 61184 0.948733
2 243199373 4413 0.0721267 61184 0.919983
3 198022430 4618 0.0754772 61184 1.18303
4 191154276 4296 0.0702144 61184 1.13984
5 180915260 4505 0.0736304 61184 1.26296
6 171115067 5508 0.0900235 61184 1.63086
7 159138663 4429 0.0723882 61184 1.41108
8 146364022 2898 0.0473653 61184 1.0035
9 141213431 1757 0.0287167 61184 0.631135
10 135534747 2276 0.0371993 61184 0.851242
11 135006516 2716 0.0443907 61184 1.02048
12 133851895 2227 0.0363984 61184 0.842556
13 115169878 3132 0.0511899 61184 1.37978
14 107349540 1354 0.02213 61184 0.639594
15 102531392 655 0.0107054 61184 0.323426
16 90354753 747 0.0122091 61184 0.419556
17 81195210 511 0.00835186 61184 0.318773
18 78077248 1246 0.0203648 61184 0.808127
19 59128983 279 0.00456002 61184 0.238744
20 63025520 354 0.00578583 61184 0.285016
21 48129895 865 0.0141377 61184 0.912109
22 51304566 297 0.00485421 61184 0.294195
X 155270560 3584 0.0585774 61184 1.16921
Y 59373566 68 0.0011114 61184 0.0581886
