1 249250621 9648 0.0851169 113350 1.05867
2 243199373 10714 0.0945214 113350 1.20563
3 198022430 7624 0.0672607 113350 1.05424
4 191154276 10002 0.08824 113350 1.43247
5 180915260 9299 0.0820379 113350 1.40717
6 171115067 8385 0.0739744 113350 1.34012
7 159138663 8170 0.0720776 113350 1.40502
8 146364022 4793 0.042285 113350 0.895868
9 141213431 2890 0.0254963 113350 0.560357
10 135534747 2779 0.024517 113350 0.561029
11 135006516 4905 0.043273 113350 0.994783
12 133851895 4244 0.0374416 113350 0.866703
13 115169878 5587 0.0492898 113350 1.32857
14 107349540 3106 0.0274019 113350 0.791961
15 102531392 1452 0.0128099 113350 0.387005
16 90354753 1354 0.0119453 113350 0.410491
17 81195210 1633 0.0144067 113350 0.549874
18 78077248 1216 0.0107278 113350 0.425708
19 59128983 1078 0.00951037 113350 0.497925
20 63025520 1503 0.0132598 113350 0.653193
21 48129895 708 0.00624614 113350 0.402977
22 51304566 486 0.0042876 113350 0.259855
X 155270560 6740 0.0594618 113350 1.18686
Y 59373566 59 0.000520512 113350 0.0272519
