1 249250621 4469 0.0858136 52078 1.06733
2 243199373 3626 0.0696263 52078 0.888091
3 198022430 3295 0.0632705 52078 0.9917
4 191154276 3433 0.0659204 52078 1.07014
5 180915260 4669 0.089654 52078 1.5378
6 171115067 2726 0.0523446 52078 0.948271
7 159138663 3146 0.0604094 52078 1.17757
8 146364022 2528 0.0485426 52078 1.02844
9 141213431 945 0.0181459 52078 0.39881
10 135534747 2096 0.0402473 52078 0.920991
11 135006516 2784 0.0534583 52078 1.22893
12 133851895 2458 0.0471984 52078 1.09256
13 115169878 3157 0.0606206 52078 1.63398
14 107349540 1168 0.0224279 52078 0.648205
15 102531392 327 0.00627904 52078 0.189699
16 90354753 413 0.00793041 52078 0.272523
17 81195210 646 0.0124045 52078 0.473453
18 78077248 967 0.0185683 52078 0.736837
19 59128983 642 0.0123277 52078 0.645427
20 63025520 829 0.0159184 52078 0.784159
21 48129895 1009 0.0193748 52078 1.24999
22 51304566 253 0.0048581 52078 0.29443
X 155270560 3173 0.0609278 52078 1.21612
Y 59373566 53 0.0010177 52078 0.0532829
