1 249250621 5634 0.0404448 139301 0.503045
2 243199373 7072 0.0507678 139301 0.647548
3 198022430 5354 0.0384348 139301 0.602426
4 191154276 5361 0.038485 139301 0.624757
5 180915260 5313 0.0381404 139301 0.65421
6 171115067 3243 0.0232805 139301 0.421749
7 159138663 4006 0.0287579 139301 0.560582
8 146364022 2532 0.0181765 139301 0.385095
9 141213431 2521 0.0180975 139301 0.397747
10 135534747 1815 0.0130293 139301 0.298154
11 135006516 4066 0.0291886 139301 0.671002
12 133851895 2822 0.0202583 139301 0.468942
13 115169878 3463 0.0248598 139301 0.670076
14 107349540 1827 0.0131155 139301 0.37906
15 102531392 1778 0.0127637 139301 0.385611
16 90354753 1188 0.00852829 139301 0.293069
17 81195210 399 0.0028643 139301 0.109324
18 78077248 1436 0.0103086 139301 0.409072
19 59128983 773 0.00554913 139301 0.290531
20 63025520 692 0.00496766 139301 0.244712
21 48129895 1295 0.00929642 139301 0.599769
22 51304566 196 0.00140703 139301 0.0852742
X 155270560 4518 0.0324334 139301 0.647373
Y 59373566 80 0.000574296 139301 0.0300679
