1 249250621 25 0.00480123 5207 0.0597168
2 243199373 10 0.00192049 5207 0.0244961
3 198022430 10 0.00192049 5207 0.0301017
4 191154276 10 0.00192049 5207 0.0311768
5 180915260 20 0.00384098 5207 0.0658831
6 171115067 1 0.000192049 5207 0.00347915
7 159138663 19 0.00364893 5207 0.0711293
8 146364022 13 0.00249664 5207 0.0528949
9 141213431 13 0.00249664 5207 0.0548712
10 135534747 7 0.00134434 5207 0.030763
11 135006516 10 0.00192049 5207 0.0441492
12 133851895 13 0.00249664 5207 0.0577926
13 115169878 7 0.00134434 5207 0.0362357
14 107349540 756 0.145189 5207 4.19622
15 102531392 5 0.000960246 5207 0.0290104
16 90354753 2 0.000384098 5207 0.0131993
17 81195210 3 0.000576147 5207 0.0219904
18 78077248 6 0.00115229 5207 0.045726
19 59128983 2 0.000384098 5207 0.0201099
20 63025520 2 0.000384098 5207 0.0189211
21 48129895 6 0.00115229 5207 0.0743416
22 51304566 16 0.00307279 5207 0.186229
X 155270560 14 0.00268869 5207 0.0536664
Y 59373566 1 0.000192049 5207 0.0100549
