1 249250621 38 0.0009211 41255 0.0114565
2 243199373 40 0.000969579 41255 0.0123671
3 198022430 36 0.000872622 41255 0.0136775
4 191154276 36 0.000872622 41255 0.0141659
5 180915260 26 0.000630227 41255 0.0108101
6 171115067 35 0.000848382 41255 0.0153692
7 159138663 59 0.00143013 41255 0.0278778
8 146364022 22 0.000533269 41255 0.0112981
9 141213431 12 0.000290874 41255 0.00639283
10 135534747 32 0.000775664 41255 0.0177497
11 135006516 34 0.000824143 41255 0.0189458
12 133851895 31 0.000751424 41255 0.0173941
13 115169878 26 0.000630227 41255 0.0169872
14 107349540 17 0.000412071 41255 0.0119096
15 102531392 18 0.000436311 41255 0.0131816
16 90354753 26 0.000630227 41255 0.0216573
17 81195210 9 0.000218155 41255 0.00832654
18 78077248 10 0.000242395 41255 0.00961884
19 59128983 4 9.69579e-05 41255 0.00507633
20 63025520 24 0.000581748 41255 0.0286575
21 48129895 5 0.000121197 41255 0.00781919
22 51304566 3 7.27185e-05 41255 0.00440718
X 155270560 21 0.000509029 41255 0.0101603
Y 59373566 1 2.42395e-05 41255 0.00126908
