1 249250621 19 0.000665942 28531 0.00828286
2 243199373 31 0.00108654 28531 0.0138589
3 198022430 31 0.00108654 28531 0.0170304
4 191154276 13 0.000455645 28531 0.00739683
5 180915260 23 0.000806141 28531 0.0138275
6 171115067 18 0.000630893 28531 0.0114292
7 159138663 15 0.000525744 28531 0.0102484
8 146364022 17 0.000595843 28531 0.0126238
9 141213431 7 0.000245347 28531 0.00539225
10 135534747 3 0.000105149 28531 0.00240615
11 135006516 12 0.000420595 28531 0.00966885
12 133851895 5 0.000175248 28531 0.00405667
13 115169878 5 0.000175248 28531 0.00472367
14 107349540 5 0.000175248 28531 0.00506497
15 102531392 1 3.50496e-05 28531 0.0010589
16 90354753 4 0.000140198 28531 0.00481781
17 81195210 4 0.000140198 28531 0.00535108
18 78077248 6 0.000210298 28531 0.00834514
19 59128983 5 0.000175248 28531 0.00917529
20 63025520 10 0.000350496 28531 0.0172658
21 48129895 2 7.00992e-05 28531 0.00452253
22 51304566 6 0.000210298 28531 0.0127453
X 155270560 12 0.000420595 28531 0.00839511
Y 59373566 0 0 28531 0
