1 249250621 47 0.00122587 38340 0.0152472
2 243199373 46 0.00119979 38340 0.0153035
3 198022430 41 0.00106938 38340 0.0167614
4 191154276 39 0.00101721 38340 0.0165132
5 180915260 38 0.000991132 38340 0.0170005
6 171115067 36 0.000938967 38340 0.0170103
7 159138663 31 0.000808555 38340 0.0157613
8 146364022 23 0.000599896 38340 0.0127097
9 141213431 23 0.000599896 38340 0.0131845
10 135534747 18 0.000469484 38340 0.0107433
11 135006516 17 0.000443401 38340 0.0101931
12 133851895 19 0.000495566 38340 0.0114714
13 115169878 16 0.000417319 38340 0.0112485
14 107349540 15 0.000391236 38340 0.0113074
15 102531392 4 0.00010433 38340 0.00315195
16 90354753 13 0.000339071 38340 0.0116519
17 81195210 16 0.000417319 38340 0.0159282
18 78077248 15 0.000391236 38340 0.0155253
19 59128983 4 0.00010433 38340 0.00546229
20 63025520 23 0.000599896 38340 0.0295515
21 48129895 7 0.000182577 38340 0.0117792
22 51304566 7 0.000182577 38340 0.0110653
X 155270560 34 0.000886802 38340 0.0177006
Y 59373566 2 5.21648e-05 38340 0.00273114
