1 249250621 3298 0.119066 27699 1.48092
2 243199373 2333 0.0842269 27699 1.07432
3 198022430 1767 0.0637929 27699 0.999889
4 191154276 1700 0.0613741 27699 0.996332
5 180915260 1358 0.049027 27699 0.840944
6 171115067 1591 0.0574389 27699 1.04056
7 159138663 1706 0.0615907 27699 1.2006
8 146364022 1052 0.0379797 27699 0.804655
9 141213431 1731 0.0624932 27699 1.37348
10 135534747 950 0.0342973 27699 0.784834
11 135006516 1146 0.0413733 27699 0.951111
12 133851895 565 0.0203978 27699 0.472172
13 115169878 871 0.0314452 27699 0.847579
14 107349540 1102 0.0397848 27699 1.14985
15 102531392 681 0.0245857 27699 0.742771
16 90354753 788 0.0284487 27699 0.977618
17 81195210 695 0.0250912 27699 0.957678
18 78077248 524 0.0189177 27699 0.7507
19 59128983 327 0.0118055 27699 0.618088
20 63025520 435 0.0157045 27699 0.773623
21 48129895 455 0.0164266 27699 1.05978
22 51304566 257 0.00927831 27699 0.562322
X 155270560 1468 0.0529983 27699 1.05785
Y 59373566 14 0.000505433 27699 0.0264625
