1 249250621 57 0.00118088 48269 0.0146876
2 243199373 49 0.00101514 48269 0.0129483
3 198022430 37 0.000766538 48269 0.0120147
4 191154276 40 0.000828689 48269 0.0134527
5 180915260 48 0.000994427 48269 0.0170571
6 171115067 30 0.000621517 48269 0.0112594
7 159138663 45 0.000932275 48269 0.018173
8 146364022 28 0.000580082 48269 0.0122899
9 141213431 37 0.000766538 48269 0.016847
10 135534747 22 0.000455779 48269 0.0104297
11 135006516 30 0.000621517 48269 0.0142877
12 133851895 30 0.000621517 48269 0.014387
13 115169878 42 0.000870124 48269 0.0234535
14 107349540 20 0.000414345 48269 0.0119753
15 102531392 6 0.000124303 48269 0.00375539
16 90354753 13 0.000269324 48269 0.00925512
17 81195210 9 0.000186455 48269 0.00711661
18 78077248 19 0.000393627 48269 0.0156201
19 59128983 4 8.28689e-05 48269 0.00433869
20 63025520 32 0.000662951 48269 0.0326577
21 48129895 5 0.000103586 48269 0.00668298
22 51304566 2 4.14345e-05 48269 0.00251118
X 155270560 44 0.000911558 48269 0.0181948
Y 59373566 5 0.000103586 48269 0.00542336
