1 249250621 7036 0.112028 62806 1.39338
2 243199373 5923 0.0943063 62806 1.20289
3 198022430 4681 0.0745311 62806 1.1682
4 191154276 5309 0.0845301 62806 1.37224
5 180915260 4174 0.0664586 62806 1.13994
6 171115067 5147 0.0819508 62806 1.48462
7 159138663 2902 0.0462058 62806 0.900697
8 146364022 1659 0.0264147 62806 0.559633
9 141213431 2437 0.038802 62806 0.852792
10 135534747 2263 0.0360316 62806 0.824521
11 135006516 3033 0.0482916 62806 1.11015
12 133851895 2713 0.0431965 62806 0.999919
13 115169878 2596 0.0413336 62806 1.11411
14 107349540 1779 0.0283253 62806 0.818651
15 102531392 1616 0.02573 62806 0.777342
16 90354753 1244 0.019807 62806 0.680654
17 81195210 1251 0.0199185 62806 0.760247
18 78077248 1039 0.016543 62806 0.656468
19 59128983 378 0.00601853 62806 0.315106
20 63025520 677 0.0107792 62806 0.530996
21 48129895 446 0.00710123 62806 0.458144
22 51304566 396 0.00630513 62806 0.382129
X 155270560 2245 0.035745 62806 0.713473
Y 59373566 20 0.000318441 62806 0.0166723
