1 249250621 4488 0.101794 44089 1.2661
2 243199373 3830 0.0868697 44089 1.10803
3 198022430 2911 0.0660255 44089 1.03488
4 191154276 2823 0.0640296 44089 1.03944
5 180915260 3864 0.0876409 44089 1.50327
6 171115067 2689 0.0609903 44089 1.1049
7 159138663 2937 0.0666153 44089 1.29854
8 146364022 1443 0.0327293 44089 0.693416
9 141213431 1587 0.0359954 44089 0.791107
10 135534747 1375 0.0311869 44089 0.713659
11 135006516 1627 0.0369026 44089 0.848336
12 133851895 1676 0.038014 44089 0.879954
13 115169878 2936 0.0665926 44089 1.79495
14 107349540 1126 0.0255393 44089 0.738129
15 102531392 714 0.0161945 44089 0.48926
16 90354753 782 0.0177369 44089 0.609514
17 81195210 316 0.00716732 44089 0.273562
18 78077248 1092 0.0247681 44089 0.98286
19 59128983 468 0.0106149 44089 0.555754
20 63025520 384 0.00870966 44089 0.429047
21 48129895 258 0.0058518 44089 0.377535
22 51304566 148 0.00335685 44089 0.203445
X 155270560 2389 0.0541859 44089 1.08155
Y 59373566 16 0.000362902 44089 0.0190001
