1 249250621 4474 0.0824868 54239 1.02595
2 243199373 5129 0.094563 54239 1.20616
3 198022430 4296 0.079205 54239 1.24146
4 191154276 3463 0.063847 54239 1.03648
5 180915260 4747 0.0875201 54239 1.5012
6 171115067 3663 0.0675344 54239 1.22345
7 159138663 2385 0.043972 54239 0.857155
8 146364022 2327 0.0429027 54239 0.908956
9 141213431 1410 0.0259961 54239 0.571342
10 135534747 1529 0.02819 54239 0.645081
11 135006516 2122 0.0391231 54239 0.899383
12 133851895 2254 0.0415568 54239 0.961963
13 115169878 3118 0.0574863 54239 1.5495
14 107349540 934 0.0172201 54239 0.49769
15 102531392 1110 0.020465 54239 0.618277
16 90354753 890 0.0164089 54239 0.563878
17 81195210 584 0.0107672 54239 0.41096
18 78077248 1031 0.0190085 54239 0.754304
19 59128983 570 0.010509 54239 0.550212
20 63025520 361 0.00665573 54239 0.327868
21 48129895 596 0.0109884 54239 0.708929
22 51304566 239 0.00440642 54239 0.267056
X 155270560 3196 0.0589244 54239 1.17614
Y 59373566 30 0.000553108 54239 0.0289585
