1 249250621 3498 0.10453 33464 1.30013
2 243199373 2691 0.0804148 33464 1.0257
3 198022430 1124 0.0335883 33464 0.526463
4 191154276 2444 0.0730337 33464 1.18561
5 180915260 1996 0.0596462 33464 1.02309
6 171115067 2305 0.06888 33464 1.24783
7 159138663 2244 0.0670571 33464 1.30716
8 146364022 1672 0.0499641 33464 1.05856
9 141213431 1037 0.0309885 33464 0.681066
10 135534747 1616 0.0482907 33464 1.10505
11 135006516 1094 0.0326918 33464 0.751537
12 133851895 1426 0.042613 33464 0.986411
13 115169878 1469 0.0438979 33464 1.18323
14 107349540 721 0.0215455 33464 0.622704
15 102531392 741 0.0221432 33464 0.668979
16 90354753 543 0.0162264 33464 0.557608
17 81195210 430 0.0128496 33464 0.490444
18 78077248 550 0.0164356 33464 0.652205
19 59128983 399 0.0119233 33464 0.624254
20 63025520 312 0.00932345 33464 0.459283
21 48129895 248 0.00741095 33464 0.478126
22 51304566 225 0.00672364 33464 0.407494
X 155270560 3149 0.0941011 33464 1.87827
Y 59373566 28 0.00083672 33464 0.0438073
