1 249250621 3260 0.0805595 40467 1.00198
2 243199373 2688 0.0664245 40467 0.847251
3 198022430 2184 0.0539699 40467 0.845923
4 191154276 3111 0.0768775 40467 1.24801
5 180915260 2949 0.0728742 40467 1.24999
6 171115067 1985 0.0490523 40467 0.888629
7 159138663 3268 0.0807572 40467 1.57421
8 146364022 1714 0.0423555 40467 0.897362
9 141213431 1725 0.0426273 40467 0.936864
10 135534747 1352 0.0334099 40467 0.764529
11 135006516 1738 0.0429486 40467 0.987324
12 133851895 1434 0.0354363 40467 0.820284
13 115169878 2152 0.0531791 40467 1.4334
14 107349540 971 0.0239949 40467 0.693493
15 102531392 563 0.0139126 40467 0.420319
16 90354753 950 0.0234759 40467 0.806733
17 81195210 221 0.00546124 40467 0.208444
18 78077248 290 0.00716633 40467 0.284378
19 59128983 296 0.0073146 40467 0.382963
20 63025520 529 0.0130724 40467 0.64396
21 48129895 291 0.00719104 40467 0.463938
22 51304566 244 0.0060296 40467 0.365431
X 155270560 3253 0.0803865 40467 1.60452
Y 59373566 29 0.000716633 40467 0.0375201
