1 249250621 13974 0.084431 165508 1.05014
2 243199373 14581 0.0880985 165508 1.1237
3 198022430 12835 0.0775491 165508 1.2155
4 191154276 13612 0.0822438 165508 1.33513
5 180915260 11869 0.0717125 165508 1.23006
6 171115067 10951 0.066166 165508 1.19866
7 159138663 8466 0.0511516 165508 0.997107
8 146364022 6694 0.0404452 165508 0.856889
9 141213431 6166 0.037255 165508 0.818791
10 135534747 6338 0.0382942 165508 0.876298
11 135006516 7308 0.044155 165508 1.01506
12 133851895 6425 0.0388199 165508 0.898608
13 115169878 8312 0.0502211 165508 1.35367
14 107349540 3125 0.0188813 165508 0.545701
15 102531392 2738 0.016543 165508 0.499789
16 90354753 1883 0.0113771 165508 0.390965
17 81195210 1982 0.0119753 165508 0.457071
18 78077248 2925 0.0176729 165508 0.701304
19 59128983 955 0.00577011 165508 0.3021
20 63025520 2485 0.0150144 165508 0.739625
21 48129895 2178 0.0131595 165508 0.848999
22 51304566 565 0.00341373 165508 0.206893
X 155270560 9448 0.0570849 165508 1.13942
Y 59373566 105 0.00063441 165508 0.0332152
