1 249250621 3544 0.0746278 47489 0.928207
2 243199373 3961 0.0834088 47489 1.06389
3 198022430 3027 0.0637411 47489 0.999076
4 191154276 4440 0.0934953 47489 1.51778
5 180915260 3370 0.0709638 47489 1.21722
6 171115067 2942 0.0619512 47489 1.1223
7 159138663 2477 0.0521594 47489 1.01675
8 146364022 2018 0.0424941 47489 0.900298
9 141213431 1968 0.0414412 47489 0.910795
10 135534747 1567 0.0329971 47489 0.755083
11 135006516 2033 0.0428099 47489 0.984136
12 133851895 1688 0.0355451 47489 0.822803
13 115169878 2208 0.046495 47489 1.25323
14 107349540 1125 0.0236897 47489 0.684673
15 102531392 862 0.0181516 47489 0.548386
16 90354753 1048 0.0220683 47489 0.75836
17 81195210 323 0.00680158 47489 0.259602
18 78077248 1471 0.0309756 47489 1.22919
19 59128983 444 0.00934953 47489 0.489504
20 63025520 413 0.00869675 47489 0.428411
21 48129895 336 0.00707532 47489 0.456472
22 51304566 91 0.00191623 47489 0.116135
X 155270560 2528 0.0532334 47489 1.06254
Y 59373566 36 0.00075807 47489 0.0396895
