1 249250621 4921 0.100077 49172 1.24474
2 243199373 4061 0.0825877 49172 1.05341
3 198022430 3771 0.07669 49172 1.20204
4 191154276 3734 0.0759375 49172 1.23275
5 180915260 4625 0.0940576 49172 1.61334
6 171115067 2799 0.0569226 49172 1.03121
7 159138663 2401 0.0488286 49172 0.951825
8 146364022 2886 0.0586919 49172 1.24347
9 141213431 1560 0.0317254 49172 0.697261
10 135534747 1757 0.0357317 49172 0.817659
11 135006516 1458 0.029651 49172 0.681633
12 133851895 2167 0.0440698 49172 1.02013
13 115169878 2174 0.0442122 49172 1.1917
14 107349540 922 0.0187505 49172 0.541922
15 102531392 699 0.0142154 49172 0.429468
16 90354753 693 0.0140934 49172 0.484309
17 81195210 447 0.00909054 49172 0.346967
18 78077248 1250 0.025421 49172 1.00877
19 59128983 387 0.00787033 49172 0.412059
20 63025520 408 0.00829741 49172 0.408739
21 48129895 358 0.00728057 49172 0.469714
22 51304566 278 0.00565362 49172 0.342644
X 155270560 3300 0.0671114 49172 1.33955
Y 59373566 43 0.000874481 49172 0.0457844
