1 249250621 25 0.000949559 26328 0.0118104
2 243199373 32 0.00121544 26328 0.015503
3 198022430 34 0.0012914 26328 0.0202414
4 191154276 19 0.000721665 26328 0.0117153
5 180915260 13 0.000493771 26328 0.00846948
6 171115067 26 0.000987542 26328 0.0178902
7 159138663 36 0.00136737 26328 0.0266543
8 146364022 16 0.000607718 26328 0.0128754
9 141213431 9 0.000341841 26328 0.007513
10 135534747 8 0.000303859 26328 0.0069533
11 135006516 10 0.000379824 26328 0.00873158
12 133851895 16 0.000607718 26328 0.0140675
13 115169878 11 0.000417806 26328 0.0112616
14 107349540 4 0.00015193 26328 0.00439103
15 102531392 3 0.000113947 26328 0.00344251
16 90354753 1 3.79824e-05 26328 0.00130524
17 81195210 9 0.000341841 26328 0.0130474
18 78077248 17 0.0006457 26328 0.025623
19 59128983 4 0.00015193 26328 0.00795442
20 63025520 18 0.000683683 26328 0.033679
21 48129895 8 0.000303859 26328 0.0196038
22 51304566 0 0 26328 0
X 155270560 14 0.000531753 26328 0.0106138
Y 59373566 0 0 26328 0
