1 249250621 11014 0.0879488 125232 1.09389
2 243199373 9231 0.0737112 125232 0.940194
3 198022430 10879 0.0868708 125232 1.36161
4 191154276 11914 0.0951354 125232 1.54441
5 180915260 10397 0.0830219 125232 1.42405
6 171115067 6819 0.0544509 125232 0.98643
7 159138663 6044 0.0482624 125232 0.940788
8 146364022 5118 0.0408681 125232 0.865851
9 141213431 5610 0.0447969 125232 0.984546
10 135534747 3095 0.0247141 125232 0.565541
11 135006516 4878 0.0389517 125232 0.895442
12 133851895 4994 0.039878 125232 0.923102
13 115169878 5624 0.0449086 125232 1.21048
14 107349540 2835 0.022638 125232 0.654277
15 102531392 1713 0.0136786 125232 0.413251
16 90354753 2460 0.0196435 125232 0.675036
17 81195210 1356 0.0108279 125232 0.413279
18 78077248 2672 0.0213364 125232 0.846683
19 59128983 1037 0.00828063 125232 0.433541
20 63025520 1261 0.0100693 125232 0.496025
21 48129895 986 0.00787339 125232 0.50796
22 51304566 522 0.00416826 125232 0.252622
X 155270560 7002 0.0559122 125232 1.11601
Y 59373566 71 0.000566948 125232 0.0296831
