1 249250621 3211 0.0618702 51899 0.769529
2 243199373 4633 0.0892695 51899 1.13864
3 198022430 4105 0.0790959 51899 1.23975
4 191154276 4175 0.0804447 51899 1.30592
5 180915260 4110 0.0791923 51899 1.35836
6 171115067 3803 0.0732769 51899 1.32748
7 159138663 2865 0.0552034 51899 1.07609
8 146364022 2131 0.0410605 51899 0.869926
9 141213431 1875 0.0361279 51899 0.794019
10 135534747 1839 0.0354342 51899 0.810851
11 135006516 2257 0.0434883 51899 0.999731
12 133851895 2433 0.0468795 51899 1.08517
13 115169878 2404 0.0463207 51899 1.24854
14 107349540 748 0.0144126 51899 0.416549
15 102531392 1197 0.023064 51899 0.696798
16 90354753 872 0.0168019 51899 0.577384
17 81195210 819 0.0157807 51899 0.602315
18 78077248 1056 0.0203472 51899 0.807429
19 59128983 471 0.00907532 51899 0.475148
20 63025520 588 0.0113297 51899 0.558113
21 48129895 903 0.0173992 51899 1.12253
22 51304566 331 0.00637777 51899 0.386532
X 155270560 2471 0.0476117 51899 0.950333
Y 59373566 21 0.000404632 51899 0.0211849
