1 249250621 2351 0.0761655 30867 0.947332
2 243199373 2319 0.0751288 30867 0.958275
3 198022430 2295 0.0743512 30867 1.16538
4 191154276 2565 0.0830985 30867 1.349
5 180915260 2166 0.070172 30867 1.20364
6 171115067 1446 0.0468461 30867 0.848662
7 159138663 1838 0.0595458 30867 1.16074
8 146364022 1424 0.0461334 30867 0.977403
9 141213431 930 0.0301293 30867 0.662182
10 135534747 431 0.0139631 30867 0.319522
11 135006516 933 0.0302265 30867 0.694861
12 133851895 1233 0.0399456 30867 0.924666
13 115169878 2785 0.0902258 30867 2.43196
14 107349540 599 0.0194058 30867 0.560862
15 102531392 955 0.0309392 30867 0.934719
16 90354753 1003 0.0324942 30867 1.11664
17 81195210 509 0.0164901 30867 0.629393
18 78077248 746 0.0241682 30867 0.959056
19 59128983 199 0.00644701 30867 0.33754
20 63025520 488 0.0158098 30867 0.778806
21 48129895 541 0.0175268 30867 1.13076
22 51304566 211 0.00683578 30867 0.41429
X 155270560 1875 0.0607445 30867 1.21246
Y 59373566 8 0.000259176 30867 0.0135694
