1 249250621 8192 0.0740801 110583 0.921394
2 243199373 10928 0.0988217 110583 1.26048
3 198022430 8149 0.0736913 110583 1.15504
4 191154276 7268 0.0657244 110583 1.06695
5 180915260 6881 0.0622248 110583 1.06732
6 171115067 6100 0.0551622 110583 0.999315
7 159138663 6333 0.0572692 110583 1.11636
8 146364022 5833 0.0527477 110583 1.11754
9 141213431 4691 0.0424206 110583 0.932321
10 135534747 4834 0.0437138 110583 1.00032
11 135006516 4350 0.039337 110583 0.904298
12 133851895 2368 0.0214138 110583 0.495689
13 115169878 6540 0.0591411 110583 1.5941
14 107349540 2926 0.0264598 110583 0.764733
15 102531392 1524 0.0137815 110583 0.41636
16 90354753 2289 0.0206994 110583 0.711319
17 81195210 1811 0.0163768 110583 0.62507
18 78077248 2483 0.0224537 110583 0.891021
19 59128983 892 0.00806634 110583 0.422321
20 63025520 566 0.00511833 110583 0.252134
21 48129895 1004 0.00907915 110583 0.585752
22 51304566 591 0.0053444 110583 0.323903
X 155270560 6899 0.0623875 110583 1.24526
Y 59373566 86 0.000777696 110583 0.0407171
