1 249250621 35 0.00149279 23446 0.0185671
2 243199373 20 0.000853024 23446 0.0108804
3 198022430 14 0.000597117 23446 0.0093592
4 191154276 17 0.00072507 23446 0.0117706
5 180915260 10 0.000426512 23446 0.00731581
6 171115067 25 0.00106628 23446 0.0193167
7 159138663 33 0.00140749 23446 0.0274364
8 146364022 15 0.000639768 23446 0.0135544
9 141213431 7 0.000298558 23446 0.00656172
10 135534747 8 0.00034121 23446 0.007808
11 135006516 12 0.000511814 23446 0.0117658
12 133851895 17 0.00072507 23446 0.016784
13 115169878 11 0.000469163 23446 0.0126459
14 107349540 6 0.000255907 23446 0.00739616
15 102531392 14 0.000597117 23446 0.0180398
16 90354753 5 0.000213256 23446 0.00732838
17 81195210 3 0.000127954 23446 0.00488373
18 78077248 7 0.000298558 23446 0.0118476
19 59128983 4 0.000170605 23446 0.00893219
20 63025520 22 0.000938326 23446 0.046223
21 48129895 4 0.000170605 23446 0.0110068
22 51304566 1 4.26512e-05 23446 0.00258492
X 155270560 10 0.000426512 23446 0.00851321
Y 59373566 2 8.53024e-05 23446 0.00446609
