1 249250621 134 0.0032582 41127 0.0405249
2 243199373 2408 0.0585503 41127 0.746816
3 198022430 2584 0.0628298 41127 0.984793
4 191154276 2880 0.070027 41127 1.1368
5 180915260 5888 0.143166 41127 2.45568
6 171115067 2398 0.0583072 41127 1.05629
7 159138663 721 0.0175311 41127 0.341736
8 146364022 34 0.000826708 41127 0.017515
9 141213431 1902 0.046247 41127 1.01642
10 135534747 1157 0.0281324 41127 0.643761
11 135006516 1475 0.0358645 41127 0.824472
12 133851895 1537 0.037372 41127 0.865094
13 115169878 3707 0.0901354 41127 2.42953
14 107349540 436 0.0106013 41127 0.306396
15 102531392 1927 0.0468549 41127 1.41555
16 90354753 441 0.0107229 41127 0.368484
17 81195210 334 0.00812119 41127 0.309969
18 78077248 2534 0.061614 41127 2.445
19 59128983 164 0.00398765 41127 0.208777
20 63025520 1038 0.0252389 41127 1.2433
21 48129895 1655 0.0402412 41127 2.59621
22 51304566 356 0.00865611 41127 0.524613
X 155270560 3155 0.0767136 41127 1.53121
Y 59373566 23 0.000559243 41127 0.0292798
