1 249250621 12 0.00106562 11261 0.013254
2 243199373 22 0.00195365 11261 0.0249189
3 198022430 8 0.000710416 11261 0.0111351
4 191154276 19 0.00168724 11261 0.0273902
5 180915260 7 0.000621614 11261 0.0106623
6 171115067 7 0.000621614 11261 0.0112611
7 159138663 14 0.00124323 11261 0.0242345
8 146364022 15 0.00133203 11261 0.028221
9 141213431 14 0.00124323 11261 0.0273237
10 135534747 11 0.000976823 11261 0.0223529
11 135006516 12 0.00106562 11261 0.0244971
12 133851895 9 0.000799219 11261 0.0185004
13 115169878 9 0.000799219 11261 0.0215423
14 107349540 2 0.000177604 11261 0.00513307
15 102531392 0 0 11261 0
16 90354753 6 0.000532812 11261 0.0183097
17 81195210 0 0 11261 0
18 78077248 8 0.000710416 11261 0.0281911
19 59128983 3 0.000266406 11261 0.013948
20 63025520 8 0.000710416 11261 0.0349959
21 48129895 0 0 11261 0
22 51304566 1 8.88021e-05 11261 0.00538194
X 155270560 8 0.000710416 11261 0.01418
Y 59373566 0 0 11261 0
