1 249250621 9241 0.0831399 111150 1.03408
2 243199373 8371 0.0753126 111150 0.96062
3 198022430 8530 0.0767431 111150 1.20287
4 191154276 9331 0.0839496 111150 1.36282
5 180915260 7849 0.0706163 111150 1.21126
6 171115067 5638 0.0507242 111150 0.918918
7 159138663 6670 0.060009 111150 1.16977
8 146364022 5652 0.0508502 111150 1.07733
9 141213431 4749 0.042726 111150 0.939034
10 135534747 3761 0.0338372 111150 0.774306
11 135006516 4498 0.0404678 111150 0.930295
12 133851895 4183 0.0376338 111150 0.871153
13 115169878 5421 0.0487719 111150 1.31461
14 107349540 2799 0.0251822 111150 0.727809
15 102531392 1865 0.0167791 111150 0.506922
16 90354753 2311 0.0207917 111150 0.714492
17 81195210 1090 0.00980657 111150 0.374296
18 78077248 3255 0.0292848 111150 1.16209
19 59128983 1059 0.00952767 111150 0.498831
20 63025520 1206 0.0108502 111150 0.534493
21 48129895 1184 0.0106523 111150 0.687243
22 51304566 672 0.00604588 111150 0.366417
X 155270560 5732 0.05157 111150 1.02934
Y 59373566 51 0.000458839 111150 0.024023
