1 249250621 8729 0.0962924 90651 1.19767
2 243199373 7897 0.0871143 90651 1.11115
3 198022430 5313 0.0586094 90651 0.918643
4 191154276 5593 0.0616982 90651 1.00159
5 180915260 5275 0.0581902 90651 0.998117
6 171115067 6632 0.0731597 90651 1.32536
7 159138663 6293 0.0694201 90651 1.35322
8 146364022 1981 0.021853 90651 0.462988
9 141213431 2990 0.0329836 90651 0.724915
10 135534747 4161 0.0459013 90651 1.05037
11 135006516 4390 0.0484275 90651 1.11328
12 133851895 4400 0.0485378 90651 1.12356
13 115169878 4888 0.0539211 90651 1.4534
14 107349540 2990 0.0329836 90651 0.953284
15 102531392 2055 0.0226694 90651 0.684875
16 90354753 2173 0.0239711 90651 0.823748
17 81195210 596 0.00657467 90651 0.250941
18 78077248 3110 0.0343074 90651 1.3614
19 59128983 557 0.00614444 90651 0.321699
20 63025520 749 0.00826246 90651 0.407018
21 48129895 650 0.00717036 90651 0.462604
22 51304566 322 0.00355208 90651 0.215278
X 155270560 5885 0.0649193 90651 1.29579
Y 59373566 48 0.000529503 90651 0.0277227
