1 249250621 46 0.00105273 43696 0.0130936
2 243199373 69 0.00157909 43696 0.0201415
3 198022430 72 0.00164775 43696 0.0258268
4 191154276 59 0.00135024 43696 0.0219194
5 180915260 44 0.00100696 43696 0.017272
6 171115067 22 0.000503479 43696 0.00912099
7 159138663 62 0.00141889 43696 0.0276588
8 146364022 28 0.000640791 43696 0.0135761
9 141213431 18 0.000411937 43696 0.00905356
10 135534747 19 0.000434822 43696 0.00995017
11 135006516 52 0.00119004 43696 0.0273572
12 133851895 34 0.000778103 43696 0.0180116
13 115169878 29 0.000663676 43696 0.0178888
14 107349540 16 0.000366166 43696 0.0105828
15 102531392 20 0.000457708 43696 0.013828
16 90354753 18 0.000411937 43696 0.0141559
17 81195210 10 0.000228854 43696 0.00873488
18 78077248 21 0.000480593 43696 0.0190712
19 59128983 7 0.000160198 43696 0.00838732
20 63025520 31 0.000709447 43696 0.0349481
21 48129895 4 9.15416e-05 43696 0.00590591
22 51304566 13 0.00029751 43696 0.0180309
X 155270560 37 0.000846759 43696 0.0169014
Y 59373566 5 0.000114427 43696 0.00599094
