1 249250621 42 0.00216272 19420 0.0268995
2 243199373 26 0.00133883 19420 0.0170769
3 198022430 22 0.00113285 19420 0.0177563
4 191154276 31 0.00159629 19420 0.0259138
5 180915260 19 0.000978373 19420 0.0167817
6 171115067 26 0.00133883 19420 0.0242541
7 159138663 18 0.00092688 19420 0.0180678
8 146364022 13 0.000669413 19420 0.0141825
9 141213431 13 0.000669413 19420 0.0147124
10 135534747 2 0.000102987 19420 0.00235667
11 135006516 10 0.000514933 19420 0.0118375
12 133851895 6 0.00030896 19420 0.00715185
13 115169878 17 0.000875386 19420 0.0235953
14 107349540 1 5.14933e-05 19420 0.00148825
15 102531392 7 0.000360453 19420 0.0108898
16 90354753 4 0.000205973 19420 0.00707812
17 81195210 4 0.000205973 19420 0.00786157
18 78077248 12 0.00061792 19420 0.0245206
19 59128983 2 0.000102987 19420 0.00539197
20 63025520 12 0.00061792 19420 0.0304394
21 48129895 3 0.00015448 19420 0.00996645
22 51304566 2 0.000102987 19420 0.00624161
X 155270560 18 0.00092688 19420 0.0185006
Y 59373566 2 0.000102987 19420 0.00539197
