1 249250621 10910 0.0569787 191475 0.708691
2 243199373 22785 0.118997 191475 1.51782
3 198022430 13262 0.0692623 191475 1.08562
4 191154276 16142 0.0843034 191475 1.36856
5 180915260 11417 0.0596266 191475 1.02275
6 171115067 16693 0.0871811 191475 1.57937
7 159138663 9751 0.0509257 191475 0.992704
8 146364022 9118 0.0476198 191475 1.00889
9 141213431 4797 0.0250529 191475 0.550613
10 135534747 8439 0.0440736 191475 1.00855
11 135006516 5576 0.0291213 191475 0.669455
12 133851895 10825 0.0565348 191475 1.30868
13 115169878 6086 0.0317848 191475 0.856734
14 107349540 3739 0.0195274 191475 0.564374
15 102531392 3411 0.0178143 191475 0.538197
16 90354753 3866 0.0201906 191475 0.693836
17 81195210 3097 0.0161744 191475 0.617345
18 78077248 3039 0.0158715 191475 0.629822
19 59128983 1237 0.00646037 191475 0.338239
20 63025520 2468 0.0128894 191475 0.634946
21 48129895 1618 0.00845019 191475 0.545174
22 51304566 624 0.00325891 191475 0.19751
X 155270560 13054 0.068176 191475 1.3608
Y 59373566 144 0.000752056 191475 0.0393747
