1 249250621 9 0.000806958 11153 0.0100368
2 243199373 12 0.00107594 11153 0.0137238
3 198022430 6 0.000537972 11153 0.00843216
4 191154276 9 0.000806958 11153 0.0131
5 180915260 5 0.00044831 11153 0.00768971
6 171115067 10 0.00089662 11153 0.0162431
7 159138663 12 0.00107594 11153 0.0209736
8 146364022 6 0.000537972 11153 0.0113977
9 141213431 3 0.000268986 11153 0.00591178
10 135534747 3 0.000268986 11153 0.00615528
11 135006516 4 0.000358648 11153 0.00824478
12 133851895 9 0.000806958 11153 0.0186796
13 115169878 3 0.000268986 11153 0.00725029
14 107349540 1 8.9662e-05 11153 0.00259139
15 102531392 2 0.000179324 11153 0.00541764
16 90354753 4 0.000358648 11153 0.0123247
17 81195210 1 8.9662e-05 11153 0.00342221
18 78077248 2 0.000179324 11153 0.00711603
19 59128983 0 0 11153 0
20 63025520 8 0.000717296 11153 0.0353348
21 48129895 3 0.000268986 11153 0.0173539
22 51304566 1 8.9662e-05 11153 0.00543406
X 155270560 7 0.000627634 11153 0.0125276
Y 59373566 1 8.9662e-05 11153 0.00469434
