1 249250621 2800 0.0773844 36183 0.962493
2 243199373 2912 0.0804798 36183 1.02653
3 198022430 2503 0.0691761 36183 1.08427
4 191154276 2873 0.0794019 36183 1.28899
5 180915260 2696 0.0745101 36183 1.27805
6 171115067 2685 0.0742061 36183 1.34431
7 159138663 2293 0.0633723 36183 1.23533
8 146364022 1623 0.0448553 36183 0.950325
9 141213431 1618 0.0447171 36183 0.982794
10 135534747 1333 0.0368405 36183 0.843032
11 135006516 1379 0.0381118 36183 0.876134
12 133851895 955 0.0263936 36183 0.610963
13 115169878 2048 0.0566012 36183 1.52564
14 107349540 630 0.0174115 36183 0.503222
15 102531392 942 0.0260343 36183 0.786536
16 90354753 885 0.024459 36183 0.840515
17 81195210 419 0.01158 36183 0.441986
18 78077248 780 0.0215571 36183 0.85544
19 59128983 356 0.00983887 36183 0.515124
20 63025520 204 0.00563801 36183 0.277734
21 48129895 253 0.00699223 36183 0.451112
22 51304566 183 0.00505762 36183 0.306523
X 155270560 1421 0.0392726 36183 0.783884
Y 59373566 10 0.000276373 36183 0.0144698
