1 249250621 37 0.00101027 36624 0.0125655
2 243199373 44 0.0012014 36624 0.015324
3 198022430 19 0.000518785 36624 0.00813143
4 191154276 26 0.000709917 36624 0.0115246
5 180915260 22 0.000600699 36624 0.0103036
6 171115067 23 0.000628003 36624 0.0113769
7 159138663 44 0.0012014 36624 0.0234191
8 146364022 26 0.000709917 36624 0.0150406
9 141213431 17 0.000464176 36624 0.0102017
10 135534747 9 0.00024574 36624 0.00562335
11 135006516 17 0.000464176 36624 0.0106707
12 133851895 13 0.000354958 36624 0.00821663
13 115169878 44 0.0012014 36624 0.0323827
14 107349540 7 0.000191131 36624 0.00552403
15 102531392 6 0.000163827 36624 0.00494946
16 90354753 15 0.000409567 36624 0.0140745
17 81195210 10 0.000273045 36624 0.0104216
18 78077248 8 0.000218436 36624 0.0086681
19 59128983 4 0.000109218 36624 0.00571822
20 63025520 23 0.000628003 36624 0.0309361
21 48129895 4 0.000109218 36624 0.00704632
22 51304566 2 5.4609e-05 36624 0.00330964
X 155270560 17 0.000464176 36624 0.009265
Y 59373566 2 5.4609e-05 36624 0.00285911
