1 249250621 3829 0.0890652 42991 1.10778
2 243199373 2704 0.0628969 42991 0.802256
3 198022430 3120 0.0725733 42991 1.13751
4 191154276 3619 0.0841804 42991 1.36657
5 180915260 2793 0.0649671 42991 1.11436
6 171115067 3074 0.0715033 42991 1.29535
7 159138663 2652 0.0616873 42991 1.20248
8 146364022 2469 0.0574306 42991 1.21675
9 141213431 1389 0.0323091 42991 0.71009
10 135534747 1684 0.039171 42991 0.896361
11 135006516 2176 0.0506152 42991 1.16357
12 133851895 1130 0.0262846 42991 0.608439
13 115169878 2142 0.0498244 42991 1.34298
14 107349540 1181 0.0274709 42991 0.793956
15 102531392 660 0.0153521 42991 0.463808
16 90354753 740 0.0172129 42991 0.591509
17 81195210 509 0.0118397 42991 0.451896
18 78077248 736 0.0171199 42991 0.67936
19 59128983 225 0.00523365 42991 0.274013
20 63025520 315 0.00732711 42991 0.360942
21 48129895 613 0.0142588 42991 0.919922
22 51304566 165 0.00383801 42991 0.232607
X 155270560 2384 0.0554535 42991 1.10686
Y 59373566 31 0.000721081 42991 0.0377529
