1 249250621 4780 0.0542067 88181 0.674213
2 243199373 4889 0.0554428 88181 0.707178
3 198022430 2912 0.033023 88181 0.517602
4 191154276 5076 0.0575634 88181 0.934471
5 180915260 3004 0.0340663 88181 0.584328
6 171115067 3566 0.0404396 88181 0.732601
7 159138663 4457 0.0505438 88181 0.985259
8 146364022 2917 0.0330797 88181 0.700841
9 141213431 1735 0.0196754 88181 0.432427
10 135534747 2214 0.0251074 88181 0.574541
11 135006516 2587 0.0293374 88181 0.674423
12 133851895 1306 0.0148104 88181 0.342834
13 115169878 2727 0.030925 88181 0.833559
14 107349540 2112 0.0239507 88181 0.692218
15 102531392 893 0.0101269 88181 0.305949
16 90354753 1374 0.0155816 88181 0.53545
17 81195210 571 0.00647532 88181 0.24715
18 78077248 1314 0.0149012 88181 0.591316
19 59128983 446 0.00505778 88181 0.264805
20 63025520 552 0.00625985 88181 0.308367
21 48129895 984 0.0111589 88181 0.719927
22 51304566 280 0.00317529 88181 0.192442
X 155270560 3701 0.0419705 88181 0.837734
Y 59373566 45 0.000510314 88181 0.026718
