1 249250621 7987 0.0747699 106821 0.929974
2 243199373 10421 0.0975557 106821 1.24433
3 198022430 9066 0.084871 106821 1.33027
4 191154276 8910 0.0834106 106821 1.35407
5 180915260 7326 0.068582 106821 1.17636
6 171115067 6329 0.0592486 106821 1.07335
7 159138663 5425 0.0507859 106821 0.989978
8 146364022 4261 0.0398892 106821 0.845109
9 141213431 3619 0.0338791 106821 0.744596
10 135534747 3610 0.0337949 106821 0.773338
11 135006516 4483 0.0419674 106821 0.964768
12 133851895 5063 0.047397 106821 1.09715
13 115169878 5695 0.0533135 106821 1.43702
14 107349540 2366 0.0221492 106821 0.64015
15 102531392 1692 0.0158396 106821 0.478537
16 90354753 1741 0.0162983 106821 0.560079
17 81195210 1965 0.0183953 106821 0.702109
18 78077248 2288 0.021419 106821 0.849961
19 59128983 889 0.00832233 106821 0.435724
20 63025520 756 0.00707726 106821 0.348634
21 48129895 1336 0.0125069 106821 0.806897
22 51304566 430 0.00402543 106821 0.243965
X 155270560 5532 0.0517876 106821 1.03368
Y 59373566 56 0.000524241 106821 0.0274472
