1 249250621 5675 0.0934372 60736 1.16215
2 243199373 4127 0.0679498 60736 0.866707
3 198022430 3862 0.0635867 60736 0.996656
4 191154276 3820 0.0628952 60736 1.02103
5 180915260 4361 0.0718026 60736 1.2316
6 171115067 4719 0.0776969 60736 1.40755
7 159138663 4425 0.0728563 60736 1.4202
8 146364022 2238 0.036848 60736 0.780678
9 141213431 3094 0.0509418 60736 1.1196
10 135534747 1939 0.0319251 60736 0.73055
11 135006516 1766 0.0290767 60736 0.668429
12 133851895 2487 0.0409477 60736 0.947864
13 115169878 5103 0.0840194 60736 2.26467
14 107349540 1545 0.025438 60736 0.735201
15 102531392 1241 0.0204327 60736 0.617302
16 90354753 833 0.0137151 60736 0.471309
17 81195210 1000 0.0164647 60736 0.628424
18 78077248 1263 0.0207949 60736 0.825195
19 59128983 566 0.00931902 60736 0.487907
20 63025520 643 0.0105868 60736 0.521517
21 48129895 360 0.00592729 60736 0.382406
22 51304566 237 0.00390213 60736 0.236493
X 155270560 2831 0.0466116 60736 0.930371
Y 59373566 22 0.000362223 60736 0.0189646
