1 249250621 4448 0.0847626 52476 1.05426
2 243199373 4867 0.0927472 52476 1.183
3 198022430 2989 0.0569594 52476 0.89278
4 191154276 4273 0.0814277 52476 1.32188
5 180915260 2717 0.0517761 52476 0.888097
6 171115067 3492 0.0665447 52476 1.20552
7 159138663 3616 0.0689077 52476 1.34323
8 146364022 2235 0.0425909 52476 0.90235
9 141213431 2064 0.0393323 52476 0.864445
10 135534747 1271 0.0242206 52476 0.554247
11 135006516 1446 0.0275555 52476 0.633459
12 133851895 2603 0.0496036 52476 1.14823
13 115169878 2915 0.0555492 52476 1.49728
14 107349540 491 0.00935666 52476 0.270424
15 102531392 753 0.0143494 52476 0.433517
16 90354753 985 0.0187705 52476 0.645034
17 81195210 592 0.0112813 52476 0.430586
18 78077248 1176 0.0224102 52476 0.889295
19 59128983 496 0.00945194 52476 0.494866
20 63025520 460 0.00876591 52476 0.431818
21 48129895 462 0.00880402 52476 0.568002
22 51304566 200 0.00381127 52476 0.230986
X 155270560 3234 0.0616282 52476 1.2301
Y 59373566 27 0.000514521 52476 0.0269383
