1 249250621 9415 0.11334 83069 1.4097
2 243199373 6137 0.0738783 83069 0.942326
3 198022430 5616 0.0676064 83069 1.05966
4 191154276 5515 0.0663906 83069 1.07777
5 180915260 6441 0.077538 83069 1.32998
6 171115067 5437 0.0654516 83069 1.18572
7 159138663 5071 0.0610456 83069 1.18997
8 146364022 3743 0.0450589 83069 0.954638
9 141213431 2879 0.0346579 83069 0.761713
10 135534747 3066 0.0369091 83069 0.844601
11 135006516 2151 0.0258941 83069 0.595267
12 133851895 3233 0.0389195 83069 0.900913
13 115169878 3607 0.0434217 83069 1.1704
14 107349540 2493 0.0300112 83069 0.867376
15 102531392 1271 0.0153005 83069 0.462252
16 90354753 1421 0.0171063 83069 0.587844
17 81195210 1634 0.0196704 83069 0.750778
18 78077248 1934 0.0232819 83069 0.923883
19 59128983 1107 0.0133263 83069 0.697711
20 63025520 509 0.00612744 83069 0.301844
21 48129895 656 0.00789705 83069 0.509487
22 51304566 240 0.00288916 83069 0.175101
X 155270560 4495 0.0541116 83069 1.08007
Y 59373566 48 0.000577833 83069 0.030253
