1 249250621 13 0.000733096 17733 0.00911812
2 243199373 13 0.000733096 17733 0.00935072
3 198022430 19 0.00107145 17733 0.0167939
4 191154276 15 0.000845881 17733 0.0137318
5 180915260 10 0.00056392 17733 0.00967273
6 171115067 12 0.000676704 17733 0.0122591
7 159138663 10 0.00056392 17733 0.0109926
8 146364022 10 0.00056392 17733 0.0119475
9 141213431 6 0.000338352 17733 0.00743631
10 135534747 4 0.000225568 17733 0.00516174
11 135006516 12 0.000676704 17733 0.0155564
12 133851895 5 0.00028196 17733 0.00652686
13 115169878 11 0.000620312 17733 0.01672
14 107349540 6 0.000338352 17733 0.00977897
15 102531392 2 0.000112784 17733 0.00340737
16 90354753 9 0.000507528 17733 0.0174408
17 81195210 4 0.000225568 17733 0.00860947
18 78077248 7 0.000394744 17733 0.0156645
19 59128983 4 0.000225568 17733 0.0118099
20 63025520 7 0.000394744 17733 0.0194455
21 48129895 0 0 17733 0
22 51304566 3 0.000169176 17733 0.0102531
X 155270560 8 0.000451136 17733 0.00900472
Y 59373566 1 5.6392e-05 17733 0.00295246
