1 249250621 3812 0.0767234 49685 0.954271
2 243199373 3639 0.0732414 49685 0.934202
3 198022430 3365 0.0677267 49685 1.06155
4 191154276 2528 0.0508805 49685 0.825983
5 180915260 2452 0.0493509 49685 0.846499
6 171115067 4075 0.0820167 49685 1.48581
7 159138663 3269 0.0657945 49685 1.28254
8 146364022 1800 0.0362282 49685 0.767547
9 141213431 1932 0.038885 49685 0.854615
10 135534747 1879 0.0378183 49685 0.865406
11 135006516 2731 0.0549663 49685 1.26359
12 133851895 1638 0.0329677 49685 0.763141
13 115169878 2695 0.0542417 49685 1.46204
14 107349540 1365 0.0274731 49685 0.79402
15 102531392 774 0.0155781 49685 0.470639
16 90354753 811 0.0163228 49685 0.560922
17 81195210 693 0.0139479 49685 0.532362
18 78077248 1711 0.034437 49685 1.36655
19 59128983 511 0.0102848 49685 0.538471
20 63025520 493 0.00992251 49685 0.488794
21 48129895 584 0.0117541 49685 0.758326
22 51304566 223 0.00448828 49685 0.272017
X 155270560 3378 0.0679883 49685 1.35705
Y 59373566 32 0.000644058 49685 0.0337203
