1 249250621 31 0.000914023 33916 0.0113684
2 243199373 38 0.00112042 33916 0.014291
3 198022430 43 0.00126784 33916 0.0198721
4 191154276 24 0.000707631 33916 0.0114875
5 180915260 31 0.000914023 33916 0.0156779
6 171115067 21 0.000619177 33916 0.011217
7 159138663 34 0.00100248 33916 0.0195415
8 146364022 22 0.000648661 33916 0.0137428
9 141213431 20 0.000589692 33916 0.0129603
10 135534747 20 0.000589692 33916 0.0134941
11 135006516 18 0.000530723 33916 0.0122005
12 133851895 13 0.0003833 33916 0.00887268
13 115169878 22 0.000648661 33916 0.0174841
14 107349540 10 0.000294846 33916 0.00852156
15 102531392 2 5.89692e-05 33916 0.00178155
16 90354753 7 0.000206392 33916 0.00709252
17 81195210 7 0.000206392 33916 0.00787757
18 78077248 1 2.94846e-05 33916 0.00117002
19 59128983 6 0.000176908 33916 0.00926218
20 63025520 19 0.000560208 33916 0.0275964
21 48129895 6 0.000176908 33916 0.0114134
22 51304566 4 0.000117938 33916 0.00714778
X 155270560 28 0.000825569 33916 0.0164784
Y 59373566 1 2.94846e-05 33916 0.0015437
