1 249250621 10515 0.071448 147170 0.888657
2 243199373 12238 0.0831555 147170 1.06066
3 198022430 10520 0.071482 147170 1.12041
4 191154276 10529 0.0715431 147170 1.16141
5 180915260 7700 0.0523204 147170 0.897435
6 171115067 9735 0.066148 147170 1.19833
7 159138663 9209 0.0625739 147170 1.21976
8 146364022 6083 0.0413332 147170 0.875702
9 141213431 6498 0.044153 147170 0.970396
10 135534747 4744 0.0322348 147170 0.737639
11 135006516 6104 0.0414758 147170 0.953468
12 133851895 5606 0.038092 147170 0.881759
13 115169878 14305 0.0972005 147170 2.61996
14 107349540 2839 0.0192906 147170 0.557532
15 102531392 1318 0.00895563 147170 0.270563
16 90354753 3084 0.0209554 147170 0.720115
17 81195210 1668 0.0113338 147170 0.432589
18 78077248 5592 0.0379969 147170 1.50781
19 59128983 430 0.00292179 147170 0.152973
20 63025520 654 0.00444384 147170 0.218908
21 48129895 2150 0.014609 147170 0.942513
22 51304566 451 0.00306448 147170 0.185726
X 155270560 6954 0.0472515 147170 0.943143
Y 59373566 89 0.000604743 147170 0.0316619
