1 249250621 33 0.000652419 50581 0.00811466
2 243199373 50 0.000988513 50581 0.0126086
3 198022430 40 0.000790811 50581 0.0123952
4 191154276 30 0.000593108 50581 0.00962838
5 180915260 32 0.000632649 50581 0.0108516
6 171115067 47 0.000929203 50581 0.0168334
7 159138663 43 0.000850122 50581 0.0165716
8 146364022 11 0.000217473 50581 0.00460748
9 141213431 23 0.000454716 50581 0.00999376
10 135534747 25 0.000494257 50581 0.0113102
11 135006516 15 0.000296554 50581 0.00681733
12 133851895 35 0.000691959 50581 0.0160176
13 115169878 37 0.0007315 50581 0.019717
14 107349540 17 0.000336095 50581 0.00971372
15 102531392 3 5.93108e-05 50581 0.00179187
16 90354753 14 0.000276784 50581 0.00951147
17 81195210 10 0.000197703 50581 0.0075459
18 78077248 12 0.000237243 50581 0.00941441
19 59128983 9 0.000177932 50581 0.00931583
20 63025520 40 0.000790811 50581 0.0389562
21 48129895 3 5.93108e-05 50581 0.0038265
22 51304566 5 9.88513e-05 50581 0.00599099
X 155270560 30 0.000593108 50581 0.0118385
Y 59373566 3 5.93108e-05 50581 0.00310528
