1 249250621 12209 0.103845 117570 1.2916
2 243199373 7428 0.0631794 117570 0.805859
3 198022430 4679 0.0397976 117570 0.623786
4 191154276 10374 0.0882368 117570 1.43242
5 180915260 5928 0.050421 117570 0.864855
6 171115067 5858 0.0498256 117570 0.902638
7 159138663 10349 0.0880242 117570 1.71587
8 146364022 7846 0.0667347 117570 1.41387
9 141213431 3893 0.0331122 117570 0.72774
10 135534747 5163 0.0439143 117570 1.0049
11 135006516 4426 0.0376457 117570 0.865417
12 133851895 5896 0.0501488 117570 1.16085
13 115169878 6910 0.0587735 117570 1.58419
14 107349540 584 0.00496725 117570 0.143562
15 102531392 2057 0.017496 117570 0.528579
16 90354753 2636 0.0224207 117570 0.77047
17 81195210 660 0.00561368 117570 0.214262
18 78077248 2445 0.0207961 117570 0.825243
19 59128983 1187 0.0100961 117570 0.528592
20 63025520 612 0.00520541 117570 0.256424
21 48129895 692 0.00588586 117570 0.379733
22 51304566 704 0.00598792 117570 0.362904
X 155270560 3033 0.0257974 117570 0.514918
Y 59373566 69 0.000586884 117570 0.0307269
