1 249250621 6556 0.106976 61285 1.33054
2 243199373 5395 0.0880313 61285 1.12285
3 198022430 4856 0.0792364 61285 1.24195
4 191154276 5204 0.0849147 61285 1.37849
5 180915260 3631 0.0592478 61285 1.01626
6 171115067 4209 0.0686791 61285 1.24419
7 159138663 2904 0.0473852 61285 0.923687
8 146364022 2874 0.0468957 61285 0.993552
9 141213431 1337 0.0218161 61285 0.479475
10 135534747 2956 0.0482337 61285 1.10375
11 135006516 2387 0.0389492 61285 0.895383
12 133851895 2963 0.0483479 61285 1.11916
13 115169878 3497 0.0570613 61285 1.53804
14 107349540 1602 0.0261402 61285 0.755496
15 102531392 1006 0.0164151 61285 0.495925
16 90354753 522 0.00851758 61285 0.2927
17 81195210 963 0.0157135 61285 0.599751
18 78077248 834 0.0136086 61285 0.540022
19 59128983 509 0.00830546 61285 0.434841
20 63025520 210 0.00342661 61285 0.168799
21 48129895 793 0.0129395 61285 0.834809
22 51304566 316 0.00515624 61285 0.312499
X 155270560 3401 0.0554948 61285 1.10768
Y 59373566 25 0.00040793 61285 0.0213576
