1 249250621 8037 0.0962953 83462 1.1977
2 243199373 6898 0.0826484 83462 1.05419
3 198022430 5177 0.0620282 83462 0.972229
4 191154276 6782 0.0812585 83462 1.31913
5 180915260 6199 0.0742733 83462 1.27398
6 171115067 5542 0.0664015 83462 1.20293
7 159138663 4820 0.0577508 83462 1.12575
8 146364022 3680 0.0440919 83462 0.934151
9 141213431 3028 0.03628 83462 0.797362
10 135534747 1725 0.0206681 83462 0.472954
11 135006516 2792 0.0334523 83462 0.76902
12 133851895 4007 0.0480099 83462 1.11134
13 115169878 5378 0.0644365 83462 1.73683
14 107349540 1647 0.0197335 83462 0.570333
15 102531392 1298 0.015552 83462 0.469849
16 90354753 1322 0.0158395 83462 0.544314
17 81195210 852 0.0102082 83462 0.389627
18 78077248 2518 0.0301694 83462 1.1972
19 59128983 870 0.0104239 83462 0.545754
20 63025520 1194 0.0143059 83462 0.704725
21 48129895 1056 0.0126525 83462 0.816288
22 51304566 259 0.00310321 83462 0.188073
X 155270560 4319 0.0517481 83462 1.0329
Y 59373566 45 0.000539168 83462 0.0282287
