1 249250621 2469 0.0707146 34915 0.879535
2 243199373 2542 0.0728054 34915 0.92864
3 198022430 2261 0.0647573 34915 1.015
4 191154276 2873 0.0822856 34915 1.3358
5 180915260 2728 0.0781326 34915 1.34018
6 171115067 2327 0.0666476 34915 1.20738
7 159138663 1892 0.0541887 34915 1.05631
8 146364022 2206 0.063182 34915 1.3386
9 141213431 1194 0.0341973 34915 0.75159
10 135534747 1268 0.0363168 34915 0.831047
11 135006516 1482 0.0424459 34915 0.975769
12 133851895 1357 0.0388658 34915 0.899672
13 115169878 1899 0.0543892 34915 1.46602
14 107349540 547 0.0156666 34915 0.452792
15 102531392 731 0.0209366 34915 0.632524
16 90354753 881 0.0252327 34915 0.867103
17 81195210 398 0.0113991 34915 0.435081
18 78077248 592 0.0169555 34915 0.672836
19 59128983 307 0.00879278 34915 0.460355
20 63025520 535 0.0153229 34915 0.754824
21 48129895 441 0.0126307 34915 0.814882
22 51304566 183 0.0052413 34915 0.317655
X 155270560 1408 0.0403265 34915 0.80492
Y 59373566 10 0.00028641 34915 0.0149953
