1 249250621 4640 0.0759237 61114 0.944324
2 243199373 4834 0.0790981 61114 1.0089
3 198022430 3429 0.0561083 61114 0.87944
4 191154276 5249 0.0858887 61114 1.3943
5 180915260 4717 0.0771836 61114 1.3239
6 171115067 4531 0.0741401 61114 1.34312
7 159138663 3384 0.0553719 61114 1.07937
8 146364022 3232 0.0528848 61114 1.12044
9 141213431 2176 0.0356056 61114 0.78254
10 135534747 1950 0.0319076 61114 0.730151
11 135006516 2030 0.0332166 61114 0.7636
12 133851895 2312 0.0378309 61114 0.875716
13 115169878 3908 0.0639461 61114 1.72361
14 107349540 1859 0.0304186 61114 0.879149
15 102531392 775 0.0126812 61114 0.383118
16 90354753 946 0.0154793 61114 0.531934
17 81195210 516 0.00844324 61114 0.322261
18 78077248 1362 0.0222862 61114 0.884374
19 59128983 662 0.0108322 61114 0.567132
20 63025520 491 0.00803417 61114 0.395772
21 48129895 742 0.0121412 61114 0.783306
22 51304566 234 0.00382891 61114 0.232055
X 155270560 2174 0.0355729 61114 0.710037
Y 59373566 41 0.000670877 61114 0.0351245
