1 249250621 7971 0.0747062 106698 0.929181
2 243199373 8850 0.0829444 106698 1.05796
3 198022430 8078 0.075709 106698 1.18666
4 191154276 8879 0.0832162 106698 1.35091
5 180915260 7493 0.0702262 106698 1.20457
6 171115067 7739 0.0725318 106698 1.31398
7 159138663 6550 0.0613882 106698 1.19665
8 146364022 2864 0.0268421 106698 0.568689
9 141213431 2420 0.0226808 106698 0.49848
10 135534747 4390 0.0411442 106698 0.941514
11 135006516 3188 0.0298787 106698 0.686867
12 133851895 4387 0.041116 106698 0.95176
13 115169878 5870 0.0550151 106698 1.48289
14 107349540 2728 0.0255675 106698 0.738945
15 102531392 1870 0.0175261 106698 0.529489
16 90354753 1023 0.00958781 106698 0.329478
17 81195210 1866 0.0174886 106698 0.667504
18 78077248 2422 0.0226996 106698 0.900777
19 59128983 991 0.0092879 106698 0.486277
20 63025520 1230 0.0115279 106698 0.567875
21 48129895 1217 0.011406 106698 0.735873
22 51304566 428 0.00401132 106698 0.24311
X 155270560 8135 0.0762432 106698 1.52182
Y 59373566 94 0.000880991 106698 0.0461252
