1 249250621 12663 0.0732524 172868 0.9111
2 243199373 8624 0.0498878 172868 0.636324
3 198022430 10764 0.0622672 172868 0.975974
4 191154276 10587 0.0612433 172868 0.994209
5 180915260 7256 0.0419742 172868 0.71997
6 171115067 9014 0.0521438 172868 0.944635
7 159138663 9238 0.0534396 172868 1.04171
8 146364022 6156 0.035611 172868 0.75447
9 141213431 3506 0.0202814 172868 0.445744
10 135534747 5156 0.0298262 172868 0.682522
11 135006516 4973 0.0287676 172868 0.661324
12 133851895 3301 0.0190955 172868 0.442025
13 115169878 6447 0.0372944 172868 1.00524
14 107349540 3869 0.0223812 172868 0.646857
15 102531392 2051 0.0118645 172868 0.358445
16 90354753 2231 0.0129058 172868 0.443498
17 81195210 839 0.00485341 172868 0.185245
18 78077248 3046 0.0176204 172868 0.699221
19 59128983 1160 0.00671032 172868 0.351326
20 63025520 749 0.00433279 172868 0.213438
21 48129895 1997 0.0115522 172868 0.745301
22 51304566 547 0.00316426 172868 0.191774
X 155270560 7302 0.0422403 172868 0.84312
Y 59373566 82 0.00047435 172868 0.0248351
