1 249250621 23 0.00230369 9984 0.0286528
2 243199373 21 0.00210337 9984 0.0268286
3 198022430 12 0.00120192 9984 0.0188389
4 191154276 12 0.00120192 9984 0.0195117
5 180915260 8 0.000801282 9984 0.0137441
6 171115067 16 0.00160256 9984 0.029032
7 159138663 8 0.000801282 9984 0.0156195
8 146364022 4 0.000400641 9984 0.00848816
9 141213431 1 0.00010016 9984 0.00220132
10 135534747 5 0.000500801 9984 0.01146
11 135006516 3 0.000300481 9984 0.0069076
12 133851895 4 0.000400641 9984 0.0092741
13 115169878 3 0.000300481 9984 0.00809921
14 107349540 7 0.000701122 9984 0.0202636
15 102531392 7 0.000701122 9984 0.0211819
16 90354753 4 0.000400641 9984 0.0137677
17 81195210 1 0.00010016 9984 0.00382291
18 78077248 2 0.000200321 9984 0.00794923
19 59128983 2 0.000200321 9984 0.010488
20 63025520 10 0.0010016 9984 0.04934
21 48129895 0 0 9984 0
22 51304566 2 0.000200321 9984 0.0121406
X 155270560 7 0.000701122 9984 0.0139944
Y 59373566 0 0 9984 0
