1 249250621 3943 0.0881472 44732 1.09636
2 243199373 3656 0.0817312 44732 1.04249
3 198022430 2814 0.062908 44732 0.986019
4 191154276 3868 0.0864705 44732 1.40374
5 180915260 4211 0.0941384 44732 1.61472
6 171115067 3765 0.0841679 44732 1.52478
7 159138663 2351 0.0525575 44732 1.02451
8 146364022 1140 0.0254851 44732 0.539939
9 141213431 2393 0.0534964 44732 1.17574
10 135534747 2505 0.0560002 44732 1.28147
11 135006516 1776 0.0397031 44732 0.912715
12 133851895 1535 0.0343155 44732 0.79434
13 115169878 1643 0.0367299 44732 0.990023
14 107349540 825 0.0184432 44732 0.53304
15 102531392 509 0.0113789 44732 0.343773
16 90354753 808 0.0180631 44732 0.620726
17 81195210 559 0.0124966 44732 0.476971
18 78077248 1013 0.022646 44732 0.89865
19 59128983 193 0.00431458 44732 0.225894
20 63025520 160 0.00357686 44732 0.1762
21 48129895 391 0.00874095 44732 0.563932
22 51304566 136 0.00304033 44732 0.184262
X 155270560 2985 0.0667308 44732 1.33195
Y 59373566 31 0.000693016 44732 0.0362836
