1 249250621 3519 0.0801777 43890 0.997235
2 243199373 3973 0.0905218 43890 1.15461
3 198022430 2519 0.0573935 43890 0.899584
4 191154276 3542 0.0807018 43890 1.31009
5 180915260 2521 0.0574391 43890 0.985232
6 171115067 2720 0.0619731 43890 1.1227
7 159138663 2656 0.0605149 43890 1.17963
8 146364022 1420 0.0323536 43890 0.685458
9 141213431 2082 0.0474368 43890 1.04257
10 135534747 1343 0.0305992 43890 0.700211
11 135006516 1910 0.0435179 43890 1.00041
12 133851895 1648 0.0375484 43890 0.869176
13 115169878 3727 0.0849168 43890 2.28886
14 107349540 751 0.017111 43890 0.494536
15 102531392 904 0.0205969 43890 0.622264
16 90354753 517 0.0117794 43890 0.404792
17 81195210 567 0.0129187 43890 0.493079
18 78077248 1286 0.0293005 43890 1.16272
19 59128983 486 0.0110731 43890 0.579745
20 63025520 312 0.00710868 43890 0.350181
21 48129895 291 0.00663021 43890 0.427756
22 51304566 141 0.00321258 43890 0.194702
X 155270560 2301 0.0524265 43890 1.04644
Y 59373566 22 0.000501253 43890 0.0262436
