1 249250621 3205 0.0759893 42177 0.94514
2 243199373 3215 0.0762264 42177 0.972275
3 198022430 2393 0.0567371 42177 0.889296
4 191154276 4003 0.0949095 42177 1.54074
5 180915260 3257 0.0772222 42177 1.32457
6 171115067 3036 0.0719824 42177 1.30403
7 159138663 2503 0.0593451 42177 1.15683
8 146364022 1948 0.0461863 42177 0.978524
9 141213431 1158 0.0274557 42177 0.603422
10 135534747 1771 0.0419897 42177 0.960863
11 135006516 1334 0.0316286 42177 0.727095
12 133851895 2107 0.0499561 42177 1.15639
13 115169878 2529 0.0599616 42177 1.61622
14 107349540 928 0.0220025 42177 0.635911
15 102531392 1025 0.0243023 42177 0.73421
16 90354753 460 0.0109064 42177 0.374791
17 81195210 489 0.011594 42177 0.442519
18 78077248 1567 0.037153 42177 1.47432
19 59128983 151 0.00358015 42177 0.187442
20 63025520 487 0.0115466 42177 0.568797
21 48129895 414 0.00981578 42177 0.633276
22 51304566 194 0.00459966 42177 0.278767
X 155270560 1681 0.0398558 42177 0.795526
Y 59373566 29 0.000687579 42177 0.0359989
