1 249250621 22 0.000472813 46530 0.00588076
2 243199373 40 0.00085966 46530 0.0109651
3 198022430 24 0.000515796 46530 0.00808458
4 191154276 33 0.00070922 46530 0.0115133
5 180915260 16 0.000343864 46530 0.00589818
6 171115067 28 0.000601762 46530 0.0109015
7 159138663 29 0.000623254 46530 0.0121492
8 146364022 12 0.000257898 46530 0.00546394
9 141213431 13 0.00027939 46530 0.00614043
10 135534747 11 0.000236407 46530 0.00540976
11 135006516 20 0.00042983 46530 0.00988115
12 133851895 14 0.000300881 46530 0.00696484
13 115169878 15 0.000322373 46530 0.00868929
14 107349540 7 0.000150441 46530 0.00434799
15 102531392 5 0.000107458 46530 0.00324645
16 90354753 6 0.000128949 46530 0.00443124
17 81195210 5 0.000107458 46530 0.00410143
18 78077248 6 0.000128949 46530 0.00511703
19 59128983 4 8.5966e-05 46530 0.00450084
20 63025520 22 0.000472813 46530 0.0232913
21 48129895 4 8.5966e-05 46530 0.0055462
22 51304566 3 6.44745e-05 46530 0.00390755
X 155270560 19 0.000408339 46530 0.00815047
Y 59373566 0 0 46530 0
