1 249250621 15 0.000452871 33122 0.00563273
2 243199373 35 0.0010567 33122 0.0134783
3 198022430 18 0.000543445 33122 0.00851795
4 191154276 21 0.00063402 33122 0.0102925
5 180915260 14 0.00042268 33122 0.00725008
6 171115067 17 0.000513254 33122 0.00929808
7 159138663 22 0.000664211 33122 0.0129476
8 146364022 18 0.000543445 33122 0.0115137
9 141213431 6 0.000181148 33122 0.00398129
10 135534747 10 0.000301914 33122 0.00690879
11 135006516 12 0.000362297 33122 0.00832867
12 133851895 24 0.000724594 33122 0.016773
13 115169878 14 0.00042268 33122 0.011393
14 107349540 14 0.00042268 33122 0.0122162
15 102531392 8 0.000241531 33122 0.00729702
16 90354753 8 0.000241531 33122 0.00830004
17 81195210 1 3.01914e-05 33122 0.00115234
18 78077248 12 0.000362297 33122 0.0143769
19 59128983 0 0 33122 0
20 63025520 10 0.000301914 33122 0.0148726
21 48129895 1 3.01914e-05 33122 0.00194783
22 51304566 4 0.000120766 33122 0.00731913
X 155270560 9 0.000271723 33122 0.00542361
Y 59373566 1 3.01914e-05 33122 0.0015807
