1 249250621 6792 0.0780699 86999 0.971018
2 243199373 8470 0.0973574 86999 1.2418
3 198022430 7045 0.0809779 86999 1.26925
4 191154276 7230 0.0831044 86999 1.3491
5 180915260 5404 0.0621157 86999 1.06545
6 171115067 5439 0.062518 86999 1.13257
7 159138663 5883 0.0676215 86999 1.31816
8 146364022 3130 0.0359774 86999 0.762234
9 141213431 2910 0.0334487 86999 0.735135
10 135534747 3335 0.0383338 86999 0.877203
11 135006516 3465 0.039828 86999 0.915587
12 133851895 3579 0.0411384 86999 0.952278
13 115169878 4154 0.0477477 86999 1.287
14 107349540 1847 0.0212301 86999 0.613588
15 102531392 1893 0.0217589 86999 0.657368
16 90354753 612 0.00703456 86999 0.241738
17 81195210 1138 0.0130806 86999 0.49926
18 78077248 2398 0.0275635 86999 1.09379
19 59128983 674 0.00774722 86999 0.405613
20 63025520 444 0.00510351 86999 0.251404
21 48129895 1260 0.0144829 86999 0.934382
22 51304566 477 0.00548282 86999 0.332292
X 155270560 4343 0.0499201 86999 0.996409
Y 59373566 41 0.00047127 86999 0.0246738
