1 249250621 28 0.000976937 28661 0.012151
2 243199373 27 0.000942047 28661 0.0120159
3 198022430 15 0.000523359 28661 0.00820312
4 191154276 33 0.00115139 28661 0.0186914
5 180915260 12 0.000418687 28661 0.0071816
6 171115067 20 0.000697812 28661 0.0126415
7 159138663 36 0.00125606 28661 0.0244846
8 146364022 13 0.000453578 28661 0.0096097
9 141213431 11 0.000383797 28661 0.00843509
10 135534747 3 0.000104672 28661 0.00239524
11 135006516 9 0.000314016 28661 0.00721875
12 133851895 16 0.00055825 28661 0.0129225
13 115169878 26 0.000907156 28661 0.0244516
14 107349540 6 0.000209344 28661 0.0060504
15 102531392 3 0.000104672 28661 0.00316229
16 90354753 8 0.000279125 28661 0.00959192
17 81195210 5 0.000174453 28661 0.00665851
18 78077248 10 0.000348906 28661 0.0138455
19 59128983 0 0 28661 0
20 63025520 20 0.000697812 28661 0.034375
21 48129895 4 0.000139562 28661 0.00900403
22 51304566 1 3.48906e-05 28661 0.00211458
X 155270560 18 0.000628031 28661 0.0125356
Y 59373566 3 0.000104672 28661 0.0054802
