1 249250621 723 0.0215557 33541 0.268106
2 243199373 1011 0.0301422 33541 0.384467
3 198022430 652 0.0194389 33541 0.304685
4 191154276 578 0.0172326 33541 0.279751
5 180915260 640 0.0190811 33541 0.327292
6 171115067 445 0.0132673 33541 0.24035
7 159138663 400 0.0119257 33541 0.23247
8 146364022 497 0.0148177 33541 0.313934
9 141213431 115 0.00342864 33541 0.0753547
10 135534747 221 0.00658895 33541 0.150777
11 135006516 428 0.0127605 33541 0.293345
12 133851895 405 0.0120748 33541 0.279509
13 115169878 432 0.0128798 33541 0.347163
14 107349540 306 0.00912316 33541 0.263675
15 102531392 54 0.00160997 33541 0.0486396
16 90354753 82 0.00244477 33541 0.0840127
17 81195210 5 0.000149071 33541 0.00568974
18 78077248 124 0.00369697 33541 0.146705
19 59128983 28 0.000834799 33541 0.0437068
20 63025520 48 0.00143108 33541 0.0704968
21 48129895 228 0.00679765 33541 0.438558
22 51304566 13 0.000387585 33541 0.02349
X 155270560 604 0.0180078 33541 0.359437
Y 59373566 9 0.000268328 33541 0.0140486
