1 249250621 5867 0.0732697 80074 0.911315
2 243199373 6955 0.0868572 80074 1.10787
3 198022430 5699 0.0711717 80074 1.11554
4 191154276 5569 0.0695482 80074 1.12903
5 180915260 6976 0.0871194 80074 1.49433
6 171115067 4395 0.0548867 80074 0.994325
7 159138663 4615 0.0576342 80074 1.12347
8 146364022 2667 0.0333067 80074 0.70565
9 141213431 3380 0.042211 80074 0.927713
10 135534747 1982 0.0247521 80074 0.56641
11 135006516 4861 0.0607063 80074 1.39555
12 133851895 2970 0.0370907 80074 0.858581
13 115169878 5436 0.0678872 80074 1.82984
14 107349540 1940 0.0242276 80074 0.700219
15 102531392 722 0.00901666 80074 0.272407
16 90354753 1682 0.0210056 80074 0.721841
17 81195210 979 0.0122262 80074 0.466649
18 78077248 2407 0.0300597 80074 1.19285
19 59128983 790 0.00986587 80074 0.516538
20 63025520 444 0.00554487 80074 0.273146
21 48129895 878 0.0109649 80074 0.70741
22 51304566 342 0.00427105 80074 0.258851
X 155270560 4391 0.0548368 80074 1.09455
Y 59373566 37 0.000462073 80074 0.0241923
