1 249250621 4173 0.0766673 54430 0.953573
2 243199373 4459 0.0819217 54430 1.04492
3 198022430 4248 0.0780452 54430 1.22328
4 191154276 4243 0.0779533 54430 1.26548
5 180915260 2491 0.0457652 54430 0.784995
6 171115067 3357 0.0616755 54430 1.11731
7 159138663 3157 0.0580011 54430 1.13063
8 146364022 3138 0.057652 54430 1.22144
9 141213431 2056 0.0377733 54430 0.830182
10 135534747 1667 0.0306265 54430 0.700835
11 135006516 1344 0.0246923 54430 0.567638
12 133851895 2059 0.0378284 54430 0.875657
13 115169878 2880 0.052912 54430 1.4262
14 107349540 1081 0.0198604 54430 0.573999
15 102531392 634 0.011648 54430 0.351903
16 90354753 905 0.0166269 54430 0.57137
17 81195210 1148 0.0210913 54430 0.805012
18 78077248 1626 0.0298732 54430 1.18545
19 59128983 705 0.0129524 54430 0.678137
20 63025520 637 0.0117031 54430 0.576508
21 48129895 656 0.0120522 54430 0.77756
22 51304566 94 0.00172699 54430 0.104666
X 155270560 3399 0.0624472 54430 1.24645
Y 59373566 18 0.0003307 54430 0.0173141
