1 249250621 13 0.00108144 12021 0.0134508
2 243199373 18 0.00149738 12021 0.0190992
3 198022430 5 0.000415939 12021 0.00651942
4 191154276 14 0.00116463 12021 0.0189063
5 180915260 2 0.000166376 12021 0.00285378
6 171115067 4 0.000332751 12021 0.0060281
7 159138663 8 0.000665502 12021 0.0129727
8 146364022 6 0.000499127 12021 0.0105747
9 141213431 3 0.000249563 12021 0.00548491
10 135534747 4 0.000332751 12021 0.00761444
11 135006516 2 0.000166376 12021 0.00382472
12 133851895 8 0.000665502 12021 0.0154051
13 115169878 8 0.000665502 12021 0.0179381
14 107349540 0 0 12021 0
15 102531392 0 0 12021 0
16 90354753 7 0.000582314 12021 0.0200108
17 81195210 1 8.31878e-05 12021 0.00317511
18 78077248 3 0.000249563 12021 0.0099033
19 59128983 4 0.000332751 12021 0.0174215
20 63025520 2 0.000166376 12021 0.00819584
21 48129895 0 0 12021 0
22 51304566 1 8.31878e-05 12021 0.00504168
X 155270560 6 0.000499127 12021 0.00996261
Y 59373566 1 8.31878e-05 12021 0.00435538
