1 249250621 3600 0.0852313 42238 1.06009
2 243199373 3519 0.0833136 42238 1.06267
3 198022430 2194 0.0519437 42238 0.814165
4 191154276 3596 0.0851366 42238 1.38209
5 180915260 3318 0.0785549 42238 1.34742
6 171115067 3182 0.075335 42238 1.36476
7 159138663 2158 0.0510914 42238 0.995934
8 146364022 1866 0.0441782 42238 0.935979
9 141213431 1340 0.031725 42238 0.697252
10 135534747 1548 0.0366495 42238 0.83866
11 135006516 1341 0.0317487 42238 0.729854
12 133851895 1289 0.0305175 42238 0.706425
13 115169878 2462 0.0582887 42238 1.57113
14 107349540 1398 0.0330982 42238 0.956594
15 102531392 789 0.0186799 42238 0.564346
16 90354753 751 0.0177802 42238 0.611003
17 81195210 417 0.00987263 42238 0.376818
18 78077248 935 0.0221365 42238 0.878431
19 59128983 577 0.0136607 42238 0.715219
20 63025520 225 0.00532696 42238 0.262412
21 48129895 90 0.00213078 42238 0.13747
22 51304566 324 0.00767082 42238 0.464898
X 155270560 2981 0.0705763 42238 1.40871
Y 59373566 16 0.000378806 42238 0.0198328
