1 249250621 5368 0.0864176 62117 1.07485
2 243199373 4424 0.0712204 62117 0.908424
3 198022430 5202 0.0837452 62117 1.31262
4 191154276 6046 0.0973325 62117 1.58007
5 180915260 5212 0.0839062 62117 1.43921
6 171115067 4099 0.0659884 62117 1.19544
7 159138663 3108 0.0500346 62117 0.975334
8 146364022 2789 0.0448991 62117 0.951253
9 141213431 1867 0.0300562 62117 0.660575
10 135534747 1401 0.0225542 62117 0.516115
11 135006516 2399 0.0386207 62117 0.887831
12 133851895 2026 0.0326159 62117 0.754997
13 115169878 2953 0.0475393 62117 1.28138
14 107349540 1844 0.0296859 62117 0.857974
15 102531392 935 0.0150522 62117 0.45475
16 90354753 808 0.0130077 62117 0.447
17 81195210 560 0.00901525 62117 0.344093
18 78077248 1413 0.0227474 62117 0.902674
19 59128983 544 0.00875767 62117 0.458517
20 63025520 652 0.0104963 62117 0.51706
21 48129895 956 0.0153903 62117 0.992923
22 51304566 283 0.00455592 62117 0.276116
X 155270560 4136 0.066584 62117 1.32902
Y 59373566 49 0.000788834 62117 0.0413002
