1 249250621 9772 0.0810013 120640 1.00748
2 243199373 11813 0.0979194 120640 1.24897
3 198022430 9526 0.0789622 120640 1.23765
4 191154276 10262 0.085063 120640 1.38089
5 180915260 5489 0.045499 120640 0.780429
6 171115067 8557 0.07093 120640 1.28496
7 159138663 6197 0.0513677 120640 1.00132
8 146364022 5064 0.0419761 120640 0.889325
9 141213431 4559 0.0377901 120640 0.830552
10 135534747 2895 0.023997 120640 0.549131
11 135006516 4485 0.0371767 120640 0.854637
12 133851895 4719 0.0391164 120640 0.905472
13 115169878 6876 0.056996 120640 1.53628
14 107349540 2617 0.0216926 120640 0.626955
15 102531392 1740 0.0144231 120640 0.435743
16 90354753 1798 0.0149038 120640 0.51216
17 81195210 1620 0.0134284 120640 0.512534
18 78077248 2456 0.0203581 120640 0.807861
19 59128983 959 0.00794927 120640 0.416192
20 63025520 1322 0.0109582 120640 0.539814
21 48129895 1084 0.00898541 120640 0.579704
22 51304566 462 0.00382958 120640 0.232095
X 155270560 7983 0.0661721 120640 1.3208
Y 59373566 87 0.000721154 120640 0.0377567
