1 249250621 2641 0.0720325 36664 0.895927
2 243199373 3150 0.0859153 36664 1.09586
3 198022430 2526 0.0688959 36664 1.07987
4 191154276 2770 0.0755509 36664 1.22648
5 180915260 2233 0.0609044 36664 1.04467
6 171115067 2389 0.0651593 36664 1.18042
7 159138663 1780 0.048549 36664 0.946374
8 146364022 2202 0.0600589 36664 1.27243
9 141213431 1839 0.0501582 36664 1.10238
10 135534747 861 0.0234835 36664 0.53738
11 135006516 1765 0.0481399 36664 1.10666
12 133851895 1284 0.0350207 36664 0.810665
13 115169878 1262 0.0344207 36664 0.927781
14 107349540 1101 0.0300295 36664 0.867903
15 102531392 1109 0.0302477 36664 0.913826
16 90354753 468 0.0127646 36664 0.438645
17 81195210 386 0.010528 36664 0.401834
18 78077248 522 0.0142374 36664 0.564976
19 59128983 333 0.00908248 36664 0.475522
20 63025520 492 0.0134192 36664 0.661042
21 48129895 384 0.0104735 36664 0.675709
22 51304566 126 0.00343661 36664 0.20828
X 155270560 2501 0.0682141 36664 1.36156
Y 59373566 14 0.000381846 36664 0.0199919
