1 249250621 3658 0.103732 35264 1.2902
2 243199373 3113 0.088277 35264 1.12598
3 198022430 2874 0.0814995 35264 1.27742
4 191154276 2946 0.0835413 35264 1.35619
5 180915260 2643 0.074949 35264 1.28557
6 171115067 2700 0.0765653 35264 1.38705
7 159138663 1175 0.0333201 35264 0.649515
8 146364022 1575 0.0446631 35264 0.946252
9 141213431 1380 0.0391334 35264 0.860075
10 135534747 914 0.0259188 35264 0.593107
11 135006516 1684 0.0477541 35264 1.0978
12 133851895 2006 0.0568852 35264 1.31679
13 115169878 1962 0.0556375 35264 1.49966
14 107349540 664 0.0188294 35264 0.544202
15 102531392 379 0.0107475 35264 0.324698
16 90354753 241 0.00683417 35264 0.234851
17 81195210 437 0.0123922 35264 0.472986
18 78077248 862 0.0244442 35264 0.970008
19 59128983 135 0.00382827 35264 0.200433
20 63025520 293 0.00830876 35264 0.409298
21 48129895 401 0.0113714 35264 0.733637
22 51304566 47 0.0013328 35264 0.080776
X 155270560 1451 0.0411468 35264 0.821293
Y 59373566 11 0.000311933 35264 0.0163316
