1 249250621 17 0.000794764 21390 0.00988512
2 243199373 26 0.00121552 21390 0.0155041
3 198022430 9 0.000420757 21390 0.00659494
4 191154276 22 0.00102852 21390 0.0166967
5 180915260 17 0.000794764 21390 0.0136323
6 171115067 13 0.000607761 21390 0.0110102
7 159138663 15 0.000701262 21390 0.0136698
8 146364022 18 0.000841515 21390 0.0178287
9 141213431 5 0.000233754 21390 0.00513745
10 135534747 3 0.000140252 21390 0.00320944
11 135006516 7 0.000327256 21390 0.00752312
12 133851895 4 0.000187003 21390 0.00432878
13 115169878 5 0.000233754 21390 0.00630065
14 107349540 0 0 21390 0
15 102531392 10 0.000467508 21390 0.0141241
16 90354753 4 0.000187003 21390 0.00642623
17 81195210 3 0.000140252 21390 0.00535315
18 78077248 4 0.000187003 21390 0.00742076
19 59128983 2 9.35016e-05 21390 0.00489537
20 63025520 9 0.000420757 21390 0.020727
21 48129895 6 0.000280505 21390 0.0180971
22 51304566 1 4.67508e-05 21390 0.00283338
X 155270560 14 0.000654511 21390 0.0130641
Y 59373566 1 4.67508e-05 21390 0.00244769
