1 249250621 16639 0.0951757 174824 1.18378
2 243199373 16939 0.0968917 174824 1.23586
3 198022430 13137 0.0751441 174824 1.17781
4 191154276 11507 0.0658205 174824 1.06851
5 180915260 11580 0.066238 174824 1.13616
6 171115067 11840 0.0677253 174824 1.22691
7 159138663 6292 0.0359905 174824 0.701569
8 146364022 8775 0.0501933 174824 1.06342
9 141213431 6420 0.0367226 174824 0.807091
10 135534747 5400 0.0308882 174824 0.706824
11 135006516 5535 0.0316604 174824 0.727826
12 133851895 7129 0.0407782 174824 0.943939
13 115169878 8694 0.04973 174824 1.34043
14 107349540 4283 0.0244989 174824 0.708061
15 102531392 3639 0.0208152 174824 0.628859
16 90354753 4046 0.0231433 174824 0.795302
17 81195210 1501 0.00858578 174824 0.327701
18 78077248 6784 0.0388047 174824 1.53987
19 59128983 1381 0.00789937 174824 0.41358
20 63025520 1607 0.0091921 174824 0.452813
21 48129895 2770 0.0158445 174824 1.02223
22 51304566 1227 0.00701849 174824 0.425363
X 155270560 5826 0.0333249 174824 0.665169
Y 59373566 91 0.000520523 174824 0.0272525
