1 249250621 11491 0.0833509 137863 1.0367
2 243199373 9786 0.0709835 137863 0.905402
3 198022430 10499 0.0761553 137863 1.19366
4 191154276 10296 0.0746828 137863 1.21238
5 180915260 10126 0.0734497 137863 1.25986
6 171115067 9142 0.0663122 137863 1.20131
7 159138663 6568 0.0476415 137863 0.928684
8 146364022 6586 0.0477721 137863 1.01212
9 141213431 4037 0.0292827 137863 0.643576
10 135534747 3641 0.0264103 137863 0.604354
11 135006516 6019 0.0436593 137863 1.00366
12 133851895 6257 0.0453856 137863 1.05059
13 115169878 8419 0.0610679 137863 1.64603
14 107349540 3635 0.0263668 137863 0.762045
15 102531392 2745 0.0199111 137863 0.601543
16 90354753 2693 0.0195339 137863 0.671268
17 81195210 1647 0.0119466 137863 0.455979
18 78077248 3046 0.0220944 137863 0.876762
19 59128983 859 0.00623082 137863 0.326221
20 63025520 1034 0.0075002 137863 0.369468
21 48129895 1575 0.0114244 137863 0.737057
22 51304566 779 0.00565054 137863 0.342457
X 155270560 6991 0.0507098 137863 1.01217
Y 59373566 110 0.000797894 137863 0.0417745
