1 249250621 6400 0.0731094 87540 0.909321
2 243199373 7690 0.0878456 87540 1.12048
3 198022430 6606 0.0754626 87540 1.1828
4 191154276 7060 0.0806488 87540 1.30923
5 180915260 6047 0.069077 87540 1.18485
6 171115067 5555 0.0634567 87540 1.14958
7 159138663 5946 0.0679232 87540 1.32404
8 146364022 3787 0.0432602 87540 0.91653
9 141213431 3194 0.0364862 87540 0.801894
10 135534747 2247 0.0256683 87540 0.587375
11 135006516 4183 0.0477839 87540 1.09848
12 133851895 3327 0.0380055 87540 0.879757
13 115169878 5440 0.062143 87540 1.67501
14 107349540 1401 0.0160041 87540 0.462547
15 102531392 1610 0.0183916 87540 0.555637
16 90354753 2365 0.0270162 87540 0.928392
17 81195210 974 0.0111263 87540 0.42467
18 78077248 2170 0.0247887 87540 0.983677
19 59128983 546 0.00623715 87540 0.326552
20 63025520 537 0.00613434 87540 0.302184
21 48129895 508 0.00580306 87540 0.374391
22 51304566 448 0.00511766 87540 0.310161
X 155270560 5300 0.0605438 87540 1.20846
Y 59373566 48 0.000548321 87540 0.0287079
