1 249250621 5259 0.0811875 64776 1.00979
2 243199373 5569 0.0859732 64776 1.0966
3 198022430 5452 0.084167 64776 1.31923
4 191154276 4226 0.0652402 64776 1.05909
5 180915260 3749 0.0578764 64776 0.992734
6 171115067 3660 0.0565024 64776 1.02359
7 159138663 3122 0.0481969 64776 0.93951
8 146364022 2875 0.0443837 64776 0.940333
9 141213431 2376 0.0366803 64776 0.806159
10 135534747 1935 0.0298722 64776 0.683574
11 135006516 2539 0.0391966 64776 0.901072
12 133851895 3436 0.0530443 64776 1.22788
13 115169878 4217 0.0651013 64776 1.75475
14 107349540 1195 0.0184482 64776 0.533185
15 102531392 985 0.0152062 64776 0.459403
16 90354753 1057 0.0163178 64776 0.560748
17 81195210 1014 0.0156539 64776 0.597479
18 78077248 1330 0.0205323 64776 0.814774
19 59128983 720 0.0111152 64776 0.581949
20 63025520 658 0.0101581 64776 0.500398
21 48129895 431 0.0066537 64776 0.429271
22 51304566 477 0.00736384 64776 0.446293
X 155270560 4244 0.0655181 64776 1.30775
Y 59373566 56 0.000864518 64776 0.0452627
