1 249250621 10267 0.0942359 108950 1.17209
2 243199373 9834 0.0902616 108950 1.1513
3 198022430 7281 0.0668288 108950 1.04747
4 191154276 8388 0.0769894 108950 1.24983
5 180915260 7406 0.0679761 108950 1.16597
6 171115067 9034 0.0829188 108950 1.50215
7 159138663 6818 0.0625792 108950 1.21987
8 146364022 5364 0.0492336 108950 1.04308
9 141213431 3837 0.035218 108950 0.774022
10 135534747 3839 0.0352363 108950 0.806324
11 135006516 4390 0.0402937 108950 0.926292
12 133851895 2888 0.0265076 108950 0.613601
13 115169878 4353 0.0399541 108950 1.07693
14 107349540 2630 0.0241395 108950 0.697674
15 102531392 1345 0.0123451 108950 0.372964
16 90354753 1202 0.0110326 108950 0.379127
17 81195210 1129 0.0103626 108950 0.395517
18 78077248 1667 0.0153006 108950 0.607167
19 59128983 1235 0.0113355 108950 0.59348
20 63025520 459 0.00421294 108950 0.207534
21 48129895 849 0.00779257 108950 0.502746
22 51304566 654 0.00600275 108950 0.363803
X 155270560 7900 0.0725103 108950 1.44731
Y 59373566 77 0.000706746 108950 0.0370024
