1 249250621 41 0.00128664 31866 0.016003
2 243199373 32 0.00100421 31866 0.0128087
3 198022430 33 0.00103559 31866 0.0162318
4 191154276 20 0.000627628 31866 0.0101888
5 180915260 24 0.000753154 31866 0.0129186
6 171115067 18 0.000564865 31866 0.0102331
7 159138663 40 0.00125526 31866 0.0244689
8 146364022 16 0.000502103 31866 0.0106378
9 141213431 7 0.00021967 31866 0.00482791
10 135534747 18 0.000564865 31866 0.012926
11 135006516 14 0.00043934 31866 0.0100998
12 133851895 13 0.000407958 31866 0.00944348
13 115169878 26 0.000815917 31866 0.0219924
14 107349540 14 0.00043934 31866 0.0126977
15 102531392 9 0.000282433 31866 0.00853271
16 90354753 8 0.000251051 31866 0.00862719
17 81195210 6 0.000188288 31866 0.00718658
18 78077248 5 0.000156907 31866 0.00622647
19 59128983 5 0.000156907 31866 0.00821503
20 63025520 40 0.00125526 31866 0.0618353
21 48129895 1 3.13814e-05 31866 0.00202461
22 51304566 2 6.27628e-05 31866 0.00380381
X 155270560 24 0.000753154 31866 0.015033
Y 59373566 2 6.27628e-05 31866 0.00328601
