1 249250621 20730 0.0823266 251802 1.02396
2 243199373 17275 0.0686055 251802 0.87507
3 198022430 13801 0.0548089 251802 0.859074
4 191154276 17602 0.0699041 251802 1.13481
5 180915260 9843 0.0390902 251802 0.670502
6 171115067 15508 0.0615881 251802 1.11573
7 159138663 12002 0.0476644 251802 0.929131
8 146364022 11638 0.0462189 251802 0.979213
9 141213431 7604 0.0301983 251802 0.6637
10 135534747 10388 0.0412546 251802 0.944042
11 135006516 9439 0.0374858 251802 0.861743
12 133851895 9061 0.0359846 251802 0.832977
13 115169878 9916 0.0393801 251802 1.06146
14 107349540 5638 0.0223906 251802 0.647127
15 102531392 5084 0.0201905 251802 0.609984
16 90354753 3052 0.0121206 251802 0.416517
17 81195210 1897 0.0075337 251802 0.287546
18 78077248 4666 0.0185304 251802 0.735335
19 59128983 2236 0.00887999 251802 0.464921
20 63025520 1381 0.00548447 251802 0.270171
21 48129895 1594 0.00633037 251802 0.408411
22 51304566 1301 0.00516676 251802 0.313137
X 155270560 15055 0.059789 251802 1.19339
Y 59373566 99 0.000393166 251802 0.0205846
