1 249250621 10805 0.0878791 122953 1.09302
2 243199373 10902 0.088668 122953 1.13097
3 198022430 7180 0.0583963 122953 0.915302
4 191154276 8795 0.0715314 122953 1.16122
5 180915260 8313 0.0676112 122953 1.15971
6 171115067 9559 0.0777452 122953 1.40843
7 159138663 7052 0.0573552 122953 1.11804
8 146364022 5511 0.044822 122953 0.949619
9 141213431 5177 0.0421055 122953 0.925396
10 135534747 4019 0.0326873 122953 0.747993
11 135006516 5384 0.0437891 122953 1.00665
12 133851895 4814 0.0391532 122953 0.906323
13 115169878 6227 0.0506454 122953 1.3651
14 107349540 3873 0.0314998 122953 0.9104
15 102531392 1590 0.0129318 122953 0.390688
16 90354753 1975 0.016063 122953 0.551995
17 81195210 1595 0.0129724 122953 0.495131
18 78077248 3688 0.0299952 122953 1.19029
19 59128983 712 0.00579083 122953 0.303185
20 63025520 994 0.00808439 122953 0.398246
21 48129895 1021 0.00830399 122953 0.535741
22 51304566 522 0.00424552 122953 0.257305
X 155270560 5950 0.0483925 122953 0.965918
Y 59373566 63 0.000512391 122953 0.0268267
