1 249250621 5713 0.0872987 65442 1.0858
2 243199373 5222 0.0797958 65442 1.0178
3 198022430 4313 0.0659057 65442 1.033
4 191154276 5813 0.0888267 65442 1.44199
5 180915260 4809 0.0734849 65442 1.26046
6 171115067 4428 0.067663 65442 1.22578
7 159138663 2599 0.0397146 65442 0.774163
8 146364022 2818 0.043061 65442 0.91231
9 141213431 2399 0.0366584 65442 0.805679
10 135534747 2729 0.041701 65442 0.954257
11 135006516 2920 0.0446197 65442 1.02574
12 133851895 2552 0.0389964 65442 0.902694
13 115169878 3475 0.0531005 65442 1.43128
14 107349540 1388 0.0212096 65442 0.612995
15 102531392 1259 0.0192384 65442 0.581221
16 90354753 1025 0.0156627 65442 0.538238
17 81195210 1083 0.016549 65442 0.631641
18 78077248 2435 0.0372085 65442 1.47653
19 59128983 537 0.00820574 65442 0.42962
20 63025520 484 0.00739586 65442 0.364328
21 48129895 713 0.0108951 65442 0.702913
22 51304566 248 0.00378962 65442 0.229674
X 155270560 3596 0.0549494 65442 1.09679
Y 59373566 31 0.000473702 65442 0.0248011
