1 249250621 1171 0.0698687 16760 0.869014
2 243199373 1183 0.0705847 16760 0.900315
3 198022430 656 0.0391408 16760 0.613492
4 191154276 1380 0.0823389 16760 1.33667
5 180915260 648 0.0386635 16760 0.663182
6 171115067 1074 0.0640811 16760 1.16089
7 159138663 779 0.0464797 16760 0.906037
8 146364022 1066 0.0636038 16760 1.34754
9 141213431 470 0.028043 16760 0.616329
10 135534747 533 0.0318019 16760 0.727732
11 135006516 572 0.0341289 16760 0.784572
12 133851895 263 0.0156921 16760 0.363244
13 115169878 1444 0.0861575 16760 2.32231
14 107349540 548 0.0326969 16760 0.944997
15 102531392 154 0.00918854 16760 0.2776
16 90354753 157 0.00936754 16760 0.321909
17 81195210 83 0.00495227 16760 0.189018
18 78077248 432 0.0257757 16760 1.02284
19 59128983 156 0.00930788 16760 0.487323
20 63025520 93 0.00554893 16760 0.273346
21 48129895 239 0.0142601 16760 0.920009
22 51304566 11 0.000656325 16760 0.0397772
X 155270560 1878 0.112053 16760 2.23658
Y 59373566 16 0.000954654 16760 0.0499819
