1 249250621 3292 0.0676003 48698 0.8408
2 243199373 4604 0.0945419 48698 1.20589
3 198022430 3796 0.0779498 48698 1.22178
4 191154276 4657 0.0956302 48698 1.55244
5 180915260 3711 0.0762044 48698 1.30711
6 171115067 1551 0.0318494 48698 0.576981
7 159138663 1736 0.0356483 48698 0.694898
8 146364022 2154 0.0442318 48698 0.937114
9 141213431 895 0.0183786 48698 0.403925
10 135534747 1902 0.039057 48698 0.893754
11 135006516 1515 0.0311101 48698 0.715175
12 133851895 1908 0.0391803 48698 0.90695
13 115169878 2894 0.0594275 48698 1.60182
14 107349540 794 0.0163046 48698 0.47123
15 102531392 334 0.0068586 48698 0.207208
16 90354753 982 0.0201651 48698 0.692959
17 81195210 526 0.0108013 48698 0.412262
18 78077248 1605 0.0329582 48698 1.30787
19 59128983 211 0.00433283 48698 0.22685
20 63025520 423 0.00868619 48698 0.427891
21 48129895 881 0.0180911 48698 1.16717
22 51304566 170 0.0034909 48698 0.21157
X 155270560 3496 0.0717894 48698 1.43292
Y 59373566 30 0.000616042 48698 0.0322535
