1 249250621 8695 0.105487 82427 1.31203
2 243199373 6806 0.08257 82427 1.05319
3 198022430 7429 0.0901282 82427 1.41267
4 191154276 5167 0.0626858 82427 1.01763
5 180915260 4285 0.0519854 82427 0.891688
6 171115067 7103 0.0861732 82427 1.56111
7 159138663 4737 0.057469 82427 1.12025
8 146364022 3824 0.0463926 82427 0.982893
9 141213431 2551 0.0309486 82427 0.680189
10 135534747 2897 0.0351463 82427 0.804262
11 135006516 4476 0.0543026 82427 1.24834
12 133851895 1866 0.0226382 82427 0.524033
13 115169878 3621 0.0439298 82427 1.18409
14 107349540 2940 0.0356679 82427 1.03086
15 102531392 2304 0.027952 82427 0.844471
16 90354753 625 0.00758247 82427 0.260566
17 81195210 1140 0.0138304 82427 0.527879
18 78077248 2114 0.0256469 82427 1.01774
19 59128983 1090 0.0132238 82427 0.692347
20 63025520 269 0.00326349 82427 0.160763
21 48129895 762 0.00924454 82427 0.596422
22 51304566 630 0.00764313 82427 0.46322
X 155270560 4833 0.0586337 82427 1.17033
Y 59373566 33 0.000400354 82427 0.020961
