1 249250621 14327 0.111312 128710 1.38448
2 243199373 11125 0.0864346 128710 1.10248
3 198022430 11059 0.0859218 128710 1.34674
4 191154276 9519 0.073957 128710 1.2006
5 180915260 8672 0.0673763 128710 1.15568
6 171115067 5537 0.0430192 128710 0.779333
7 159138663 6857 0.0532748 128710 1.0385
8 146364022 4110 0.0319323 128710 0.676531
9 141213431 4521 0.0351255 128710 0.771988
10 135534747 4978 0.0386761 128710 0.885036
11 135006516 5176 0.0402144 128710 0.92447
12 133851895 4575 0.035545 128710 0.822801
13 115169878 6203 0.0481936 128710 1.29902
14 107349540 2938 0.0228265 128710 0.659726
15 102531392 2960 0.0229974 128710 0.694787
16 90354753 2399 0.0186388 128710 0.640509
17 81195210 1701 0.0132158 128710 0.504418
18 78077248 3067 0.0238288 128710 0.945586
19 59128983 1901 0.0147696 128710 0.773279
20 63025520 1263 0.00981276 128710 0.483387
21 48129895 1625 0.0126253 128710 0.814534
22 51304566 812 0.00630876 128710 0.382349
X 155270560 7831 0.0608422 128710 1.21442
Y 59373566 79 0.000613783 128710 0.0321352
