1 249250621 5421 0.0848981 63853 1.05595
2 243199373 5661 0.0886568 63853 1.13083
3 198022430 5994 0.0938719 63853 1.47135
4 191154276 5317 0.0832694 63853 1.35178
5 180915260 4831 0.0756582 63853 1.29774
6 171115067 4891 0.0765978 63853 1.38764
7 159138663 2724 0.0426605 63853 0.831588
8 146364022 2470 0.0386826 63853 0.819547
9 141213431 1991 0.031181 63853 0.685297
10 135534747 2503 0.0391994 63853 0.897012
11 135006516 3201 0.0501308 63853 1.15243
12 133851895 1463 0.022912 63853 0.53037
13 115169878 3846 0.0602321 63853 1.62351
14 107349540 1879 0.029427 63853 0.85049
15 102531392 1303 0.0204062 63853 0.616503
16 90354753 996 0.0155983 63853 0.536025
17 81195210 803 0.0125758 63853 0.479991
18 78077248 1790 0.0280331 63853 1.11243
19 59128983 587 0.00919299 63853 0.481308
20 63025520 854 0.0133745 63853 0.658841
21 48129895 291 0.00455734 63853 0.294022
22 51304566 329 0.00515246 63853 0.31227
X 155270560 2786 0.0436315 63853 0.870888
Y 59373566 19 0.000297558 63853 0.015579
