1 249250621 37674 0.0911365 413380 1.13354
2 243199373 31577 0.0763873 413380 0.974328
3 198022430 29053 0.0702816 413380 1.10159
4 191154276 28545 0.0690527 413380 1.12099
5 180915260 26837 0.0649209 413380 1.11357
6 171115067 21871 0.0529077 413380 0.958473
7 159138663 22076 0.0534036 413380 1.04101
8 146364022 19467 0.0470923 413380 0.997717
9 141213431 15106 0.0365426 413380 0.803135
10 135534747 16072 0.0388795 413380 0.889691
11 135006516 20041 0.0484808 413380 1.1145
12 133851895 16098 0.0389424 413380 0.901444
13 115169878 18427 0.0445764 413380 1.20152
14 107349540 9267 0.0224176 413380 0.647908
15 102531392 8524 0.0206203 413380 0.622968
16 90354753 8455 0.0204533 413380 0.702864
17 81195210 8165 0.0197518 413380 0.753886
18 78077248 8861 0.0214355 413380 0.850614
19 59128983 4484 0.0108472 413380 0.567914
20 63025520 5947 0.0143863 413380 0.708684
21 48129895 3850 0.00931346 413380 0.600869
22 51304566 4332 0.0104795 413380 0.635119
X 155270560 25101 0.0607214 413380 1.212
Y 59373566 260 0.000628961 413380 0.0329299
