1 249250621 40 0.00117977 33905 0.0146737
2 243199373 48 0.00141572 33905 0.0180577
3 198022430 35 0.0010323 33905 0.0161802
4 191154276 44 0.00129774 33905 0.0210673
5 180915260 26 0.000766849 33905 0.0131535
6 171115067 27 0.000796343 33905 0.0144265
7 159138663 30 0.000884825 33905 0.0172481
8 146364022 10 0.000294942 33905 0.00624877
9 141213431 13 0.000383424 33905 0.00842691
10 135534747 17 0.000501401 33905 0.0114737
11 135006516 16 0.000471907 33905 0.0108484
12 133851895 29 0.000855331 33905 0.0197993
13 115169878 33 0.000973308 33905 0.0262347
14 107349540 16 0.000471907 33905 0.0136389
15 102531392 4 0.000117977 33905 0.00356425
16 90354753 9 0.000265448 33905 0.00912191
17 81195210 10 0.000294942 33905 0.0112573
18 78077248 10 0.000294942 33905 0.011704
19 59128983 3 8.84825e-05 33905 0.00463259
20 63025520 28 0.000825837 33905 0.0406816
21 48129895 0 0 33905 0
22 51304566 3 8.84825e-05 33905 0.00536258
X 155270560 28 0.000825837 33905 0.0164838
Y 59373566 0 0 33905 0
