1 249250621 32729 0.0855322 382651 1.06383
2 243199373 32417 0.0847169 382651 1.08057
3 198022430 29117 0.0760928 382651 1.19268
4 191154276 28018 0.0732208 382651 1.18865
5 180915260 21248 0.0555284 382651 0.95246
6 171115067 25910 0.0677118 382651 1.22666
7 159138663 22516 0.0588421 382651 1.14702
8 146364022 13908 0.0363464 382651 0.770052
9 141213431 11498 0.0300483 382651 0.660402
10 135534747 14794 0.0386619 382651 0.884711
11 135006516 16047 0.0419364 382651 0.964055
12 133851895 16480 0.043068 382651 0.996944
13 115169878 16677 0.0435828 382651 1.17474
14 107349540 10520 0.0274924 382651 0.794578
15 102531392 9810 0.0256369 382651 0.77453
16 90354753 7192 0.0187952 382651 0.645883
17 81195210 8833 0.0230837 382651 0.881057
18 78077248 10365 0.0270873 382651 1.07489
19 59128983 6543 0.0170991 382651 0.895243
20 63025520 4801 0.0125467 382651 0.618063
21 48129895 2978 0.00778255 382651 0.5021
22 51304566 3060 0.00799684 382651 0.484657
X 155270560 15379 0.0401907 382651 0.802209
Y 59373566 205 0.000535736 382651 0.028049
