1 249250621 33 0.000750665 43961 0.00933663
2 243199373 40 0.000909897 43961 0.0116058
3 198022430 13 0.000295717 43961 0.00463506
4 191154276 15 0.000341212 43961 0.00553915
5 180915260 18 0.000409454 43961 0.00702322
6 171115067 22 0.000500444 43961 0.00906601
7 159138663 34 0.000773413 43961 0.0150763
8 146364022 16 0.000363959 43961 0.00771099
9 141213431 28 0.000636928 43961 0.0139984
10 135534747 9 0.000204727 43961 0.00468483
11 135006516 15 0.000341212 43961 0.00784394
12 133851895 15 0.000341212 43961 0.00789842
13 115169878 17 0.000386706 43961 0.0104234
14 107349540 20 0.000454949 43961 0.0131488
15 102531392 6 0.000136485 43961 0.0041234
16 90354753 13 0.000295717 43961 0.0101621
17 81195210 7 0.000159232 43961 0.00607756
18 78077248 8 0.000181979 43961 0.00722141
19 59128983 2 4.54949e-05 43961 0.00238193
20 63025520 13 0.000295717 43961 0.0145673
21 48129895 2 4.54949e-05 43961 0.00293515
22 51304566 1 2.27474e-05 43961 0.00137863
X 155270560 16 0.000363959 43961 0.00726465
Y 59373566 4 9.09897e-05 43961 0.00476386
