1 249250621 10833 0.104841 103328 1.30399
2 243199373 8615 0.0833753 103328 1.06346
3 198022430 7800 0.0754878 103328 1.18319
4 191154276 10089 0.0976405 103328 1.58507
5 180915260 7556 0.0731264 103328 1.25431
6 171115067 7106 0.0687713 103328 1.24586
7 159138663 4786 0.0463185 103328 0.902895
8 146364022 4699 0.0454765 103328 0.963486
9 141213431 2868 0.0277563 103328 0.610028
10 135534747 3550 0.0343566 103328 0.786192
11 135006516 4116 0.0398343 103328 0.915731
12 133851895 3242 0.0313758 103328 0.726292
13 115169878 4424 0.0428151 103328 1.15405
14 107349540 2622 0.0253755 103328 0.733396
15 102531392 1905 0.0184364 103328 0.556992
16 90354753 1446 0.0139943 103328 0.480903
17 81195210 1138 0.0110135 103328 0.420362
18 78077248 2099 0.020314 103328 0.806109
19 59128983 1021 0.00988116 103328 0.517338
20 63025520 910 0.00880691 103328 0.433838
21 48129895 1253 0.0121264 103328 0.78235
22 51304566 315 0.00304854 103328 0.18476
X 155270560 4491 0.0434635 103328 0.867536
Y 59373566 51 0.000493574 103328 0.0258416
