1 249250621 5340 0.0861958 61952 1.07209
2 243199373 5830 0.0941051 61952 1.20032
3 198022430 4020 0.0648889 61952 1.01707
4 191154276 4779 0.0771404 61952 1.25228
5 180915260 4249 0.0685854 61952 1.17642
6 171115067 4721 0.0762042 61952 1.38051
7 159138663 4052 0.0654055 61952 1.27496
8 146364022 2508 0.040483 61952 0.85769
9 141213431 2763 0.044599 61952 0.980199
10 135534747 2577 0.0415967 61952 0.95187
11 135006516 2306 0.0372224 61952 0.855687
12 133851895 2388 0.038546 61952 0.892268
13 115169878 3037 0.0490218 61952 1.32134
14 107349540 1415 0.0228403 61952 0.660123
15 102531392 1487 0.0240025 61952 0.72515
16 90354753 1125 0.0181592 61952 0.624028
17 81195210 808 0.0130424 61952 0.4978
18 78077248 1562 0.0252131 61952 1.00052
19 59128983 657 0.010605 61952 0.555235
20 63025520 540 0.00871643 61952 0.429381
21 48129895 747 0.0120577 61952 0.777918
22 51304566 543 0.00876485 61952 0.531203
X 155270560 2312 0.0373192 61952 0.744895
Y 59373566 10 0.000161415 61952 0.00845106
