1 249250621 4696 0.0768186 61131 0.955456
2 243199373 5885 0.0962687 61131 1.22792
3 198022430 4448 0.0727618 61131 1.14047
4 191154276 4640 0.0759026 61131 1.23218
5 180915260 5423 0.0887111 61131 1.52163
6 171115067 4615 0.0754936 61131 1.36764
7 159138663 3480 0.0569269 61131 1.10969
8 146364022 2546 0.0416483 61131 0.882378
9 141213431 2407 0.0393745 61131 0.865373
10 135534747 986 0.0161293 61131 0.369091
11 135006516 2765 0.0452307 61131 1.03979
12 133851895 2419 0.0395708 61131 0.91599
13 115169878 3887 0.0635848 61131 1.71387
14 107349540 862 0.0141009 61131 0.407539
15 102531392 641 0.0104857 61131 0.316788
16 90354753 592 0.00968412 61131 0.332788
17 81195210 449 0.00734488 61131 0.280339
18 78077248 1862 0.0304592 61131 1.2087
19 59128983 434 0.00709951 61131 0.371702
20 63025520 323 0.00528373 61131 0.260283
21 48129895 939 0.0153605 61131 0.990997
22 51304566 185 0.00302629 61131 0.183411
X 155270560 3210 0.0525102 61131 1.04811
Y 59373566 41 0.000670691 61131 0.0351147
