1 249250621 25 0.00534988 4673 0.0665408
2 243199373 31 0.00663385 4673 0.0846155
3 198022430 12 0.00256794 4673 0.0402499
4 191154276 20 0.00427991 4673 0.069479
5 180915260 15 0.00320993 4673 0.0550588
6 171115067 9 0.00192596 4673 0.0348905
7 159138663 12 0.00256794 4673 0.0500574
8 146364022 4398 0.941151 4673 19.9396
9 141213431 6 0.00128397 4673 0.0282192
10 135534747 5 0.00106998 4673 0.0244846
11 135006516 12 0.00256794 4673 0.0590332
12 133851895 11 0.00235395 4673 0.0544895
13 115169878 6 0.00128397 4673 0.0346084
14 107349540 3 0.000641986 4673 0.0185545
15 102531392 8 0.00171196 4673 0.0517209
16 90354753 4 0.000855981 4673 0.0294152
17 81195210 4 0.000855981 4673 0.032671
18 78077248 7 0.00149797 4673 0.0594431
19 59128983 5 0.00106998 4673 0.0560197
20 63025520 1 0.000213995 4673 0.0105416
21 48129895 1 0.000213995 4673 0.0138061
22 51304566 4 0.000855981 4673 0.0518776
X 155270560 14 0.00299593 4673 0.0597991
Y 59373566 0 0 4673 0
