1 249250621 5 0.000572344 8736 0.00711871
2 243199373 15 0.00171703 8736 0.0219009
3 198022430 8 0.000915751 8736 0.0143535
4 191154276 10 0.00114469 8736 0.0185826
5 180915260 3 0.000343407 8736 0.00589034
6 171115067 6 0.000686813 8736 0.0124423
7 159138663 13 0.0014881 8736 0.0290077
8 146364022 3 0.000343407 8736 0.00727556
9 141213431 2 0.000228938 8736 0.0050316
10 135534747 4 0.000457875 8736 0.0104777
11 135006516 1 0.000114469 8736 0.00263147
12 133851895 6 0.000686813 8736 0.0158985
13 115169878 11 0.00125916 8736 0.0339396
14 107349540 7 0.000801282 8736 0.0231584
15 102531392 0 0 8736 0
16 90354753 0 0 8736 0
17 81195210 0 0 8736 0
18 78077248 2 0.000228938 8736 0.00908483
19 59128983 0 0 8736 0
20 63025520 5 0.000572344 8736 0.0281943
21 48129895 2 0.000228938 8736 0.0147702
22 51304566 0 0 8736 0
X 155270560 1 0.000114469 8736 0.00228481
Y 59373566 0 0 8736 0
