1 249250621 2966 0.0713495 41570 0.887432
2 243199373 3394 0.0816454 41570 1.0414
3 198022430 2853 0.0686312 41570 1.07572
4 191154276 3574 0.0859755 41570 1.39571
5 180915260 2809 0.0675728 41570 1.15905
6 171115067 2858 0.0687515 41570 1.2455
7 159138663 2397 0.0576618 41570 1.12401
8 146364022 1947 0.0468367 41570 0.992302
9 141213431 1078 0.0259322 41570 0.569938
10 135534747 1635 0.0393312 41570 0.900029
11 135006516 1794 0.0431561 41570 0.992095
12 133851895 1606 0.0386336 41570 0.894297
13 115169878 2327 0.0559779 41570 1.50884
14 107349540 1363 0.0327881 41570 0.947632
15 102531392 694 0.0166947 41570 0.504373
16 90354753 842 0.020255 41570 0.696048
17 81195210 302 0.00726485 41570 0.277285
18 78077248 1038 0.0249699 41570 0.99087
19 59128983 379 0.00911715 41570 0.477338
20 63025520 189 0.00454655 41570 0.223968
21 48129895 266 0.00639885 41570 0.412829
22 51304566 86 0.0020688 41570 0.125382
X 155270560 3186 0.0766418 41570 1.52978
Y 59373566 35 0.000841953 41570 0.0440813
