1 249250621 21842 0.156387 139666 1.94512
2 243199373 11873 0.08501 139666 1.08431
3 198022430 9959 0.0713058 139666 1.11765
4 191154276 6543 0.0468475 139666 0.760511
5 180915260 5172 0.0370312 139666 0.635184
6 171115067 4335 0.0310383 139666 0.562289
7 159138663 10830 0.0775421 139666 1.51154
8 146364022 5631 0.0403176 139666 0.854187
9 141213431 4491 0.0321553 139666 0.70671
10 135534747 3599 0.0257686 139666 0.589671
11 135006516 8825 0.0631865 139666 1.45256
12 133851895 8597 0.061554 139666 1.42486
13 115169878 5040 0.0360861 139666 0.972671
14 107349540 3234 0.0231552 139666 0.669227
15 102531392 3824 0.0273796 139666 0.827178
16 90354753 1685 0.0120645 139666 0.414588
17 81195210 1705 0.0122077 139666 0.465943
18 78077248 2078 0.0148784 139666 0.590411
19 59128983 518 0.00370885 139666 0.194181
20 63025520 1374 0.00983776 139666 0.484619
21 48129895 1053 0.00753942 139666 0.486414
22 51304566 544 0.00389501 139666 0.236061
X 155270560 8348 0.0597712 139666 1.19304
Y 59373566 134 0.000959432 139666 0.050232
