1 249250621 56 0.00101626 55104 0.0126401
2 243199373 74 0.00134292 55104 0.017129
3 198022430 45 0.000816638 55104 0.0128
4 191154276 26 0.000471835 55104 0.00765966
5 180915260 32 0.00058072 55104 0.00996089
6 171115067 40 0.0007259 55104 0.0131504
7 159138663 46 0.000834785 55104 0.0162726
8 146364022 54 0.000979965 55104 0.020762
9 141213431 24 0.00043554 55104 0.00957231
10 135534747 26 0.000471835 55104 0.0107971
11 135006516 28 0.00050813 55104 0.0116812
12 133851895 24 0.00043554 55104 0.0100819
13 115169878 46 0.000834785 55104 0.0225009
14 107349540 22 0.000399245 55104 0.0115389
15 102531392 12 0.00021777 55104 0.00657916
16 90354753 19 0.000344803 55104 0.0118489
17 81195210 7 0.000127033 55104 0.00484857
18 78077248 6 0.000108885 55104 0.00432083
19 59128983 6 0.000108885 55104 0.00570079
20 63025520 42 0.000762195 55104 0.0375466
21 48129895 5 9.07375e-05 55104 0.00585403
22 51304566 6 0.000108885 55104 0.00659909
X 155270560 24 0.00043554 55104 0.00869341
Y 59373566 1 1.81475e-05 55104 0.000950131
