1 249250621 3219 0.0881169 36531 1.09598
2 243199373 3282 0.0898415 36531 1.14594
3 198022430 1778 0.048671 36531 0.762868
4 191154276 2433 0.066601 36531 1.08118
5 180915260 3043 0.0832991 36531 1.4288
6 171115067 2646 0.0724316 36531 1.31217
7 159138663 1862 0.0509704 36531 0.993575
8 146364022 1900 0.0520106 36531 1.10192
9 141213431 937 0.0256494 36531 0.563724
10 135534747 1589 0.0434973 36531 0.995362
11 135006516 1581 0.0432783 36531 0.994904
12 133851895 1628 0.0445649 36531 1.03159
13 115169878 1979 0.0541732 36531 1.46019
14 107349540 892 0.0244176 36531 0.705712
15 102531392 522 0.0142892 36531 0.431699
16 90354753 561 0.0153568 36531 0.527726
17 81195210 516 0.014125 36531 0.539122
18 78077248 848 0.0232132 36531 0.921157
19 59128983 160 0.00437984 36531 0.229311
20 63025520 321 0.00878706 36531 0.43286
21 48129895 517 0.0141524 36531 0.913056
22 51304566 214 0.00585804 36531 0.355033
X 155270560 1554 0.0425392 36531 0.849086
Y 59373566 28 0.000766472 36531 0.0401294
