1 249250621 9189 0.0852768 107755 1.06066
2 243199373 8763 0.0813234 107755 1.03729
3 198022430 7978 0.0740383 107755 1.16048
4 191154276 8783 0.081509 107755 1.3232
5 180915260 5224 0.0484803 107755 0.831567
6 171115067 7250 0.0672823 107755 1.21888
7 159138663 6907 0.0640991 107755 1.2495
8 146364022 3324 0.0308478 107755 0.653554
9 141213431 4353 0.0403972 107755 0.88785
10 135534747 4403 0.0408612 107755 0.935039
11 135006516 4411 0.0409355 107755 0.941045
12 133851895 5321 0.0493805 107755 1.14307
13 115169878 4436 0.0411675 107755 1.10964
14 107349540 2860 0.0265417 107755 0.767101
15 102531392 1885 0.0174934 107755 0.528501
16 90354753 1505 0.0139669 107755 0.479961
17 81195210 1913 0.0177532 107755 0.677604
18 78077248 3274 0.0303837 107755 1.2057
19 59128983 722 0.00670039 107755 0.350806
20 63025520 1054 0.00978145 107755 0.481845
21 48129895 1347 0.0125006 107755 0.806489
22 51304566 315 0.0029233 107755 0.17717
X 155270560 6151 0.0570832 107755 1.13939
Y 59373566 70 0.000649622 107755 0.0340116
