1 249250621 5763 0.0888173 64886 1.10469
2 243199373 6200 0.0955522 64886 1.21878
3 198022430 6407 0.0987424 64886 1.54769
4 191154276 5209 0.0802793 64886 1.30323
5 180915260 3378 0.0520605 64886 0.892977
6 171115067 4763 0.0734057 64886 1.32981
7 159138663 3687 0.0568227 64886 1.10766
8 146364022 3735 0.0575625 64886 1.21954
9 141213431 2011 0.0309928 64886 0.681161
10 135534747 1426 0.021977 64886 0.502906
11 135006516 3004 0.0462966 64886 1.06429
12 133851895 1852 0.0285424 64886 0.660703
13 115169878 2719 0.0419043 64886 1.12949
14 107349540 1169 0.0180162 64886 0.5207
15 102531392 1356 0.0208982 64886 0.631365
16 90354753 1105 0.0170299 64886 0.585219
17 81195210 538 0.00829147 64886 0.316468
18 78077248 1367 0.0210677 64886 0.836021
19 59128983 778 0.0119903 64886 0.627762
20 63025520 591 0.00910828 64886 0.448684
21 48129895 671 0.0103412 64886 0.667175
22 51304566 239 0.00368338 64886 0.223235
X 155270560 4017 0.0619086 64886 1.2357
Y 59373566 52 0.000801406 64886 0.0419584
