1 249250621 24069 0.0747141 322148 0.92928
2 243199373 33137 0.102863 322148 1.31202
3 198022430 18634 0.057843 322148 0.90663
4 191154276 23554 0.0731155 322148 1.18694
5 180915260 28062 0.087109 322148 1.49415
6 171115067 20926 0.0649577 322148 1.17677
7 159138663 12221 0.037936 322148 0.739493
8 146364022 14708 0.045656 322148 0.967289
9 141213431 12983 0.0403014 322148 0.885744
10 135534747 10881 0.0337764 322148 0.772915
11 135006516 13596 0.0422042 322148 0.970212
12 133851895 13483 0.0418534 322148 0.968829
13 115169878 13712 0.0425643 322148 1.14729
14 107349540 8756 0.0271801 322148 0.785551
15 102531392 5648 0.0175323 322148 0.529677
16 90354753 8415 0.0261215 322148 0.897647
17 81195210 5088 0.015794 322148 0.602824
18 78077248 3989 0.0123825 322148 0.491369
19 59128983 2587 0.00803047 322148 0.420443
20 63025520 4944 0.015347 322148 0.756009
21 48129895 3404 0.0105666 322148 0.681714
22 51304566 1823 0.00565889 322148 0.342963
X 155270560 20240 0.0628283 322148 1.25406
Y 59373566 243 0.000754312 322148 0.0394928
