1 249250621 8943 0.0853869 104735 1.06203
2 243199373 7977 0.0761637 104735 0.971475
3 198022430 7823 0.0746933 104735 1.17074
4 191154276 7225 0.0689836 104735 1.11986
5 180915260 7589 0.0724591 104735 1.24287
6 171115067 6311 0.0602568 104735 1.09161
7 159138663 4309 0.0411419 104735 0.801987
8 146364022 6049 0.0577553 104735 1.22363
9 141213431 3914 0.0373705 104735 0.82133
10 135534747 2428 0.0231823 104735 0.530488
11 135006516 3950 0.0377142 104735 0.866994
12 133851895 4949 0.0472526 104735 1.09381
13 115169878 5240 0.050031 104735 1.34855
14 107349540 1547 0.0147706 104735 0.426896
15 102531392 2123 0.0202702 104735 0.612393
16 90354753 2485 0.0237265 104735 0.815345
17 81195210 1065 0.0101685 104735 0.388111
18 78077248 2540 0.0242517 104735 0.962368
19 59128983 1018 0.00971977 104735 0.508888
20 63025520 590 0.00563326 104735 0.277501
21 48129895 897 0.00856447 104735 0.552547
22 51304566 690 0.00658806 104735 0.399276
X 155270560 7713 0.073643 104735 1.46992
Y 59373566 82 0.000782928 104735 0.040991
