1 249250621 2916 0.0603889 48287 0.751106
2 243199373 3350 0.0693769 48287 0.884909
3 198022430 92 0.00190527 48287 0.0298632
4 191154276 3998 0.0827966 48287 1.3441
5 180915260 8628 0.178682 48287 3.06487
6 171115067 2195 0.0454574 48287 0.823503
7 159138663 2472 0.0511939 48287 0.997932
8 146364022 1645 0.0340671 48287 0.721761
9 141213431 2428 0.0502827 48287 1.10511
10 135534747 2366 0.0489987 48287 1.12125
11 135006516 1885 0.0390374 48287 0.897412
12 133851895 3799 0.0786754 48287 1.82119
13 115169878 1552 0.0321412 48287 0.866338
14 107349540 2121 0.0439249 48287 1.2695
15 102531392 418 0.00865657 48287 0.261528
16 90354753 1356 0.0280821 48287 0.96502
17 81195210 1240 0.0256798 48287 0.980145
18 78077248 30 0.000621285 48287 0.0246542
19 59128983 199 0.00412119 48287 0.215769
20 63025520 130 0.00269224 48287 0.132622
21 48129895 149 0.00308572 48287 0.199078
22 51304566 266 0.00550873 48287 0.333862
X 155270560 1873 0.0387889 48287 0.77423
Y 59373566 32 0.000662704 48287 0.0346966
