1 249250621 6761 0.0774624 87281 0.963463
2 243199373 7286 0.0834775 87281 1.06476
3 198022430 5914 0.0677582 87281 1.06204
4 191154276 7924 0.0907872 87281 1.47382
5 180915260 6623 0.0758813 87281 1.30157
6 171115067 6304 0.0722265 87281 1.30845
7 159138663 4229 0.0484527 87281 0.944497
8 146364022 3528 0.0404212 87281 0.856381
9 141213431 3152 0.0361132 87281 0.793698
10 135534747 2177 0.0249424 87281 0.570765
11 135006516 3209 0.0367663 87281 0.845202
12 133851895 3600 0.0412461 87281 0.954771
13 115169878 4258 0.048785 87281 1.31496
14 107349540 3210 0.0367778 87281 1.06294
15 102531392 870 0.00996781 87281 0.301142
16 90354753 1049 0.0120187 87281 0.413012
17 81195210 984 0.0112739 87281 0.430303
18 78077248 2167 0.0248279 87281 0.985232
19 59128983 864 0.00989906 87281 0.518275
20 63025520 637 0.00729827 87281 0.359521
21 48129895 864 0.00989906 87281 0.638649
22 51304566 207 0.00237165 87281 0.143736
X 155270560 6514 0.0746325 87281 1.48967
Y 59373566 73 0.000836379 87281 0.0437895
