1 249250621 8 0.000504827 15847 0.00627895
2 243199373 9 0.000567931 15847 0.00724402
3 198022430 16 0.00100965 15847 0.0158253
4 191154276 10 0.000631034 15847 0.0102441
5 180915260 5 0.000315517 15847 0.00541196
6 171115067 9 0.000567931 15847 0.0102886
7 159138663 16 0.00100965 15847 0.0196814
8 146364022 7 0.000441724 15847 0.00935856
9 141213431 0 0 15847 0
10 135534747 8 0.000504827 15847 0.0115521
11 135006516 10 0.000631034 15847 0.0145065
12 133851895 7 0.000441724 15847 0.0102251
13 115169878 7 0.000441724 15847 0.0119063
14 107349540 6 0.000378621 15847 0.0109428
15 102531392 0 0 15847 0
16 90354753 3 0.00018931 15847 0.00650551
17 81195210 5 0.000315517 15847 0.0120426
18 78077248 4 0.000252414 15847 0.0100164
19 59128983 1 6.31034e-05 15847 0.00330384
20 63025520 12 0.000757241 15847 0.0373025
21 48129895 0 0 15847 0
22 51304566 1 6.31034e-05 15847 0.00382445
X 155270560 6 0.000378621 15847 0.0075573
Y 59373566 0 0 15847 0
