1 249250621 3272 0.0848482 38563 1.05533
2 243199373 2948 0.0764463 38563 0.975081
3 198022430 3082 0.0799212 38563 1.25268
4 191154276 2584 0.0670072 38563 1.08778
5 180915260 2822 0.073179 38563 1.25521
6 171115067 3083 0.0799471 38563 1.44832
7 159138663 2425 0.0628841 38563 1.22581
8 146364022 1950 0.0505666 38563 1.07133
9 141213431 1227 0.0318181 38563 0.699298
10 135534747 1279 0.0331665 38563 0.758959
11 135006516 2059 0.0533931 38563 1.22743
12 133851895 1373 0.0356041 38563 0.824168
13 115169878 1958 0.0507741 38563 1.36857
14 107349540 696 0.0180484 38563 0.52163
15 102531392 487 0.0126287 38563 0.381531
16 90354753 794 0.0205897 38563 0.707549
17 81195210 510 0.0132251 38563 0.504775
18 78077248 767 0.0198895 38563 0.789267
19 59128983 222 0.00575681 38563 0.301404
20 63025520 331 0.00858336 38563 0.422825
21 48129895 247 0.0064051 38563 0.413232
22 51304566 211 0.00547157 38563 0.33161
X 155270560 1735 0.0449913 38563 0.89803
Y 59373566 14 0.000363042 38563 0.0190074
