1 249250621 32 0.00156166 20491 0.0194236
2 243199373 23 0.00112244 20491 0.0143169
3 198022430 15 0.000732029 20491 0.0114738
4 191154276 5 0.00024401 20491 0.00396119
5 180915260 13 0.000634425 20491 0.0108821
6 171115067 21 0.00102484 20491 0.0185659
7 159138663 20 0.000976038 20491 0.0190261
8 146364022 12 0.000585623 20491 0.0124073
9 141213431 17 0.000829633 20491 0.0182337
10 135534747 12 0.000585623 20491 0.013401
11 135006516 7 0.000341613 20491 0.00785318
12 133851895 16 0.000780831 20491 0.0180748
13 115169878 10 0.000488019 20491 0.0131542
14 107349540 6 0.000292811 20491 0.00846276
15 102531392 1 4.88019e-05 20491 0.00147438
16 90354753 10 0.000488019 20491 0.0167704
17 81195210 4 0.000195208 20491 0.00745067
18 78077248 8 0.000390415 20491 0.0154927
19 59128983 3 0.000146406 20491 0.00766522
20 63025520 11 0.000536821 20491 0.0264444
21 48129895 2 9.76038e-05 20491 0.00629702
22 51304566 2 9.76038e-05 20491 0.00591538
X 155270560 15 0.000732029 20491 0.0146114
Y 59373566 0 0 20491 0
