1 249250621 20 0.001036 19305 0.0128856
2 243199373 24 0.0012432 19305 0.0158572
3 198022430 13 0.000673401 19305 0.0105549
4 191154276 10 0.000518001 19305 0.0084091
5 180915260 17 0.000880601 19305 0.0151046
6 171115067 17 0.000880601 19305 0.0159529
7 159138663 20 0.001036 19305 0.020195
8 146364022 8 0.0004144 19305 0.00877967
9 141213431 9 0.0004662 19305 0.0102462
10 135534747 8 0.0004144 19305 0.00948285
11 135006516 5 0.000259 19305 0.00595403
12 133851895 15 0.000777001 19305 0.0179861
13 115169878 2 0.0001036 19305 0.00279246
14 107349540 6 0.0003108 19305 0.00898267
15 102531392 9 0.0004662 19305 0.0140846
16 90354753 1 5.18001e-05 19305 0.00178007
17 81195210 2 0.0001036 19305 0.0039542
18 78077248 6 0.0003108 19305 0.0123333
19 59128983 6 0.0003108 19305 0.0162723
20 63025520 18 0.000932401 19305 0.0459311
21 48129895 1 5.18001e-05 19305 0.00334194
22 51304566 3 0.0001554 19305 0.00941819
X 155270560 5 0.000259 19305 0.00516967
Y 59373566 0 0 19305 0
