1 249250621 12347 0.11748 105099 1.46119
2 243199373 8670 0.0824936 105099 1.05221
3 198022430 7166 0.0681833 105099 1.0687
4 191154276 7202 0.0685259 105099 1.11243
5 180915260 6012 0.0572032 105099 0.981187
6 171115067 7338 0.0698199 105099 1.26485
7 159138663 5329 0.0507046 105099 0.988393
8 146364022 4467 0.0425028 105099 0.900483
9 141213431 3784 0.0360041 105099 0.7913
10 135534747 4085 0.0388681 105099 0.889431
11 135006516 3738 0.0355665 105099 0.81762
12 133851895 3989 0.0379547 105099 0.878581
13 115169878 4290 0.0408187 105099 1.10023
14 107349540 2100 0.0199812 105099 0.57749
15 102531392 2828 0.026908 105099 0.812929
16 90354753 2572 0.0244722 105099 0.840968
17 81195210 2067 0.0196672 105099 0.750655
18 78077248 2001 0.0190392 105099 0.755523
19 59128983 1625 0.0154616 105099 0.809509
20 63025520 1682 0.016004 105099 0.788372
21 48129895 1417 0.0134825 105099 0.86984
22 51304566 911 0.00866802 105099 0.525334
X 155270560 5291 0.050343 105099 1.00485
Y 59373566 62 0.00058992 105099 0.0308859
