1 249250621 5444 0.102414 53157 1.2738
2 243199373 3598 0.0676863 53157 0.863346
3 198022430 3848 0.0723893 53157 1.13463
4 191154276 3732 0.0702071 53157 1.13973
5 180915260 3076 0.0578663 53157 0.992561
6 171115067 3632 0.0683259 53157 1.23779
7 159138663 2793 0.0525425 53157 1.02422
8 146364022 2514 0.0472939 53157 1.00199
9 141213431 1940 0.0364957 53157 0.802103
10 135534747 1716 0.0322817 53157 0.738712
11 135006516 2556 0.048084 53157 1.10538
12 133851895 2593 0.04878 53157 1.12917
13 115169878 2141 0.0402769 53157 1.08563
14 107349540 1818 0.0342006 53157 0.988456
15 102531392 1075 0.0202231 53157 0.61097
16 90354753 1275 0.0239856 53157 0.824246
17 81195210 897 0.0168745 53157 0.644066
18 78077248 704 0.0132438 53157 0.525547
19 59128983 340 0.00639615 53157 0.334877
20 63025520 490 0.00921798 53157 0.454088
21 48129895 518 0.00974472 53157 0.628692
22 51304566 347 0.00652783 53157 0.395626
X 155270560 2933 0.0551762 53157 1.10132
Y 59373566 54 0.00101586 53157 0.0531863
