1 249250621 16 0.000704908 22698 0.00876751
2 243199373 37 0.0016301 22698 0.0207921
3 198022430 2 8.81135e-05 22698 0.00138109
4 191154276 10 0.000440567 22698 0.00715207
5 180915260 5 0.000220284 22698 0.00377845
6 171115067 18 0.000793021 22698 0.0143663
7 159138663 19 0.000837078 22698 0.0163173
8 146364022 18 0.000793021 22698 0.0168013
9 141213431 8 0.000352454 22698 0.00774624
10 135534747 5 0.000220284 22698 0.00504082
11 135006516 7 0.000308397 22698 0.00708959
12 133851895 7 0.000308397 22698 0.00713882
13 115169878 6 0.00026434 22698 0.00712508
14 107349540 3 0.00013217 22698 0.00381995
15 102531392 2 8.81135e-05 22698 0.00266204
16 90354753 6 0.00026434 22698 0.00908386
17 81195210 2 8.81135e-05 22698 0.00336311
18 78077248 2 8.81135e-05 22698 0.00349657
19 59128983 8 0.000352454 22698 0.0184531
20 63025520 10 0.000440567 22698 0.0217028
21 48129895 2 8.81135e-05 22698 0.00568474
22 51304566 0 0 22698 0
X 155270560 6 0.00026434 22698 0.00527626
Y 59373566 2 8.81135e-05 22698 0.00461327
