1 249250621 6298 0.0853422 73797 1.06147
2 243199373 6163 0.0835129 73797 1.06522
3 198022430 4320 0.058539 73797 0.917539
4 191154276 6785 0.0919414 73797 1.49256
5 180915260 5102 0.0691356 73797 1.18586
6 171115067 5146 0.0697318 73797 1.26326
7 159138663 4644 0.0629294 73797 1.22669
8 146364022 2735 0.0370611 73797 0.785193
9 141213431 2952 0.0400016 73797 0.879157
10 135534747 2590 0.0350963 73797 0.803118
11 135006516 3217 0.0435926 73797 1.00213
12 133851895 2944 0.0398932 73797 0.923454
13 115169878 4475 0.0606393 73797 1.63448
14 107349540 2156 0.0292153 73797 0.844372
15 102531392 1040 0.0140927 73797 0.425762
16 90354753 2072 0.028077 73797 0.964846
17 81195210 1321 0.0179005 73797 0.683224
18 78077248 2082 0.0282125 73797 1.11954
19 59128983 423 0.00573194 73797 0.300102
20 63025520 347 0.00470209 73797 0.23163
21 48129895 517 0.0070057 73797 0.451981
22 51304566 638 0.00864534 73797 0.52396
X 155270560 2864 0.0388092 73797 0.774634
Y 59373566 35 0.000474274 73797 0.0248311
