1 249250621 39 0.000691833 56372 0.00860489
2 243199373 57 0.00101114 56372 0.0128972
3 198022430 37 0.000656354 56372 0.0102877
4 191154276 52 0.000922444 56372 0.0149747
5 180915260 56 0.000993401 56372 0.0170395
6 171115067 40 0.000709572 56372 0.0128546
7 159138663 58 0.00102888 56372 0.0200561
8 146364022 55 0.000975662 56372 0.0206708
9 141213431 42 0.000745051 56372 0.0163747
10 135534747 23 0.000408004 56372 0.00933648
11 135006516 18 0.000319307 56372 0.0073404
12 133851895 26 0.000461222 56372 0.0106764
13 115169878 45 0.000798269 56372 0.0215167
14 107349540 23 0.000408004 56372 0.011792
15 102531392 14 0.00024835 56372 0.00750303
16 90354753 23 0.000408004 56372 0.0140208
17 81195210 17 0.000301568 56372 0.0115102
18 78077248 8 0.000141914 56372 0.00563152
19 59128983 8 0.000141914 56372 0.00743007
20 63025520 48 0.000851487 56372 0.0419452
21 48129895 10 0.000177393 56372 0.0114447
22 51304566 7 0.000124175 56372 0.00752576
X 155270560 45 0.000798269 56372 0.0159335
Y 59373566 2 3.54786e-05 56372 0.00185752
