1 249250621 12093 0.0856396 141208 1.06517
2 243199373 11672 0.0826582 141208 1.05431
3 198022430 11841 0.083855 141208 1.31434
4 191154276 12141 0.0859795 141208 1.39577
5 180915260 7471 0.0529078 141208 0.907509
6 171115067 8798 0.0623053 141208 1.12872
7 159138663 8840 0.0626027 141208 1.22033
8 146364022 6264 0.0443601 141208 0.939832
9 141213431 2820 0.0199705 141208 0.438913
10 135534747 3754 0.0265849 141208 0.60835
11 135006516 6411 0.0454011 141208 1.0437
12 133851895 5322 0.0376891 141208 0.872432
13 115169878 6469 0.0458119 141208 1.23482
14 107349540 5289 0.0374554 141208 1.08253
15 102531392 4324 0.0306215 141208 0.925121
16 90354753 3439 0.0243541 141208 0.836912
17 81195210 1989 0.0140856 141208 0.537618
18 78077248 4052 0.0286953 141208 1.1387
19 59128983 708 0.00501388 141208 0.262507
20 63025520 670 0.00474477 141208 0.233733
21 48129895 2041 0.0144539 141208 0.932507
22 51304566 749 0.00530423 141208 0.321469
X 155270560 8020 0.0567956 141208 1.13365
Y 59373566 69 0.000488641 141208 0.0255833
