1 249250621 5591 0.0748561 74690 0.931046
2 243199373 3195 0.0427768 74690 0.545623
3 198022430 4626 0.061936 74690 0.970784
4 191154276 4471 0.0598608 74690 0.971766
5 180915260 5765 0.0771857 74690 1.32394
6 171115067 2737 0.0366448 74690 0.663855
7 159138663 3105 0.0415718 74690 0.810367
8 146364022 2758 0.036926 74690 0.78233
9 141213431 3100 0.0415049 74690 0.912195
10 135534747 2553 0.0341813 74690 0.78218
11 135006516 3387 0.0453474 74690 1.04247
12 133851895 2416 0.032347 74690 0.748774
13 115169878 2399 0.0321194 74690 0.865753
14 107349540 1028 0.0137636 74690 0.397791
15 102531392 917 0.0122774 74690 0.370919
16 90354753 1280 0.0171375 74690 0.588918
17 81195210 604 0.00808676 74690 0.308655
18 78077248 2015 0.0269782 74690 1.07056
19 59128983 223 0.00298567 74690 0.156318
20 63025520 981 0.0131343 74690 0.647009
21 48129895 994 0.0133083 74690 0.858603
22 51304566 188 0.00251707 74690 0.15255
X 155270560 2486 0.0332842 74690 0.664356
Y 59373566 40 0.000535547 74690 0.0280391
