1 249250621 5913 0.0968963 61024 1.20518
2 243199373 4696 0.0769533 61024 0.981548
3 198022430 4374 0.0716767 61024 1.12346
4 191154276 4458 0.0730532 61024 1.18593
5 180915260 4539 0.0743806 61024 1.27582
6 171115067 4232 0.0693498 61024 1.25634
7 159138663 3261 0.053438 61024 1.04168
8 146364022 1527 0.0250229 61024 0.530147
9 141213431 2537 0.0415738 61024 0.91371
10 135534747 1922 0.0314958 61024 0.720728
11 135006516 2649 0.0434092 61024 0.997912
12 133851895 2371 0.0388536 61024 0.899388
13 115169878 3526 0.0577805 61024 1.55743
14 107349540 1216 0.0199266 61024 0.575913
15 102531392 1452 0.0237939 61024 0.718849
16 90354753 983 0.0161084 61024 0.553554
17 81195210 886 0.0145189 61024 0.554156
18 78077248 1755 0.0287592 61024 1.14124
19 59128983 742 0.0121592 61024 0.636605
20 63025520 784 0.0128474 61024 0.632877
21 48129895 779 0.0127655 61024 0.823579
22 51304566 293 0.00480139 61024 0.290993
X 155270560 2773 0.0454411 61024 0.907009
Y 59373566 40 0.00065548 61024 0.0343183
