1 249250621 4352 0.0991389 43898 1.23307
2 243199373 4754 0.108297 43898 1.38133
3 198022430 3550 0.0808693 43898 1.26754
4 191154276 3181 0.0724634 43898 1.17635
5 180915260 2952 0.0672468 43898 1.15346
6 171115067 2849 0.0649005 43898 1.17573
7 159138663 2666 0.0607317 43898 1.18385
8 146364022 2281 0.0519614 43898 1.10088
9 141213431 1066 0.0242836 43898 0.533705
10 135534747 1555 0.035423 43898 0.810596
11 135006516 2011 0.0458107 43898 1.05312
12 133851895 1771 0.0403435 43898 0.933878
13 115169878 1109 0.0252631 43898 0.680946
14 107349540 486 0.0110711 43898 0.319975
15 102531392 849 0.0193403 43898 0.584299
16 90354753 333 0.00758577 43898 0.260679
17 81195210 321 0.00731241 43898 0.279099
18 78077248 812 0.0184974 43898 0.734025
19 59128983 229 0.00521664 43898 0.273122
20 63025520 874 0.0199098 43898 0.980778
21 48129895 509 0.0115951 43898 0.748068
22 51304566 141 0.00321199 43898 0.194666
X 155270560 3030 0.0690236 43898 1.37772
Y 59373566 29 0.000660622 43898 0.0345876
