1 249250621 6404 0.0821795 77927 1.02213
2 243199373 7448 0.0955766 77927 1.21909
3 198022430 5600 0.0718621 77927 1.12637
4 191154276 5866 0.0752756 77927 1.22201
5 180915260 5848 0.0750446 77927 1.28721
6 171115067 6091 0.0781629 77927 1.41599
7 159138663 4338 0.0556675 77927 1.08514
8 146364022 4272 0.0548205 77927 1.16145
9 141213431 2503 0.0321198 77927 0.70593
10 135534747 3092 0.0396782 77927 0.907967
11 135006516 1901 0.0243946 77927 0.560796
12 133851895 3731 0.0478781 77927 1.10829
13 115169878 5281 0.0677686 77927 1.82665
14 107349540 1035 0.0132817 77927 0.383863
15 102531392 916 0.0117546 77927 0.355124
16 90354753 496 0.00636493 77927 0.218726
17 81195210 1450 0.0186072 77927 0.710197
18 78077248 1954 0.0250747 77927 0.99503
19 59128983 813 0.0104328 77927 0.546222
20 63025520 622 0.00798183 77927 0.393194
21 48129895 162 0.00207887 77927 0.134121
22 51304566 227 0.00291298 77927 0.176544
X 155270560 4810 0.0617244 77927 1.23202
Y 59373566 32 0.000410641 77927 0.0214995
