1 249250621 26 0.000836901 31067 0.0104092
2 243199373 53 0.00170599 31067 0.0217601
3 198022430 28 0.000901278 31067 0.0141266
4 191154276 42 0.00135192 31067 0.0219467
5 180915260 29 0.000933466 31067 0.0160114
6 171115067 19 0.000611581 31067 0.0110794
7 159138663 42 0.00135192 31067 0.0263532
8 146364022 20 0.00064377 31067 0.0136392
9 141213431 19 0.000611581 31067 0.0134413
10 135534747 20 0.00064377 31067 0.0147316
11 135006516 14 0.000450639 31067 0.0103595
12 133851895 13 0.00041845 31067 0.00968635
13 115169878 27 0.000869089 31067 0.0234256
14 107349540 14 0.000450639 31067 0.0130242
15 102531392 8 0.000257508 31067 0.0077797
16 90354753 4 0.000128754 31067 0.00442454
17 81195210 12 0.000386262 31067 0.0147428
18 78077248 6 0.000193131 31067 0.00766393
19 59128983 6 0.000193131 31067 0.0101116
20 63025520 21 0.000675958 31067 0.0332984
21 48129895 6 0.000193131 31067 0.0124601
22 51304566 2 6.4377e-05 31067 0.00390164
X 155270560 22 0.000708147 31067 0.0141347
Y 59373566 1 3.21885e-05 31067 0.00168526
