1 249250621 6314 0.0933789 67617 1.16143
2 243199373 5034 0.0744487 67617 0.949601
3 198022430 4957 0.07331 67617 1.14906
4 191154276 7109 0.105136 67617 1.70676
5 180915260 3235 0.047843 67617 0.820635
6 171115067 6282 0.0929056 67617 1.68307
7 159138663 3044 0.0450183 67617 0.877549
8 146364022 2284 0.0337785 67617 0.715646
9 141213431 2710 0.0400787 67617 0.88085
10 135534747 2693 0.0398273 67617 0.911379
11 135006516 2839 0.0419865 67617 0.965206
12 133851895 2548 0.0376828 67617 0.872288
13 115169878 3590 0.0530932 67617 1.43108
14 107349540 739 0.0109292 67617 0.315873
15 102531392 1222 0.0180724 67617 0.545993
16 90354753 1228 0.0181611 67617 0.624093
17 81195210 824 0.0121863 67617 0.465125
18 78077248 714 0.0105595 67617 0.419027
19 59128983 742 0.0109736 67617 0.574533
20 63025520 622 0.00919887 67617 0.453146
21 48129895 994 0.0147004 67617 0.948416
22 51304566 233 0.00344588 67617 0.208841
X 155270560 4345 0.064259 67617 1.28261
Y 59373566 30 0.000443675 67617 0.0232291
