1 249250621 40 0.00143812 27814 0.0178871
2 243199373 26 0.000934781 27814 0.0119232
3 198022430 23 0.000826922 27814 0.0129612
4 191154276 15 0.000539297 27814 0.00875482
5 180915260 14 0.000503344 27814 0.00863368
6 171115067 18 0.000647156 27814 0.0117238
7 159138663 30 0.00107859 27814 0.0210252
8 146364022 10 0.000359531 27814 0.00761719
9 141213431 11 0.000395484 27814 0.00869196
10 135534747 17 0.000611203 27814 0.0139863
11 135006516 9 0.000323578 27814 0.00743858
12 133851895 10 0.000359531 27814 0.00832248
13 115169878 13 0.000467391 27814 0.0125981
14 107349540 1 3.59531e-05 27814 0.00103911
15 102531392 7 0.000251672 27814 0.00760338
16 90354753 7 0.000251672 27814 0.00864852
17 81195210 1 3.59531e-05 27814 0.00137226
18 78077248 12 0.000431437 27814 0.0171205
19 59128983 5 0.000179766 27814 0.00941181
20 63025520 32 0.0011505 27814 0.0566749
21 48129895 0 0 27814 0
22 51304566 2 7.19062e-05 27814 0.00435795
X 155270560 18 0.000647156 27814 0.0129173
Y 59373566 3 0.000107859 27814 0.00564709
