1 249250621 42 0.00202703 20720 0.0252118
2 243199373 39 0.00188224 20720 0.0240082
3 198022430 26 0.00125483 20720 0.0196681
4 191154276 26 0.00125483 20720 0.0203706
5 180915260 44 0.00212355 20720 0.0364246
6 171115067 22 0.00106178 20720 0.0192351
7 159138663 39 0.00188224 20720 0.0366908
8 146364022 26 0.00125483 20720 0.0265853
9 141213431 7 0.000337838 20720 0.00742501
10 135534747 13 0.000627413 20720 0.0143573
11 135006516 20 0.000965251 20720 0.0221897
12 133851895 22 0.00106178 20720 0.0245781
13 115169878 24 0.0011583 20720 0.0312211
14 107349540 8 0.0003861 20720 0.011159
15 102531392 8 0.0003861 20720 0.0116647
16 90354753 13 0.000627413 20720 0.0215606
17 81195210 6 0.000289575 20720 0.0110525
18 78077248 7 0.000337838 20720 0.0134063
19 59128983 2 9.65251e-05 20720 0.00505367
20 63025520 15 0.000723938 20720 0.035662
21 48129895 4 0.00019305 20720 0.0124549
22 51304566 5 0.000241313 20720 0.014625
X 155270560 18 0.000868726 20720 0.0173398
Y 59373566 0 0 20720 0
