1 249250621 16 0.00068341 23412 0.00850013
2 243199373 27 0.00115325 23412 0.0147099
3 198022430 30 0.00128139 23412 0.0200845
4 191154276 12 0.000512558 23412 0.00832074
5 180915260 16 0.00068341 23412 0.0117223
6 171115067 16 0.00068341 23412 0.0123806
7 159138663 20 0.000854263 23412 0.0166523
8 146364022 12 0.000512558 23412 0.0108593
9 141213431 12 0.000512558 23412 0.011265
10 135534747 15 0.000640697 23412 0.0146613
11 135006516 14 0.000597984 23412 0.0137468
12 133851895 12 0.000512558 23412 0.0118648
13 115169878 11 0.000469845 23412 0.0126643
14 107349540 1 4.27131e-05 23412 0.00123448
15 102531392 1 4.27131e-05 23412 0.00129043
16 90354753 2 8.54263e-05 23412 0.00293561
17 81195210 4 0.000170853 23412 0.00652109
18 78077248 9 0.000384418 23412 0.0152547
19 59128983 0 0 23412 0
20 63025520 11 0.000469845 23412 0.0231451
21 48129895 2 8.54263e-05 23412 0.00551137
22 51304566 2 8.54263e-05 23412 0.00517735
X 155270560 17 0.000726123 23412 0.0144935
Y 59373566 0 0 23412 0
