1 249250621 26 0.0010039 25899 0.0124863
2 243199373 28 0.00108112 25899 0.0137898
3 198022430 14 0.000540561 25899 0.00847275
4 191154276 18 0.000695008 25899 0.0112826
5 180915260 20 0.000772231 25899 0.0132458
6 171115067 14 0.000540561 25899 0.00979278
7 159138663 31 0.00119696 25899 0.0233325
8 146364022 18 0.000695008 25899 0.0147247
9 141213431 5 0.000193058 25899 0.00424303
10 135534747 10 0.000386115 25899 0.00883559
11 135006516 12 0.000463338 25899 0.0106515
12 133851895 18 0.000695008 25899 0.0160881
13 115169878 8 0.000308892 25899 0.00832594
14 107349540 3 0.000115835 25899 0.00334782
15 102531392 10 0.000386115 25899 0.0116651
16 90354753 8 0.000308892 25899 0.0106149
17 81195210 17 0.000656396 25899 0.0250533
18 78077248 3 0.000115835 25899 0.00459661
19 59128983 2 7.72231e-05 25899 0.00404309
20 63025520 19 0.000733619 25899 0.0361389
21 48129895 0 0 25899 0
22 51304566 1 3.86115e-05 25899 0.00234009
X 155270560 27 0.00104251 25899 0.0208086
Y 59373566 0 0 25899 0
