1 249250621 12 0.000521241 23022 0.00648309
2 243199373 14 0.000608114 23022 0.00775656
3 198022430 15 0.000651551 23022 0.0102124
4 191154276 15 0.000651551 23022 0.0105771
5 180915260 26 0.00112935 23022 0.0193714
6 171115067 11 0.000477804 23022 0.00865587
7 159138663 16 0.000694987 23022 0.0135475
8 146364022 15 0.000651551 23022 0.013804
9 141213431 11 0.000477804 23022 0.0105012
10 135534747 8 0.000347494 23022 0.0079518
11 135006516 15 0.000651551 23022 0.0149782
12 133851895 9 0.00039093 23022 0.00904932
13 115169878 9 0.00039093 23022 0.0105372
14 107349540 4 0.000173747 23022 0.00502159
15 102531392 9 0.00039093 23022 0.0118106
16 90354753 6 0.00026062 23022 0.00895602
17 81195210 2 8.68734e-05 23022 0.00331578
18 78077248 3 0.00013031 23022 0.00517104
19 59128983 3 0.00013031 23022 0.00682252
20 63025520 11 0.000477804 23022 0.0235371
21 48129895 2 8.68734e-05 23022 0.00560474
22 51304566 2 8.68734e-05 23022 0.00526506
X 155270560 15 0.000651551 23022 0.013005
Y 59373566 0 0 23022 0
