1 249250621 3283 0.0718318 45704 0.89343
2 243199373 3672 0.0803431 45704 1.02478
3 198022430 3517 0.0769517 45704 1.20614
4 191154276 3933 0.0860537 45704 1.39698
5 180915260 3126 0.0683966 45704 1.17318
6 171115067 2923 0.063955 45704 1.15861
7 159138663 2896 0.0633643 45704 1.23517
8 146364022 2265 0.049558 45704 1.04996
9 141213431 1334 0.0291878 45704 0.64149
10 135534747 1743 0.0381367 45704 0.872693
11 135006516 1806 0.0395151 45704 0.908394
12 133851895 2091 0.0457509 45704 1.05905
13 115169878 2501 0.0547217 45704 1.47498
14 107349540 982 0.0214861 45704 0.620985
15 102531392 517 0.0113119 45704 0.34175
16 90354753 499 0.0109181 45704 0.375192
17 81195210 652 0.0142657 45704 0.544493
18 78077248 810 0.0177227 45704 0.703283
19 59128983 230 0.00503238 45704 0.263476
20 63025520 679 0.0148565 45704 0.731846
21 48129895 512 0.0112025 45704 0.722743
22 51304566 188 0.00411343 45704 0.249299
X 155270560 2794 0.0611325 45704 1.22021
Y 59373566 33 0.000722037 45704 0.037803
