1 249250621 18506 0.103437 178910 1.28654
2 243199373 13765 0.0769381 178910 0.981354
3 198022430 13060 0.0729976 178910 1.14416
4 191154276 12696 0.0709631 178910 1.152
5 180915260 11455 0.0640266 178910 1.09823
6 171115067 13104 0.0732435 178910 1.32688
7 159138663 9667 0.0540328 178910 1.05327
8 146364022 8893 0.0497066 178910 1.05311
9 141213431 7506 0.0419541 178910 0.922067
10 135534747 7794 0.0435638 178910 0.996883
11 135006516 7113 0.0397574 178910 0.913964
12 133851895 6010 0.0335923 178910 0.7776
13 115169878 8780 0.049075 178910 1.32278
14 107349540 3457 0.0193226 178910 0.558456
15 102531392 2843 0.0158907 178910 0.480081
16 90354753 2975 0.0166285 178910 0.571425
17 81195210 2093 0.0116986 178910 0.446512
18 78077248 2900 0.0162093 178910 0.643225
19 59128983 1217 0.0068023 178910 0.356142
20 63025520 1143 0.00638869 178910 0.314714
21 48129895 2576 0.0143983 178910 0.928923
22 51304566 909 0.00508077 178910 0.307925
X 155270560 10138 0.0566654 178910 1.13105
Y 59373566 76 0.000424795 178910 0.0222406
