1 249250621 7146 0.088364 80870 1.09906
2 243199373 6161 0.076184 80870 0.971735
3 198022430 4894 0.0605169 80870 0.94854
4 191154276 5790 0.0715964 80870 1.16228
5 180915260 5906 0.0730308 80870 1.25267
6 171115067 5664 0.0700383 80870 1.26881
7 159138663 5124 0.0633609 80870 1.23511
8 146364022 4079 0.050439 80870 1.06862
9 141213431 3379 0.0417831 80870 0.91831
10 135534747 3160 0.0390751 80870 0.894166
11 135006516 3689 0.0456164 80870 1.04865
12 133851895 3862 0.0477557 80870 1.10546
13 115169878 5190 0.0641771 80870 1.72984
14 107349540 1571 0.0194262 80870 0.561452
15 102531392 1462 0.0180784 80870 0.546175
16 90354753 1224 0.0151354 80870 0.520117
17 81195210 1051 0.0129962 80870 0.496037
18 78077248 1178 0.0145666 80870 0.578039
19 59128983 492 0.00608384 80870 0.318526
20 63025520 720 0.00890318 80870 0.43858
21 48129895 1080 0.0133548 80870 0.861598
22 51304566 298 0.00368493 80870 0.223329
X 155270560 5069 0.0626808 80870 1.25111
Y 59373566 53 0.000655373 80870 0.0343127
