1 249250621 6386 0.0845223 75554 1.05127
2 243199373 7269 0.0962093 75554 1.22716
3 198022430 4599 0.0608704 75554 0.954081
4 191154276 5806 0.0768457 75554 1.2475
5 180915260 3939 0.0521349 75554 0.894252
6 171115067 5051 0.0668528 75554 1.2111
7 159138663 3098 0.0410038 75554 0.799294
8 146364022 3707 0.0490642 75554 1.0395
9 141213431 3509 0.0464436 75554 1.02074
10 135534747 3461 0.0458083 75554 1.04824
11 135006516 2036 0.0269476 75554 0.619485
12 133851895 2918 0.0386214 75554 0.894014
13 115169878 3309 0.0437965 75554 1.1805
14 107349540 2179 0.0288403 75554 0.833535
15 102531392 1289 0.0170606 75554 0.515427
16 90354753 1174 0.0155386 75554 0.533971
17 81195210 701 0.00927813 75554 0.354127
18 78077248 1366 0.0180798 75554 0.717452
19 59128983 344 0.00455303 75554 0.238379
20 63025520 817 0.0108135 75554 0.532683
21 48129895 1250 0.0165445 75554 1.06738
22 51304566 467 0.00618101 75554 0.374607
X 155270560 5019 0.0664293 75554 1.32593
Y 59373566 66 0.000873547 75554 0.0457355
