1 249250621 18 0.000873999 20595 0.0108706
2 243199373 17 0.000825443 20595 0.0105286
3 198022430 4 0.000194222 20595 0.00304423
4 191154276 11 0.00053411 20595 0.00867062
5 180915260 14 0.000679777 20595 0.01166
6 171115067 13 0.000631221 20595 0.0114352
7 159138663 22 0.00106822 20595 0.020823
8 146364022 15 0.000728332 20595 0.0154308
9 141213431 3 0.000145666 20595 0.00320146
10 135534747 7 0.000339888 20595 0.00777776
11 135006516 10 0.000485555 20595 0.0111622
12 133851895 14 0.000679777 20595 0.0157356
13 115169878 12 0.000582666 20595 0.0157053
14 107349540 3 0.000145666 20595 0.00421001
15 102531392 4 0.000194222 20595 0.00586773
16 90354753 4 0.000194222 20595 0.00667429
17 81195210 2 9.71109e-05 20595 0.00370652
18 78077248 2 9.71109e-05 20595 0.00385361
19 59128983 1 4.85555e-05 20595 0.00254217
20 63025520 5 0.000242777 20595 0.0119595
21 48129895 2 9.71109e-05 20595 0.00626522
22 51304566 0 0 20595 0
X 155270560 15 0.000728332 20595 0.0145376
Y 59373566 2 9.71109e-05 20595 0.00508434
