1 249250621 5222 0.0716363 72896 0.890999
2 243199373 3019 0.0414152 72896 0.528255
3 198022430 4439 0.060895 72896 0.954467
4 191154276 4600 0.0631036 72896 1.02441
5 180915260 3814 0.0523211 72896 0.897446
6 171115067 4681 0.0642148 72896 1.16331
7 159138663 4161 0.0570813 72896 1.1127
8 146364022 2101 0.0288219 72896 0.610633
9 141213431 2228 0.0305641 72896 0.671738
10 135534747 2471 0.0338976 72896 0.775689
11 135006516 1746 0.0239519 72896 0.550619
12 133851895 2383 0.0326904 72896 0.756722
13 115169878 2393 0.0328276 72896 0.884841
14 107349540 734 0.0100691 72896 0.291016
15 102531392 776 0.0106453 72896 0.32161
16 90354753 560 0.00768218 72896 0.263992
17 81195210 578 0.0079291 72896 0.302638
18 78077248 1248 0.0171203 72896 0.679376
19 59128983 565 0.00775077 72896 0.405799
20 63025520 434 0.00595369 72896 0.293285
21 48129895 1134 0.0155564 72896 1.00364
22 51304566 245 0.00336095 72896 0.203694
X 155270560 2801 0.0384246 72896 0.766958
Y 59373566 42 0.000576163 72896 0.0301656
