1 249250621 4731 0.0978086 48370 1.21652
2 243199373 4671 0.0965681 48370 1.23174
3 198022430 3968 0.0820343 48370 1.2858
4 191154276 4110 0.08497 48370 1.37938
5 180915260 3743 0.0773827 48370 1.32732
6 171115067 2887 0.0596858 48370 1.08126
7 159138663 2883 0.0596031 48370 1.16185
8 146364022 1816 0.0375439 48370 0.795422
9 141213431 1504 0.0310937 48370 0.683377
10 135534747 763 0.0157742 48370 0.360967
11 135006516 1612 0.0333264 48370 0.766125
12 133851895 1957 0.040459 48370 0.93655
13 115169878 2978 0.0615671 48370 1.65949
14 107349540 325 0.00671904 48370 0.194192
15 102531392 803 0.0166012 48370 0.501547
16 90354753 729 0.0150713 48370 0.517915
17 81195210 365 0.007546 48370 0.288015
18 78077248 912 0.0188547 48370 0.748201
19 59128983 473 0.00977879 48370 0.511978
20 63025520 927 0.0191648 48370 0.944077
21 48129895 423 0.00874509 48370 0.564199
22 51304566 155 0.00320447 48370 0.19421
X 155270560 2955 0.0610916 48370 1.21939
Y 59373566 32 0.000661567 48370 0.034637
