1 249250621 4125 0.083879 49178 1.04327
2 243199373 4442 0.0903249 49178 1.1521
3 198022430 2323 0.0472366 49178 0.740385
4 191154276 3685 0.0749319 49178 1.21643
5 180915260 3482 0.070804 49178 1.21448
6 171115067 3907 0.0794461 49178 1.43924
7 159138663 3033 0.0616739 49178 1.20222
8 146364022 2631 0.0534995 49178 1.13346
9 141213431 1703 0.0346293 49178 0.761084
10 135534747 1989 0.0404449 49178 0.925513
11 135006516 1924 0.0391232 49178 0.899384
12 133851895 1873 0.0380861 49178 0.881624
13 115169878 2671 0.0543129 49178 1.46396
14 107349540 1205 0.0245028 49178 0.708174
15 102531392 936 0.0190329 49178 0.575012
16 90354753 1096 0.0222864 49178 0.765855
17 81195210 682 0.013868 49178 0.529313
18 78077248 962 0.0195616 49178 0.776254
19 59128983 361 0.00734068 49178 0.384329
20 63025520 429 0.00872341 49178 0.429725
21 48129895 355 0.00721868 49178 0.465721
22 51304566 255 0.00518525 49178 0.314257
X 155270560 2540 0.0516491 49178 1.03092
Y 59373566 11 0.000223677 49178 0.0117109
