1 249250621 64 0.00176742 36211 0.0219828
2 243199373 56 0.00154649 36211 0.0197257
3 198022430 45 0.00124272 36211 0.0194783
4 191154276 33 0.000911325 36211 0.0147942
5 180915260 27 0.00074563 36211 0.0127895
6 171115067 43 0.00118748 36211 0.0215124
7 159138663 40 0.00110464 36211 0.0215329
8 146364022 17 0.000469471 36211 0.00994641
9 141213431 10 0.000276159 36211 0.00606943
10 135534747 31 0.000856093 36211 0.0195902
11 135006516 18 0.000497087 36211 0.0114273
12 133851895 14 0.000386623 36211 0.0089496
13 115169878 26 0.000718014 36211 0.0193535
14 107349540 13 0.000359007 36211 0.0103759
15 102531392 13 0.000359007 36211 0.0108461
16 90354753 5 0.00013808 36211 0.004745
17 81195210 14 0.000386623 36211 0.0147566
18 78077248 14 0.000386623 36211 0.0153422
19 59128983 6 0.000165696 36211 0.00867516
20 63025520 25 0.000690398 36211 0.0340098
21 48129895 0 0 36211 0
22 51304566 3 8.28478e-05 36211 0.00502108
X 155270560 21 0.000579934 36211 0.0115755
Y 59373566 2 5.52318e-05 36211 0.00289172
