1 249250621 5351 0.0801156 66791 0.996462
2 243199373 6991 0.10467 66791 1.33507
3 198022430 3088 0.0462338 66791 0.724667
4 191154276 5165 0.0773308 66791 1.25537
5 180915260 5196 0.0777949 66791 1.33439
6 171115067 4395 0.0658023 66791 1.19207
7 159138663 5232 0.0783339 66791 1.52698
8 146364022 1346 0.0201524 66791 0.426958
9 141213431 2546 0.0381189 66791 0.837778
10 135534747 2525 0.0378045 66791 0.865091
11 135006516 3239 0.0484946 66791 1.11482
12 133851895 1806 0.0270396 66791 0.625916
13 115169878 4040 0.0604872 66791 1.63038
14 107349540 656 0.00982168 66791 0.283864
15 102531392 684 0.0102409 66791 0.309393
16 90354753 1096 0.0164094 66791 0.563897
17 81195210 806 0.0120675 66791 0.460591
18 78077248 1524 0.0228174 66791 0.905454
19 59128983 849 0.0127113 66791 0.665513
20 63025520 480 0.0071866 66791 0.35402
21 48129895 1397 0.020916 66791 1.34942
22 51304566 243 0.00363821 66791 0.220498
X 155270560 3778 0.0565645 66791 1.12903
Y 59373566 41 0.000613855 66791 0.032139
