1 249250621 4056 0.0907281 44705 1.12846
2 243199373 2731 0.0610894 44705 0.779201
3 198022430 2759 0.0617157 44705 0.967331
4 191154276 4417 0.0988033 44705 1.60395
5 180915260 2396 0.0535958 44705 0.91931
6 171115067 3136 0.0701488 44705 1.27081
7 159138663 2558 0.0572196 44705 1.11539
8 146364022 1997 0.0446706 44705 0.946411
9 141213431 1545 0.0345599 44705 0.759558
10 135534747 1242 0.0277821 44705 0.635747
11 135006516 2394 0.0535511 44705 1.23106
12 133851895 1575 0.035231 44705 0.815531
13 115169878 1793 0.0401074 44705 1.08106
14 107349540 1131 0.0252992 44705 0.73119
15 102531392 363 0.0081199 44705 0.245314
16 90354753 755 0.0168885 44705 0.580361
17 81195210 779 0.0174253 44705 0.665089
18 78077248 1014 0.022682 44705 0.90008
19 59128983 244 0.005458 44705 0.285759
20 63025520 443 0.00990941 44705 0.488148
21 48129895 652 0.0145845 44705 0.940935
22 51304566 189 0.00422772 44705 0.256225
X 155270560 3220 0.0720277 44705 1.43768
Y 59373566 30 0.000671066 44705 0.0351343
