1 249250621 335 0.0128205 26130 0.159459
2 243199373 334 0.0127822 26130 0.163039
3 198022430 331 0.0126674 26130 0.198549
4 191154276 277 0.0106008 26130 0.172092
5 180915260 362 0.0138538 26130 0.23763
6 171115067 255 0.0097589 26130 0.176792
7 159138663 196 0.00750096 26130 0.146217
8 146364022 190 0.00727134 26130 0.154054
9 141213431 58 0.00221967 26130 0.048784
10 135534747 176 0.00673555 26130 0.154132
11 135006516 168 0.00642939 26130 0.147802
12 133851895 189 0.00723307 26130 0.167432
13 115169878 252 0.00964409 26130 0.259948
14 107349540 63 0.00241102 26130 0.0696827
15 102531392 41 0.00156908 26130 0.0474042
16 90354753 52 0.00199005 26130 0.0683866
17 81195210 25 0.000956755 26130 0.0365174
18 78077248 117 0.00447761 26130 0.177683
19 59128983 11 0.000420972 26130 0.0220404
20 63025520 43 0.00164562 26130 0.0810649
21 48129895 51 0.00195178 26130 0.125921
22 51304566 3 0.000114811 26130 0.00695822
X 155270560 155 0.00593188 26130 0.118401
Y 59373566 1 3.82702e-05 26130 0.00200367
