1 249250621 37 0.00198711 18620 0.0247153
2 243199373 20 0.00107411 18620 0.0137004
3 198022430 14 0.00075188 18620 0.0117849
4 191154276 12 0.000644468 18620 0.0104621
5 180915260 12 0.000644468 18620 0.0110543
6 171115067 6 0.000322234 18620 0.00583758
7 159138663 6 0.000322234 18620 0.00628137
8 146364022 3 0.000161117 18620 0.0034135
9 141213431 9 0.000483351 18620 0.0106231
10 135534747 10 0.000537057 18620 0.0122896
11 135006516 3 0.000161117 18620 0.00370384
12 133851895 18 0.000966702 18620 0.0223774
13 115169878 9 0.000483351 18620 0.0130283
14 107349540 4 0.000214823 18620 0.00620875
15 102531392 7 0.00037594 18620 0.0113577
16 90354753 3 0.000161117 18620 0.00553667
17 81195210 0 0 18620 0
18 78077248 2 0.000107411 18620 0.00426236
19 59128983 1 5.37057e-05 18620 0.00281182
20 63025520 11 0.000590763 18620 0.0291016
21 48129895 1 5.37057e-05 18620 0.00346488
22 51304566 0 0 18620 0
X 155270560 15 0.000805585 18620 0.0160795
Y 59373566 0 0 18620 0
