1 249250621 7747 0.0780051 99314 0.970213
2 243199373 8575 0.0863423 99314 1.1013
3 198022430 9135 0.091981 99314 1.44171
4 191154276 6650 0.0669593 99314 1.087
5 180915260 7531 0.0758302 99314 1.30069
6 171115067 5986 0.0602735 99314 1.09191
7 159138663 5080 0.0511509 99314 0.997093
8 146364022 4792 0.048251 99314 1.02227
9 141213431 2826 0.0284552 99314 0.625389
10 135534747 3410 0.0343355 99314 0.78571
11 135006516 4513 0.0454417 99314 1.04464
12 133851895 3687 0.0371247 99314 0.859367
13 115169878 4440 0.0447067 99314 1.20503
14 107349540 2367 0.0238335 99314 0.688829
15 102531392 2365 0.0238134 99314 0.719437
16 90354753 1788 0.0180035 99314 0.618677
17 81195210 1606 0.0161709 99314 0.617211
18 78077248 1980 0.0199368 99314 0.791142
19 59128983 700 0.00704835 99314 0.369024
20 63025520 1009 0.0101597 99314 0.500478
21 48129895 669 0.00673621 99314 0.434594
22 51304566 656 0.00660531 99314 0.400322
X 155270560 6760 0.0680669 99314 1.35862
Y 59373566 70 0.000704835 99314 0.0369024
