1 249250621 3883 0.0807881 48064 1.00483
2 243199373 3701 0.0770015 48064 0.982162
3 198022430 3263 0.0678886 48064 1.06409
4 191154276 4333 0.0901506 48064 1.46348
5 180915260 3152 0.0655792 48064 1.12486
6 171115067 3697 0.0769183 48064 1.39345
7 159138663 2727 0.0567369 48064 1.10598
8 146364022 2312 0.0481025 48064 1.01912
9 141213431 1977 0.0411327 48064 0.904014
10 135534747 1801 0.0374709 48064 0.857457
11 135006516 1168 0.0243009 48064 0.558642
12 133851895 1791 0.0372628 48064 0.862565
13 115169878 2274 0.0473119 48064 1.27525
14 107349540 1226 0.0255077 48064 0.737216
15 102531392 647 0.0134612 48064 0.406683
16 90354753 288 0.00599201 48064 0.205911
17 81195210 528 0.0109854 48064 0.419288
18 78077248 1015 0.0211177 48064 0.838003
19 59128983 538 0.0111934 48064 0.586042
20 63025520 519 0.0107981 48064 0.531926
21 48129895 570 0.0118592 48064 0.765109
22 51304566 157 0.00326648 48064 0.197968
X 155270560 3373 0.0701773 48064 1.40074
Y 59373566 28 0.000582557 48064 0.0305003
