1 249250621 5534 0.0767588 72096 0.954711
2 243199373 5818 0.080698 72096 1.02931
3 198022430 4564 0.0633045 72096 0.992233
4 191154276 5792 0.0803373 72096 1.30418
5 180915260 5716 0.0792832 72096 1.35992
6 171115067 4613 0.0639841 72096 1.15913
7 159138663 4650 0.0644973 72096 1.25726
8 146364022 3171 0.043983 72096 0.931844
9 141213431 2587 0.0358827 72096 0.788631
10 135534747 2765 0.0383516 72096 0.877612
11 135006516 3027 0.0419857 72096 0.965188
12 133851895 2885 0.0400161 72096 0.926298
13 115169878 4178 0.0579505 72096 1.56201
14 107349540 1906 0.026437 72096 0.764074
15 102531392 1180 0.0163671 72096 0.494473
16 90354753 1438 0.0199456 72096 0.685417
17 81195210 964 0.0133711 72096 0.510346
18 78077248 2211 0.0306674 72096 1.21696
19 59128983 614 0.00851642 72096 0.445886
20 63025520 612 0.00848868 72096 0.418162
21 48129895 536 0.00743453 72096 0.479647
22 51304566 339 0.00470206 72096 0.284974
X 155270560 3845 0.0533317 72096 1.0645
Y 59373566 43 0.000596427 72096 0.0312265
