1 249250621 22 0.000854668 25741 0.0106302
2 243199373 22 0.000854668 25741 0.0109014
3 198022430 9 0.000349637 25741 0.0054802
4 191154276 19 0.000738122 25741 0.0119825
5 180915260 12 0.000466182 25741 0.00799627
6 171115067 9 0.000349637 25741 0.006334
7 159138663 25 0.000971213 25741 0.018932
8 146364022 18 0.000699274 25741 0.0148151
9 141213431 5 0.000194243 25741 0.00426907
10 135534747 15 0.000582728 25741 0.0133347
11 135006516 16 0.000621576 25741 0.0142891
12 133851895 21 0.000815819 25741 0.0188847
13 115169878 19 0.000738122 25741 0.0198955
14 107349540 4 0.000155394 25741 0.00449116
15 102531392 4 0.000155394 25741 0.00469469
16 90354753 7 0.00027194 25741 0.00934501
17 81195210 3 0.000116546 25741 0.0044483
18 78077248 4 0.000155394 25741 0.00616643
19 59128983 2 7.76971e-05 25741 0.00406791
20 63025520 12 0.000466182 25741 0.0229646
21 48129895 1 3.88485e-05 25741 0.00250636
22 51304566 1 3.88485e-05 25741 0.00235446
X 155270560 9 0.000349637 25741 0.00697878
Y 59373566 0 0 25741 0
