1 249250621 49 0.00081743 59944 0.010167
2 243199373 62 0.0010343 59944 0.0131926
3 198022430 79 0.0013179 59944 0.0206567
4 191154276 40 0.000667289 59944 0.0108326
5 180915260 59 0.000984252 59944 0.0168825
6 171115067 38 0.000633925 59944 0.0114841
7 159138663 61 0.00101762 59944 0.0198366
8 146364022 33 0.000550514 59944 0.0116634
9 141213431 26 0.000433738 59944 0.00953271
10 135534747 33 0.000550514 59944 0.0125976
11 135006516 32 0.000533832 59944 0.012272
12 133851895 32 0.000533832 59944 0.0123572
13 115169878 39 0.000650607 59944 0.0175366
14 107349540 13 0.000216869 59944 0.00626789
15 102531392 15 0.000250234 59944 0.00755993
16 90354753 19 0.000316962 59944 0.0108922
17 81195210 13 0.000216869 59944 0.00827745
18 78077248 10 0.000166822 59944 0.00661994
19 59128983 3 5.00467e-05 59944 0.00262025
20 63025520 43 0.000717336 59944 0.0353368
21 48129895 6 0.000100093 59944 0.00645764
22 51304566 3 5.00467e-05 59944 0.00303313
X 155270560 33 0.000550514 59944 0.0109883
Y 59373566 4 6.67289e-05 59944 0.00349366
