1 249250621 7413 0.095158 77902 1.18356
2 243199373 8632 0.110806 77902 1.41334
3 198022430 6658 0.0854664 77902 1.3396
4 191154276 6550 0.08408 77902 1.36494
5 180915260 5979 0.0767503 77902 1.31647
6 171115067 4673 0.0599856 77902 1.0867
7 159138663 5044 0.064748 77902 1.26214
8 146364022 2184 0.0280352 77902 0.593967
9 141213431 2590 0.0332469 77902 0.730701
10 135534747 2215 0.0284332 77902 0.650644
11 135006516 1789 0.0229648 77902 0.527925
12 133851895 2642 0.0339144 77902 0.785056
13 115169878 3418 0.0438756 77902 1.18263
14 107349540 2018 0.0259043 77902 0.74868
15 102531392 1032 0.0132474 77902 0.400224
16 90354753 1556 0.0199738 77902 0.686385
17 81195210 947 0.0121563 77902 0.463981
18 78077248 2045 0.0262509 77902 1.0417
19 59128983 926 0.0118867 77902 0.622342
20 63025520 620 0.00795872 77902 0.392055
21 48129895 677 0.00869041 77902 0.560671
22 51304566 490 0.00628995 77902 0.381209
X 155270560 4341 0.0557239 77902 1.11225
Y 59373566 31 0.000397936 77902 0.0208343
