1 249250621 2615 0.0804343 32511 1.00043
2 243199373 3043 0.0935991 32511 1.19387
3 198022430 2586 0.0795423 32511 1.24674
4 191154276 2912 0.0895697 32511 1.45405
5 180915260 1796 0.0552428 32511 0.947562
6 171115067 2643 0.0812956 32511 1.47275
7 159138663 1752 0.0538895 32511 1.05048
8 146364022 1650 0.0507521 32511 1.07526
9 141213431 1158 0.0356187 32511 0.782829
10 135534747 1349 0.0414936 32511 0.949511
11 135006516 1194 0.036726 32511 0.844277
12 133851895 896 0.0275599 32511 0.637961
13 115169878 1847 0.0568115 32511 1.53131
14 107349540 1105 0.0339885 32511 0.982326
15 102531392 492 0.0151333 32511 0.457201
16 90354753 199 0.00612101 32511 0.210344
17 81195210 218 0.00670542 32511 0.255932
18 78077248 646 0.0198702 32511 0.7885
19 59128983 367 0.0112885 32511 0.59102
20 63025520 324 0.00996586 32511 0.490929
21 48129895 107 0.00329119 32511 0.212335
22 51304566 54 0.00166098 32511 0.100665
X 155270560 2133 0.0656086 32511 1.30955
Y 59373566 24 0.000738212 32511 0.0386498
