1 249250621 3182 0.0581102 54758 0.722764
2 243199373 5308 0.0969356 54758 1.23642
3 198022430 3391 0.061927 54758 0.970643
4 191154276 3686 0.0673144 54758 1.09277
5 180915260 4216 0.0769933 54758 1.32064
6 171115067 3701 0.0675883 54758 1.22443
7 159138663 2270 0.0414551 54758 0.808092
8 146364022 1709 0.0312101 54758 0.66123
9 141213431 2126 0.0388254 54758 0.853305
10 135534747 2058 0.0375835 54758 0.860035
11 135006516 3157 0.0576537 54758 1.32537
12 133851895 1970 0.0359765 54758 0.832789
13 115169878 2819 0.0514811 54758 1.38763
14 107349540 1796 0.0327989 54758 0.947944
15 102531392 608 0.0111034 54758 0.33545
16 90354753 325 0.00593521 54758 0.203959
17 81195210 690 0.0126009 54758 0.48095
18 78077248 901 0.0164542 54758 0.652945
19 59128983 224 0.00409073 54758 0.214174
20 63025520 492 0.00898499 54758 0.44261
21 48129895 600 0.0109573 54758 0.706923
22 51304566 227 0.00414551 54758 0.251243
X 155270560 4899 0.0894664 54758 1.78576
Y 59373566 51 0.000931371 54758 0.0487629
