1 249250621 2 0.000284414 7032 0.00353749
2 243199373 9 0.00127986 7032 0.0163248
3 198022430 10 0.00142207 7032 0.0222895
4 191154276 7 0.000995449 7032 0.0161599
5 180915260 10 0.00142207 7032 0.0243923
6 171115067 12 0.00170648 7032 0.0309146
7 159138663 11 0.00156428 7032 0.0304927
8 146364022 5 0.000711035 7032 0.0150643
9 141213431 4 0.000568828 7032 0.0125017
10 135534747 3 0.000426621 7032 0.0097625
11 135006516 2 0.000284414 7032 0.00653826
12 133851895 5 0.000711035 7032 0.0164591
13 115169878 10 0.00142207 7032 0.0383307
14 107349540 7 0.000995449 7032 0.0287702
15 102531392 1 0.000142207 7032 0.00429629
16 90354753 3 0.000426621 7032 0.0146605
17 81195210 22 0.00312856 7032 0.119411
18 78077248 0 0 7032 0
19 59128983 2 0.000284414 7032 0.0148908
20 63025520 3 0.000426621 7032 0.0210158
21 48129895 0 0 7032 0
22 51304566 0 0 7032 0
X 155270560 8 0.00113766 7032 0.0227077
Y 59373566 0 0 7032 0
