1 249250621 7 0.000614358 11394 0.00764127
2 243199373 15 0.00131648 11394 0.0167919
3 198022430 4 0.000351062 11394 0.00550254
4 191154276 10 0.000877655 11394 0.0142476
5 180915260 4 0.000351062 11394 0.00602165
6 171115067 7 0.000614358 11394 0.0111297
7 159138663 3 0.000263296 11394 0.00513248
8 146364022 4 0.000351062 11394 0.00743775
9 141213431 12 0.00105319 11394 0.0231469
10 135534747 2 0.000175531 11394 0.00401673
11 135006516 6 0.000526593 11394 0.0121056
12 133851895 3 0.000263296 11394 0.00609483
13 115169878 3 0.000263296 11394 0.00709694
14 107349540 2 0.000175531 11394 0.00507315
15 102531392 6 0.000526593 11394 0.0159092
16 90354753 3 0.000263296 11394 0.00904799
17 81195210 0 0 11394 0
18 78077248 5 0.000438827 11394 0.0174138
19 59128983 1 8.77655e-05 11394 0.00459505
20 63025520 7 0.000614358 11394 0.030264
21 48129895 2 0.000175531 11394 0.0113246
22 51304566 5 0.000438827 11394 0.0265956
X 155270560 4 0.000351062 11394 0.00700722
Y 59373566 0 0 11394 0
