1 249250621 18 0.000797519 22570 0.00991939
2 243199373 26 0.00115197 22570 0.0146935
3 198022430 20 0.000886132 22570 0.0138892
4 191154276 20 0.000886132 22570 0.0143853
5 180915260 9 0.000398759 22570 0.00683978
6 171115067 21 0.000930439 22570 0.0168558
7 159138663 13 0.000575986 22570 0.0112278
8 146364022 9 0.000398759 22570 0.00844829
9 141213431 2 8.86132e-05 22570 0.00194754
10 135534747 8 0.000354453 22570 0.00811105
11 135006516 11 0.000487373 22570 0.011204
12 133851895 13 0.000575986 22570 0.013333
13 115169878 12 0.000531679 22570 0.014331
14 107349540 7 0.000310146 22570 0.00896376
15 102531392 4 0.000177226 22570 0.00535427
16 90354753 8 0.000354453 22570 0.0121805
17 81195210 7 0.000310146 22570 0.0118376
18 78077248 6 0.00026584 22570 0.0105492
19 59128983 3 0.00013292 22570 0.00695915
20 63025520 17 0.000753212 22570 0.0371041
21 48129895 4 0.000177226 22570 0.011434
22 51304566 0 0 22570 0
X 155270560 20 0.000886132 22570 0.0176873
Y 59373566 2 8.86132e-05 22570 0.00463943
