1 249250621 3822 0.101034 37829 1.25664
2 243199373 3028 0.0800444 37829 1.02097
3 198022430 2563 0.0677523 37829 1.06195
4 191154276 2695 0.0712416 37829 1.15652
5 180915260 2527 0.0668006 37829 1.14581
6 171115067 2803 0.0740966 37829 1.34233
7 159138663 2352 0.0621745 37829 1.21198
8 146364022 1044 0.0275979 37829 0.584701
9 141213431 1304 0.0344709 37829 0.757602
10 135534747 1535 0.0405773 37829 0.928543
11 135006516 1405 0.0371408 37829 0.853812
12 133851895 846 0.0223638 37829 0.51768
13 115169878 2393 0.0632583 37829 1.70508
14 107349540 996 0.026329 37829 0.760954
15 102531392 600 0.0158608 37829 0.47918
16 90354753 720 0.019033 37829 0.654056
17 81195210 602 0.0159137 37829 0.607394
18 78077248 1291 0.0341273 37829 1.35426
19 59128983 285 0.0075339 37829 0.394445
20 63025520 331 0.0087499 37829 0.43103
21 48129895 419 0.0110762 37829 0.714591
22 51304566 236 0.0062386 37829 0.378097
X 155270560 2206 0.058315 37829 1.16397
Y 59373566 33 0.000872347 37829 0.0456726
