1 249250621 5361 0.0920644 58231 1.14508
2 243199373 3820 0.0656008 58231 0.836745
3 198022430 3364 0.0577699 58231 0.905485
4 191154276 2536 0.0435507 58231 0.706992
5 180915260 4401 0.0755783 58231 1.29637
6 171115067 4244 0.0728821 58231 1.32033
7 159138663 4800 0.0824303 58231 1.60683
8 146364022 2747 0.0471742 58231 0.999453
9 141213431 2712 0.0465731 58231 1.02359
10 135534747 2420 0.0415586 58231 0.950998
11 135006516 2264 0.0388796 58231 0.893785
12 133851895 3069 0.0527039 58231 1.22
13 115169878 2518 0.0432416 58231 1.16554
14 107349540 1533 0.0263262 58231 0.760872
15 102531392 739 0.0126908 58231 0.383409
16 90354753 1310 0.0224966 58231 0.773079
17 81195210 340 0.00583881 58231 0.222856
18 78077248 1395 0.0239563 58231 0.950647
19 59128983 536 0.00920472 58231 0.481922
20 63025520 460 0.00789957 58231 0.389141
21 48129895 533 0.0091532 58231 0.590529
22 51304566 374 0.0064227 58231 0.389254
X 155270560 3614 0.0620632 58231 1.23879
Y 59373566 39 0.000669746 58231 0.0350653
