1 249250621 1259 0.0796432 15808 0.990587
2 243199373 1211 0.0766068 15808 0.977127
3 198022430 661 0.0418143 15808 0.655396
4 191154276 1682 0.106402 15808 1.7273
5 180915260 1254 0.0793269 15808 1.36067
6 171115067 1108 0.0700911 15808 1.26977
7 159138663 507 0.0320724 15808 0.625192
8 146364022 772 0.048836 15808 1.03466
9 141213431 563 0.0356149 15808 0.782745
10 135534747 687 0.043459 15808 0.994485
11 135006516 382 0.024165 15808 0.555517
12 133851895 720 0.0455466 15808 1.05432
13 115169878 629 0.03979 15808 1.07251
14 107349540 546 0.0345395 15808 0.998251
15 102531392 295 0.0186614 15808 0.56379
16 90354753 297 0.018788 15808 0.645634
17 81195210 144 0.00910931 15808 0.347684
18 78077248 255 0.0161311 15808 0.640122
19 59128983 246 0.0155617 15808 0.814751
20 63025520 191 0.0120825 15808 0.595197
21 48129895 185 0.0117029 15808 0.755028
22 51304566 79 0.00499747 15808 0.302877
X 155270560 1201 0.0759742 15808 1.51645
Y 59373566 6 0.000379555 15808 0.019872
