1 249250621 18 0.00131752 13662 0.0163871
2 243199373 25 0.00182989 13662 0.0233405
3 198022430 9 0.000658762 13662 0.0103254
4 191154276 11 0.000805153 13662 0.0130707
5 180915260 14 0.00102474 13662 0.017577
6 171115067 8 0.000585566 13662 0.0106081
7 159138663 19 0.00139072 13662 0.0271095
8 146364022 8 0.000585566 13662 0.0124061
9 141213431 9 0.000658762 13662 0.0144783
10 135534747 10 0.000731957 13662 0.0167496
11 135006516 7 0.00051237 13662 0.0117786
12 133851895 11 0.000805153 13662 0.0186378
13 115169878 6 0.000439174 13662 0.0118376
14 107349540 6 0.000439174 13662 0.0126929
15 102531392 8 0.000585566 13662 0.0176908
16 90354753 4 0.000292783 13662 0.0100613
17 81195210 7 0.00051237 13662 0.0195561
18 78077248 6 0.000439174 13662 0.0174276
19 59128983 3 0.000219587 13662 0.0114967
20 63025520 15 0.00109794 13662 0.0540855
21 48129895 0 0 13662 0
22 51304566 1 7.31957e-05 13662 0.0044361
X 155270560 8 0.000585566 13662 0.0116879
Y 59373566 0 0 13662 0
