1 249250621 5480 0.0772157 70970 0.960395
2 243199373 4731 0.066662 70970 0.85028
3 198022430 4393 0.0618994 70970 0.97021
4 191154276 5598 0.0788784 70970 1.28049
5 180915260 5781 0.081457 70970 1.3972
6 171115067 3440 0.0484712 70970 0.878101
7 159138663 4652 0.0655488 70970 1.27775
8 146364022 2438 0.0343525 70970 0.727808
9 141213431 2899 0.0408482 70970 0.897764
10 135534747 2627 0.0370156 70970 0.84704
11 135006516 2928 0.0412569 70970 0.948434
12 133851895 2750 0.0387488 70970 0.896962
13 115169878 4814 0.0678315 70970 1.82834
14 107349540 1963 0.0276596 70970 0.79941
15 102531392 1395 0.0196562 70970 0.593843
16 90354753 786 0.0110751 70970 0.380588
17 81195210 632 0.00890517 70970 0.339892
18 78077248 2177 0.0306749 70970 1.21726
19 59128983 938 0.0132169 70970 0.691982
20 63025520 461 0.0064957 70970 0.319985
21 48129895 1249 0.017599 70970 1.13542
22 51304566 483 0.00680569 70970 0.412466
X 155270560 4481 0.0631394 70970 1.26027
Y 59373566 60 0.000845428 70970 0.0442632
