1 249250621 2654 0.0761877 34835 0.947609
2 243199373 3222 0.0924932 34835 1.17976
3 198022430 2418 0.0694129 34835 1.08798
4 191154276 3138 0.0900818 34835 1.46237
5 180915260 3219 0.0924071 34835 1.58503
6 171115067 1764 0.0506387 34835 0.917368
7 159138663 2307 0.0662265 34835 1.29096
8 146364022 1966 0.0564375 34835 1.19571
9 141213431 788 0.0226209 34835 0.497163
10 135534747 1020 0.0292809 34835 0.670043
11 135006516 893 0.0256351 34835 0.589313
12 133851895 1784 0.0512129 34835 1.18548
13 115169878 2022 0.0580451 34835 1.56456
14 107349540 603 0.0173102 34835 0.500294
15 102531392 507 0.0145543 34835 0.439708
16 90354753 438 0.0125736 34835 0.432081
17 81195210 263 0.00754988 34835 0.288163
18 78077248 802 0.0230228 34835 0.913604
19 59128983 108 0.00310033 34835 0.162321
20 63025520 429 0.0123152 34835 0.60666
21 48129895 281 0.0080666 34835 0.520426
22 51304566 101 0.00289938 34835 0.17572
X 155270560 2300 0.0660255 34835 1.31788
Y 59373566 21 0.000602842 34835 0.0315624
