1 249250621 6890 0.0773471 89079 0.962028
2 243199373 7202 0.0808496 89079 1.03124
3 198022430 4429 0.0497199 89079 0.779309
4 191154276 6993 0.0785034 89079 1.27441
5 180915260 5599 0.0628543 89079 1.07812
6 171115067 7206 0.0808945 89079 1.46548
7 159138663 4647 0.0521672 89079 1.0169
8 146364022 3148 0.0353394 89079 0.748716
9 141213431 3960 0.0444549 89079 0.977031
10 135534747 3211 0.0360467 89079 0.824866
11 135006516 4085 0.0458582 89079 1.05421
12 133851895 3372 0.037854 89079 0.876251
13 115169878 4799 0.0538735 89079 1.45212
14 107349540 1991 0.0223509 89079 0.645981
15 102531392 1783 0.0200159 89079 0.604711
16 90354753 1367 0.0153459 89079 0.527352
17 81195210 1323 0.014852 89079 0.56687
18 78077248 2520 0.0282895 89079 1.1226
19 59128983 477 0.0053548 89079 0.280356
20 63025520 1214 0.0136284 89079 0.671347
21 48129895 1221 0.0137069 89079 0.884318
22 51304566 329 0.00369335 89079 0.223839
X 155270560 5603 0.0628992 89079 1.25547
Y 59373566 67 0.000752141 89079 0.0393791
