1 249250621 2557 0.0880601 29037 1.09527
2 243199373 2484 0.085546 29037 1.09115
3 198022430 1928 0.066398 29037 1.04072
4 191154276 2104 0.0724593 29037 1.17629
5 180915260 1722 0.0593036 29037 1.01722
6 171115067 2069 0.0712539 29037 1.29083
7 159138663 1270 0.0437373 29037 0.852579
8 146364022 1145 0.0394324 29037 0.835433
9 141213431 947 0.0326136 29037 0.716782
10 135534747 855 0.0294452 29037 0.673803
11 135006516 1442 0.0496608 29037 1.14163
12 133851895 968 0.0333368 29037 0.771685
13 115169878 1706 0.0587526 29037 1.58363
14 107349540 556 0.019148 29037 0.55341
15 102531392 427 0.0147054 29037 0.444271
16 90354753 585 0.0201467 29037 0.692327
17 81195210 393 0.0135345 29037 0.516582
18 78077248 1047 0.0360574 29037 1.43085
19 59128983 235 0.00809312 29037 0.423724
20 63025520 356 0.0122602 29037 0.603952
21 48129895 337 0.0116059 29037 0.748767
22 51304566 115 0.00396046 29037 0.240028
X 155270560 2083 0.0717361 29037 1.43186
Y 59373566 13 0.000447705 29037 0.02344
