1 249250621 29 0.000546427 53072 0.00679636
2 243199373 56 0.00105517 53072 0.0134588
3 198022430 33 0.000621797 53072 0.00974603
4 191154276 35 0.000659481 53072 0.0107059
5 180915260 41 0.000772535 53072 0.013251
6 171115067 25 0.000471058 53072 0.00853366
7 159138663 28 0.000527585 53072 0.0102843
8 146364022 33 0.000621797 53072 0.0131737
9 141213431 26 0.000489901 53072 0.010767
10 135534747 15 0.000282635 53072 0.00646762
11 135006516 15 0.000282635 53072 0.00649735
12 133851895 9 0.000169581 53072 0.00392548
13 115169878 23 0.000433374 53072 0.0116812
14 107349540 4 7.53693e-05 53072 0.0021783
15 102531392 9 0.000169581 53072 0.00512329
16 90354753 7 0.000131896 53072 0.00453252
17 81195210 6 0.000113054 53072 0.00431504
18 78077248 18 0.000339162 53072 0.0134588
19 59128983 10 0.000188423 53072 0.00986509
20 63025520 16 0.000301477 53072 0.0148511
21 48129895 6 0.000113054 53072 0.0072938
22 51304566 4 7.53693e-05 53072 0.00456784
X 155270560 40 0.000753693 53072 0.0150438
Y 59373566 2 3.76847e-05 53072 0.00197302
