1 249250621 23 0.00130563 17616 0.0162392
2 243199373 31 0.00175976 17616 0.022446
3 198022430 22 0.00124886 17616 0.0195747
4 191154276 16 0.000908265 17616 0.0147446
5 180915260 20 0.00113533 17616 0.019474
6 171115067 10 0.000567666 17616 0.0102838
7 159138663 19 0.00107856 17616 0.0210247
8 146364022 11 0.000624432 17616 0.0132295
9 141213431 9 0.000510899 17616 0.0112286
10 135534747 1 5.67666e-05 17616 0.00129901
11 135006516 5 0.000283833 17616 0.00652489
12 133851895 8 0.000454133 17616 0.0105123
13 115169878 7 0.000397366 17616 0.0107107
14 107349540 6 0.000340599 17616 0.00984391
15 102531392 9 0.000510899 17616 0.015435
16 90354753 3 0.0001703 17616 0.00585222
17 81195210 0 0 17616 0
18 78077248 8 0.000454133 17616 0.0180211
19 59128983 1 5.67666e-05 17616 0.00297207
20 63025520 5 0.000283833 17616 0.0139819
21 48129895 2 0.000113533 17616 0.00732472
22 51304566 1 5.67666e-05 17616 0.0034404
X 155270560 3 0.0001703 17616 0.0033992
Y 59373566 1 5.67666e-05 17616 0.00297207
