1 249250621 4 0.000308523 12965 0.00383735
2 243199373 15 0.00115696 12965 0.0147572
3 198022430 6 0.000462784 12965 0.00725367
4 191154276 14 0.00107983 12965 0.0175297
5 180915260 9 0.000694177 12965 0.011907
6 171115067 8 0.000617046 12965 0.0111784
7 159138663 19 0.00146548 12965 0.0285669
8 146364022 6 0.000462784 12965 0.00980475
9 141213431 9 0.000694177 12965 0.0152566
10 135534747 8 0.000617046 12965 0.01412
11 135006516 5 0.000385654 12965 0.0088656
12 133851895 5 0.000385654 12965 0.00892717
13 115169878 6 0.000462784 12965 0.012474
14 107349540 2 0.000154261 12965 0.00445842
15 102531392 1 7.71307e-05 12965 0.00233023
16 90354753 2 0.000154261 12965 0.00530108
17 81195210 0 0 12965 0
18 78077248 0 0 12965 0
19 59128983 0 0 12965 0
20 63025520 10 0.000771307 12965 0.0379954
21 48129895 0 0 12965 0
22 51304566 0 0 12965 0
X 155270560 4 0.000308523 12965 0.00615814
Y 59373566 0 0 12965 0
