1 249250621 3269 0.0892901 36611 1.11057
2 243199373 2221 0.0606648 36611 0.773786
3 198022430 1871 0.0511049 36611 0.801017
4 191154276 2441 0.066674 36611 1.08237
5 180915260 2925 0.079894 36611 1.37039
6 171115067 2387 0.065199 36611 1.18114
7 159138663 2016 0.0550654 36611 1.0734
8 146364022 2095 0.0572232 36611 1.21236
9 141213431 1469 0.0401246 36611 0.881858
10 135534747 1537 0.0419819 36611 0.960685
11 135006516 2072 0.056595 36611 1.30103
12 133851895 1614 0.0440851 36611 1.02049
13 115169878 1282 0.0350168 36611 0.943849
14 107349540 969 0.0264675 36611 0.764955
15 102531392 589 0.0160881 36611 0.486044
16 90354753 798 0.0217967 36611 0.749028
17 81195210 426 0.0116358 36611 0.444116
18 78077248 942 0.02573 36611 1.02103
19 59128983 207 0.00565404 36611 0.296023
20 63025520 386 0.0105433 36611 0.519373
21 48129895 481 0.0131381 36611 0.847621
22 51304566 194 0.00529895 36611 0.321149
X 155270560 1766 0.0482369 36611 0.962812
Y 59373566 46 0.00125645 36611 0.0657829
