1 249250621 3061 0.0691642 44257 0.860251
2 243199373 3141 0.0709718 44257 0.905253
3 198022430 3087 0.0697517 44257 1.09329
4 191154276 3979 0.0899067 44257 1.45952
5 180915260 3885 0.0877827 44257 1.50571
6 171115067 3291 0.0743611 44257 1.34712
7 159138663 2632 0.0594708 44257 1.15928
8 146364022 933 0.0210814 44257 0.44664
9 141213431 1661 0.0375308 44257 0.824852
10 135534747 1300 0.0293739 44257 0.672171
11 135006516 2333 0.0527148 44257 1.21184
12 133851895 1684 0.0380505 44257 0.880798
13 115169878 2804 0.0633572 44257 1.70774
14 107349540 1430 0.0323113 44257 0.933852
15 102531392 758 0.0171272 44257 0.517439
16 90354753 969 0.0218948 44257 0.7524
17 81195210 670 0.0151388 44257 0.577819
18 78077248 1341 0.0303003 44257 1.20239
19 59128983 473 0.0106876 44257 0.559559
20 63025520 201 0.00454165 44257 0.223727
21 48129895 117 0.00264365 44257 0.170558
22 51304566 135 0.00305036 44257 0.184871
X 155270560 1988 0.0449194 44257 0.896596
Y 59373566 20 0.000451906 44257 0.02366
