1 249250621 33 0.000805153 40986 0.0100143
2 243199373 59 0.00143952 40986 0.0183612
3 198022430 29 0.000707559 40986 0.0110903
4 191154276 43 0.00104914 40986 0.0170315
5 180915260 35 0.00085395 40986 0.0146475
6 171115067 38 0.000927146 40986 0.0167961
7 159138663 56 0.00136632 40986 0.0266339
8 146364022 23 0.000561167 40986 0.0118891
9 141213431 21 0.00051237 40986 0.0112609
10 135534747 20 0.000487972 40986 0.0111664
11 135006516 29 0.000707559 40986 0.0162657
12 133851895 20 0.000487972 40986 0.0112956
13 115169878 27 0.000658762 40986 0.0177564
14 107349540 10 0.000243986 40986 0.00705161
15 102531392 3 7.31957e-05 40986 0.00221135
16 90354753 11 0.000268384 40986 0.00922283
17 81195210 16 0.000390377 40986 0.0148999
18 78077248 24 0.000585566 40986 0.0232367
19 59128983 7 0.00017079 40986 0.00894189
20 63025520 29 0.000707559 40986 0.0348551
21 48129895 15 0.000365979 40986 0.0236115
22 51304566 5 0.000121993 40986 0.00739351
X 155270560 35 0.00085395 40986 0.0170449
Y 59373566 3 7.31957e-05 40986 0.00383224
