1 249250621 1712 0.0828534 20663 1.03052
2 243199373 1247 0.0603494 20663 0.769763
3 198022430 1389 0.0672216 20663 1.05363
4 191154276 1619 0.0783526 20663 1.27196
5 180915260 1537 0.0743842 20663 1.27589
6 171115067 1785 0.0863863 20663 1.56497
7 159138663 943 0.0456371 20663 0.889613
8 146364022 1078 0.0521705 20663 1.10531
9 141213431 799 0.0386682 20663 0.849849
10 135534747 613 0.0296666 20663 0.678869
11 135006516 419 0.0202778 20663 0.466156
12 133851895 984 0.0476214 20663 1.10235
13 115169878 1519 0.073513 20663 1.98148
14 107349540 405 0.0196003 20663 0.566481
15 102531392 312 0.0150995 20663 0.456177
16 90354753 484 0.0234235 20663 0.804932
17 81195210 232 0.0112278 20663 0.428542
18 78077248 592 0.0286502 20663 1.13691
19 59128983 301 0.0145671 20663 0.762675
20 63025520 116 0.0056139 20663 0.276547
21 48129895 230 0.011131 20663 0.718129
22 51304566 115 0.0055655 20663 0.337303
X 155270560 868 0.0420075 20663 0.838472
Y 59373566 14 0.00067754 20663 0.0354733
