1 249250621 2240 0.0616095 36358 0.766288
2 243199373 3319 0.0912866 36358 1.16437
3 198022430 2854 0.0784972 36358 1.23036
4 191154276 2975 0.0818252 36358 1.32833
5 180915260 2853 0.0784697 36358 1.34596
6 171115067 1803 0.0495902 36358 0.898373
7 159138663 2027 0.0557511 36358 1.08677
8 146364022 1819 0.0500303 36358 1.05996
9 141213431 1188 0.0326751 36358 0.718133
10 135534747 1152 0.0316849 36358 0.725055
11 135006516 1995 0.054871 36358 1.2614
12 133851895 1775 0.0488201 36358 1.13009
13 115169878 2506 0.0689257 36358 1.85784
14 107349540 851 0.0234061 36358 0.676478
15 102531392 441 0.0121294 36358 0.366447
16 90354753 260 0.00715111 36358 0.245743
17 81195210 346 0.00951648 36358 0.363224
18 78077248 656 0.0180428 36358 0.715984
19 59128983 167 0.00459321 36358 0.240482
20 63025520 376 0.0103416 36358 0.509439
21 48129895 83 0.00228285 36358 0.147281
22 51304566 177 0.00486825 36358 0.295046
X 155270560 2207 0.0607019 36358 1.21161
Y 59373566 11 0.000302547 36358 0.0158402
