1 249250621 9355 0.102627 91155 1.27646
2 243199373 5452 0.0598102 91155 0.762885
3 198022430 5973 0.0655258 91155 1.02705
4 191154276 6935 0.0760792 91155 1.23505
5 180915260 6414 0.0703637 91155 1.20692
6 171115067 5959 0.0653722 91155 1.18428
7 159138663 4521 0.0495968 91155 0.9668
8 146364022 4975 0.0545774 91155 1.1563
9 141213431 2609 0.0286216 91155 0.629046
10 135534747 4446 0.0487741 91155 1.11611
11 135006516 3852 0.0422577 91155 0.971441
12 133851895 4667 0.0511985 91155 1.18515
13 115169878 1972 0.0216335 91155 0.583113
14 107349540 1660 0.0182107 91155 0.526322
15 102531392 1625 0.0178268 91155 0.538573
16 90354753 1778 0.0195052 91155 0.670283
17 81195210 1366 0.0149855 91155 0.571964
18 78077248 1298 0.0142395 91155 0.565059
19 59128983 1168 0.0128133 91155 0.670855
20 63025520 2445 0.0268224 91155 1.3213
21 48129895 936 0.0102682 91155 0.662466
22 51304566 702 0.00770117 91155 0.466737
X 155270560 7576 0.0831112 91155 1.65891
Y 59373566 30 0.00032911 91155 0.0172309
