1 249250621 13 0.000387724 33529 0.00482244
2 243199373 33 0.000984223 33529 0.0125539
3 198022430 23 0.000685973 33529 0.0107519
4 191154276 13 0.000387724 33529 0.00629422
5 180915260 10 0.000298249 33529 0.00511577
6 171115067 22 0.000656148 33529 0.0118867
7 159138663 15 0.000447374 33529 0.00872074
8 146364022 15 0.000447374 33529 0.00947826
9 141213431 11 0.000328074 33529 0.00721042
10 135534747 5 0.000149125 33529 0.00341246
11 135006516 11 0.000328074 33529 0.00754194
12 133851895 8 0.000238599 33529 0.00552313
13 115169878 12 0.000357899 33529 0.00964688
14 107349540 8 0.000238599 33529 0.00689594
15 102531392 13 0.000387724 33529 0.0117137
16 90354753 5 0.000149125 33529 0.00512456
17 81195210 6 0.00017895 33529 0.00683014
18 78077248 3 8.94748e-05 33529 0.00355059
19 59128983 1 2.98249e-05 33529 0.00156151
20 63025520 30 0.000894748 33529 0.0440762
21 48129895 2 5.96499e-05 33529 0.00384838
22 51304566 0 0 33529 0
X 155270560 20 0.000596499 33529 0.0119062
Y 59373566 2 5.96499e-05 33529 0.00312303
