1 249250621 4424 0.0756511 58479 0.940934
2 243199373 4911 0.0839789 58479 1.07116
3 198022430 4019 0.0687255 58479 1.0772
4 191154276 5246 0.0897074 58479 1.45629
5 180915260 5057 0.0864755 58479 1.48328
6 171115067 4513 0.077173 58479 1.39806
7 159138663 3777 0.0645873 58479 1.25901
8 146364022 2782 0.0475726 58479 1.00789
9 141213431 1847 0.031584 58479 0.694154
10 135534747 2061 0.0352434 58479 0.806486
11 135006516 2251 0.0384925 58479 0.884884
12 133851895 1678 0.0286941 58479 0.664214
13 115169878 3533 0.0604148 58479 1.62843
14 107349540 787 0.0134578 58479 0.388954
15 102531392 595 0.0101746 58479 0.30739
16 90354753 1142 0.0195284 58479 0.671078
17 81195210 885 0.0151336 58479 0.57762
18 78077248 1689 0.0288822 58479 1.14612
19 59128983 169 0.00288993 58479 0.151305
20 63025520 670 0.0114571 58479 0.564389
21 48129895 515 0.00880658 58479 0.568166
22 51304566 205 0.00350553 58479 0.212456
X 155270560 2684 0.0458968 58479 0.916104
Y 59373566 30 0.000513005 58479 0.0268589
