1 249250621 47 0.000770441 61004 0.0095826
2 243199373 75 0.00122943 61004 0.0156815
3 198022430 44 0.000721264 61004 0.0113051
4 191154276 38 0.00062291 61004 0.0101122
5 180915260 32 0.000524556 61004 0.00899753
6 171115067 26 0.000426202 61004 0.00772104
7 159138663 48 0.000786834 61004 0.0153379
8 146364022 31 0.000508163 61004 0.0107662
9 141213431 18 0.000295063 61004 0.00648489
10 135534747 21 0.00034424 61004 0.00787734
11 135006516 12 0.000196708 61004 0.00452203
12 133851895 24 0.000393417 61004 0.00910687
13 115169878 19 0.000311455 61004 0.00839501
14 107349540 6 9.83542e-05 61004 0.00284261
15 102531392 14 0.000229493 61004 0.00693333
16 90354753 12 0.000196708 61004 0.00675974
17 81195210 9 0.000147531 61004 0.00563097
18 78077248 12 0.000196708 61004 0.00780589
19 59128983 18 0.000295063 61004 0.0154483
20 63025520 32 0.000524556 61004 0.0258402
21 48129895 7 0.000114747 61004 0.007403
22 51304566 5 8.19618e-05 61004 0.00496738
X 155270560 37 0.000606518 61004 0.0121061
Y 59373566 3 4.91771e-05 61004 0.00257472
