1 249250621 2192 0.0698 31404 0.86816
2 243199373 2107 0.0670934 31404 0.855783
3 198022430 1955 0.0622532 31404 0.975756
4 191154276 2977 0.0947968 31404 1.53891
5 180915260 1895 0.0603426 31404 1.03504
6 171115067 2758 0.0878232 31404 1.591
7 159138663 1946 0.0619666 31404 1.20793
8 146364022 1460 0.0464909 31404 0.984977
9 141213431 1904 0.0606292 31404 1.33251
10 135534747 1367 0.0435295 31404 0.996098
11 135006516 1067 0.0339766 31404 0.78107
12 133851895 1276 0.0406318 31404 0.94055
13 115169878 1611 0.0512992 31404 1.38273
14 107349540 981 0.0312381 31404 0.902834
15 102531392 735 0.0234047 31404 0.707089
16 90354753 818 0.0260476 31404 0.895108
17 81195210 363 0.011559 31404 0.441185
18 78077248 307 0.00977582 31404 0.38793
19 59128983 351 0.0111769 31404 0.585179
20 63025520 185 0.00589097 31404 0.290196
21 48129895 272 0.00866132 31404 0.558795
22 51304566 76 0.00242007 31404 0.146671
X 155270560 1797 0.057222 31404 1.14216
Y 59373566 16 0.000509489 31404 0.0266748
