1 249250621 7490 0.0963691 77722 1.19862
2 243199373 6170 0.0793855 77722 1.01257
3 198022430 6063 0.0780088 77722 1.22271
4 191154276 5670 0.0729523 77722 1.18429
5 180915260 4729 0.0608451 77722 1.04365
6 171115067 5009 0.0644476 77722 1.16753
7 159138663 4136 0.0532153 77722 1.03734
8 146364022 3327 0.0428064 77722 0.906916
9 141213431 3035 0.0390494 77722 0.858229
10 135534747 2117 0.0272381 77722 0.623298
11 135006516 2966 0.0381617 77722 0.877279
12 133851895 2477 0.03187 77722 0.737731
13 115169878 4542 0.0584391 77722 1.57518
14 107349540 961 0.0123646 77722 0.357358
15 102531392 1270 0.0163403 77722 0.493664
16 90354753 880 0.0113224 77722 0.389086
17 81195210 943 0.012133 77722 0.463091
18 78077248 3034 0.0390366 77722 1.54907
19 59128983 810 0.0104218 77722 0.545642
20 63025520 327 0.0042073 77722 0.207256
21 48129895 1057 0.0135998 77722 0.877403
22 51304566 461 0.0059314 77722 0.359479
X 155270560 4716 0.0606778 77722 1.21113
Y 59373566 52 0.000669051 77722 0.0350289
