1 249250621 9733 0.111327 87427 1.38467
2 243199373 7493 0.0857058 87427 1.09319
3 198022430 5108 0.0584259 87427 0.915766
4 191154276 5094 0.0582658 87427 0.945873
5 180915260 6323 0.0723232 87427 1.24054
6 171115067 6858 0.0784426 87427 1.42106
7 159138663 5554 0.0635273 87427 1.23835
8 146364022 3514 0.0401935 87427 0.851558
9 141213431 2656 0.0303796 87427 0.667684
10 135534747 3402 0.0389125 87427 0.890445
11 135006516 3152 0.0360529 87427 0.828803
12 133851895 3344 0.0382491 87427 0.885395
13 115169878 3824 0.0437393 87427 1.17896
14 107349540 1677 0.0191817 87427 0.554385
15 102531392 1227 0.0140346 87427 0.424005
16 90354753 1067 0.0122045 87427 0.419398
17 81195210 1299 0.0148581 87427 0.567103
18 78077248 2224 0.0254384 87427 1.00946
19 59128983 1262 0.0144349 87427 0.755754
20 63025520 430 0.00491839 87427 0.242285
21 48129895 1413 0.0161621 87427 1.04271
22 51304566 300 0.00343143 87427 0.207966
X 155270560 4309 0.0492868 87427 0.983769
Y 59373566 43 0.000491839 87427 0.0257507
