1 249250621 7600 0.119076 63825 1.48104
2 243199373 6863 0.107528 63825 1.37154
3 198022430 4467 0.0699882 63825 1.09699
4 191154276 4506 0.0705993 63825 1.14609
5 180915260 2528 0.0396083 63825 0.679388
6 171115067 4306 0.0674657 63825 1.22221
7 159138663 3427 0.0536937 63825 1.04666
8 146364022 2720 0.0426165 63825 0.902893
9 141213431 2714 0.0425225 63825 0.934561
10 135534747 2312 0.0362241 63825 0.828926
11 135006516 2640 0.0413631 63825 0.950876
12 133851895 2368 0.0371014 63825 0.85883
13 115169878 2844 0.0445593 63825 1.20106
14 107349540 1344 0.0210576 63825 0.608601
15 102531392 1253 0.0196318 63825 0.593106
16 90354753 1563 0.0244888 63825 0.841541
17 81195210 756 0.0118449 63825 0.452095
18 78077248 1698 0.026604 63825 1.05571
19 59128983 507 0.0079436 63825 0.415895
20 63025520 436 0.00683118 63825 0.336511
21 48129895 469 0.00734822 63825 0.474079
22 51304566 255 0.0039953 63825 0.242139
X 155270560 3018 0.0472855 63825 0.943823
Y 59373566 46 0.000720721 63825 0.0377341
