1 249250621 3824 0.0660643 57883 0.821695
2 243199373 2693 0.0465249 57883 0.59343
3 198022430 5796 0.100133 57883 1.56948
4 191154276 5192 0.0896982 57883 1.45614
5 180915260 4615 0.0797298 57883 1.36758
6 171115067 4877 0.0842562 57883 1.52638
7 159138663 3179 0.0549211 57883 1.07059
8 146364022 3273 0.0565451 57883 1.19799
9 141213431 2419 0.0417912 57883 0.918488
10 135534747 1097 0.018952 57883 0.433685
11 135006516 938 0.0162051 57883 0.372531
12 133851895 2882 0.0497901 57883 1.15255
13 115169878 3852 0.066548 57883 1.79375
14 107349540 1431 0.0247223 57883 0.714517
15 102531392 824 0.0142356 57883 0.430079
16 90354753 1233 0.0213016 57883 0.732013
17 81195210 545 0.00941555 57883 0.359372
18 78077248 1135 0.0196085 57883 0.778116
19 59128983 182 0.00314427 57883 0.164622
20 63025520 573 0.00989928 57883 0.487649
21 48129895 632 0.0109186 57883 0.704424
22 51304566 269 0.00464731 57883 0.281655
X 155270560 3222 0.055664 57883 1.11106
Y 59373566 37 0.00063922 57883 0.033467
