1 249250621 7325 0.0870604 84137 1.08284
2 243199373 7111 0.0845169 84137 1.07802
3 198022430 6077 0.0722274 84137 1.13209
4 191154276 6754 0.0802738 84137 1.30315
5 180915260 5361 0.0637175 84137 1.09292
6 171115067 3985 0.0473632 84137 0.85803
7 159138663 5082 0.0604015 84137 1.17742
8 146364022 4241 0.0504059 84137 1.06792
9 141213431 2868 0.0340873 84137 0.749171
10 135534747 2390 0.0284061 84137 0.650024
11 135006516 2663 0.0316508 84137 0.727604
12 133851895 3198 0.0380094 84137 0.879848
13 115169878 3935 0.046769 84137 1.26062
14 107349540 2002 0.0237945 84137 0.687703
15 102531392 1268 0.0150707 84137 0.455307
16 90354753 1179 0.0140129 84137 0.481542
17 81195210 820 0.00974601 84137 0.371985
18 78077248 1704 0.0202527 84137 0.803678
19 59128983 1026 0.0121944 84137 0.63845
20 63025520 710 0.00843862 84137 0.415695
21 48129895 1145 0.0136088 84137 0.877984
22 51304566 564 0.00670335 84137 0.406264
X 155270560 4585 0.0544945 84137 1.08771
Y 59373566 67 0.00079632 84137 0.0416922
