1 249250621 1985 0.0976774 20322 1.21489
2 243199373 1627 0.080061 20322 1.02119
3 198022430 1351 0.0664797 20322 1.042
4 191154276 1601 0.0787816 20322 1.27892
5 180915260 1255 0.0617557 20322 1.05928
6 171115067 1823 0.0897057 20322 1.6251
7 159138663 1251 0.0615589 20322 1.19998
8 146364022 467 0.02298 20322 0.486865
9 141213431 762 0.0374963 20322 0.824095
10 135534747 677 0.0333137 20322 0.762326
11 135006516 961 0.0472887 20322 1.0871
12 133851895 799 0.039317 20322 0.910116
13 115169878 784 0.0385789 20322 1.03986
14 107349540 570 0.0280484 20322 0.810648
15 102531392 481 0.0236689 20322 0.715073
16 90354753 294 0.0144671 20322 0.497151
17 81195210 302 0.0148607 20322 0.567204
18 78077248 568 0.02795 20322 1.10913
19 59128983 250 0.0123019 20322 0.644081
20 63025520 78 0.0038382 20322 0.189074
21 48129895 367 0.0180592 20322 1.16511
22 51304566 121 0.00595414 20322 0.360857
X 155270560 1200 0.0590493 20322 1.17863
Y 59373566 11 0.000541285 20322 0.0283395
