1 249250621 1836 0.092215 19910 1.14695
2 243199373 1485 0.0745856 19910 0.951347
3 198022430 1809 0.0908589 19910 1.42412
4 191154276 1472 0.0739327 19910 1.20021
5 180915260 1268 0.0636866 19910 1.09239
6 171115067 1614 0.0810648 19910 1.46857
7 159138663 1221 0.061326 19910 1.19544
8 146364022 971 0.0487695 19910 1.03325
9 141213431 851 0.0427423 19910 0.939392
10 135534747 547 0.0274736 19910 0.628687
11 135006516 514 0.0258162 19910 0.593475
12 133851895 802 0.0402813 19910 0.932437
13 115169878 1239 0.06223 19910 1.67736
14 107349540 433 0.0217479 19910 0.628551
15 102531392 454 0.0228026 19910 0.688901
16 90354753 441 0.0221497 19910 0.761157
17 81195210 325 0.0163235 19910 0.623033
18 78077248 431 0.0216474 19910 0.859024
19 59128983 87 0.00436966 19910 0.228778
20 63025520 101 0.00507283 19910 0.249893
21 48129895 252 0.012657 19910 0.816578
22 51304566 178 0.00894023 19910 0.541832
X 155270560 719 0.0361125 19910 0.720809
Y 59373566 8 0.000401808 19910 0.0210371
