1 249250621 13228 0.0759732 174114 0.94494
2 243199373 16674 0.0957648 174114 1.22149
3 198022430 12769 0.073337 174114 1.14948
4 191154276 13766 0.0790631 174114 1.28349
5 180915260 9605 0.055165 174114 0.946227
6 171115067 12643 0.0726133 174114 1.31546
7 159138663 9543 0.0548089 174114 1.0684
8 146364022 8123 0.0466533 174114 0.988418
9 141213431 7055 0.0405194 174114 0.890537
10 135534747 6132 0.0352183 174114 0.805911
11 135006516 8015 0.0460331 174114 1.05823
12 133851895 8347 0.0479399 174114 1.10972
13 115169878 9241 0.0530744 174114 1.43058
14 107349540 4442 0.025512 174114 0.737342
15 102531392 3108 0.0178504 174114 0.539286
16 90354753 2140 0.0122908 174114 0.422364
17 81195210 2569 0.0147547 174114 0.563157
18 78077248 3171 0.0182122 174114 0.722707
19 59128983 1146 0.00658189 174114 0.344602
20 63025520 1440 0.00827044 174114 0.407411
21 48129895 1144 0.00657041 174114 0.423897
22 51304566 716 0.00411225 174114 0.249227
X 155270560 8907 0.0511561 174114 1.02108
Y 59373566 70 0.000402035 174114 0.021049
