1 249250621 21 0.000730079 28764 0.00908059
2 243199373 36 0.00125156 28764 0.0159638
3 198022430 20 0.000695314 28764 0.0108983
4 191154276 17 0.000591017 28764 0.00959442
5 180915260 14 0.00048672 28764 0.00834853
6 171115067 15 0.000521485 28764 0.0094472
7 159138663 21 0.000730079 28764 0.0142316
8 146364022 13 0.000451954 28764 0.00957529
9 141213431 4 0.000139063 28764 0.00305632
10 135534747 22 0.000764845 28764 0.0175022
11 135006516 13 0.000451954 28764 0.0103897
12 133851895 14 0.00048672 28764 0.0112667
13 115169878 13 0.000451954 28764 0.012182
14 107349540 7 0.00024336 28764 0.00703352
15 102531392 6 0.000208594 28764 0.00630194
16 90354753 5 0.000173828 28764 0.00597348
17 81195210 1 3.47657e-05 28764 0.00132693
18 78077248 4 0.000139063 28764 0.00551836
19 59128983 5 0.000173828 28764 0.00910096
20 63025520 18 0.000625782 28764 0.0308267
21 48129895 1 3.47657e-05 28764 0.00224295
22 51304566 2 6.95314e-05 28764 0.00421402
X 155270560 6 0.000208594 28764 0.00416355
Y 59373566 1 3.47657e-05 28764 0.00182019
