1 249250621 6587 0.0927407 71026 1.15349
2 243199373 7127 0.100344 71026 1.27989
3 198022430 3762 0.0529665 71026 0.830196
4 191154276 6058 0.0852927 71026 1.38462
5 180915260 4673 0.0657928 71026 1.12852
6 171115067 4699 0.0661589 71026 1.19853
7 159138663 4308 0.0606538 71026 1.18234
8 146364022 3119 0.0439135 71026 0.930371
9 141213431 2856 0.0402106 71026 0.88375
10 135534747 2400 0.0337904 71026 0.773237
11 135006516 2146 0.0302143 71026 0.694581
12 133851895 2814 0.0396193 71026 0.917113
13 115169878 4409 0.0620759 71026 1.6732
14 107349540 1436 0.0202179 71026 0.584334
15 102531392 1531 0.0215555 71026 0.651223
16 90354753 774 0.0108974 71026 0.374482
17 81195210 724 0.0101935 71026 0.389063
18 78077248 1296 0.0182468 71026 0.724081
19 59128983 1151 0.0162053 71026 0.848447
20 63025520 507 0.00713823 71026 0.351637
21 48129895 252 0.003548 71026 0.228903
22 51304566 334 0.0047025 71026 0.285
X 155270560 5266 0.0741419 71026 1.47988
Y 59373566 54 0.000760285 71026 0.0398055
