1 249250621 14647 0.0841965 173962 1.04722
2 243199373 12735 0.0732056 173962 0.933745
3 198022430 11859 0.0681701 173962 1.0685
4 191154276 12503 0.071872 173962 1.16675
5 180915260 9410 0.0540923 173962 0.927826
6 171115067 10738 0.0617261 173962 1.11823
7 159138663 13014 0.0748094 173962 1.45827
8 146364022 8763 0.0503731 173962 1.06723
9 141213431 5845 0.0335993 173962 0.738446
10 135534747 3493 0.0200791 173962 0.459476
11 135006516 4602 0.0264541 173962 0.608139
12 133851895 4622 0.026569 173962 0.615024
13 115169878 7493 0.0430726 173962 1.16099
14 107349540 1846 0.0106115 173962 0.306691
15 102531392 3722 0.0213955 173962 0.646389
16 90354753 2399 0.0137904 173962 0.473896
17 81195210 2850 0.0163829 173962 0.625301
18 78077248 3515 0.0202056 173962 0.801808
19 59128983 1300 0.0074729 173962 0.391251
20 63025520 1691 0.00972051 173962 0.478843
21 48129895 1643 0.00944459 173962 0.609328
22 51304566 1554 0.00893299 173962 0.541393
X 155270560 13477 0.0774709 173962 1.54633
Y 59373566 126 0.000724296 173962 0.0379213
