1 249250621 29 0.0011472 25279 0.0142686
2 243199373 23 0.000909846 25279 0.0116052
3 198022430 21 0.000830729 25279 0.0130208
4 191154276 14 0.000553819 25279 0.00899057
5 180915260 30 0.00118676 25279 0.020356
6 171115067 11 0.000435144 25279 0.00788304
7 159138663 25 0.000988963 25279 0.019278
8 146364022 24 0.000949405 25279 0.0201145
9 141213431 18 0.000712053 25279 0.0156495
10 135534747 13 0.000514261 25279 0.011768
11 135006516 7 0.00027691 25279 0.00636574
12 133851895 3 0.000118676 25279 0.00274712
13 115169878 27 0.00106808 25279 0.0287892
14 107349540 9 0.000356027 25279 0.0102898
15 102531392 7 0.00027691 25279 0.00836585
16 90354753 2 7.91171e-05 25279 0.0027188
17 81195210 7 0.00027691 25279 0.0105691
18 78077248 7 0.00027691 25279 0.0109885
19 59128983 6 0.000237351 25279 0.0124268
20 63025520 15 0.000593378 25279 0.0292304
21 48129895 0 0 25279 0
22 51304566 2 7.91171e-05 25279 0.00479497
X 155270560 18 0.000712053 25279 0.0142126
Y 59373566 1 3.95585e-05 25279 0.00207113
