1 249250621 6045 0.0802022 75372 0.99754
2 243199373 7013 0.0930452 75372 1.1868
3 198022430 4808 0.0637903 75372 0.999847
4 191154276 6500 0.0862389 75372 1.39998
5 180915260 6010 0.0797378 75372 1.36772
6 171115067 5149 0.0683145 75372 1.23758
7 159138663 4377 0.058072 75372 1.13201
8 146364022 3042 0.0403598 75372 0.855081
9 141213431 2531 0.0335801 75372 0.738024
10 135534747 2469 0.0327575 75372 0.7496
11 135006516 2205 0.0292549 75372 0.672526
12 133851895 2676 0.0355039 75372 0.82185
13 115169878 4235 0.056188 75372 1.5145
14 107349540 2246 0.0297989 75372 0.861239
15 102531392 1145 0.0151913 75372 0.458952
16 90354753 1308 0.0173539 75372 0.596355
17 81195210 1141 0.0151382 75372 0.577796
18 78077248 2151 0.0285384 75372 1.13248
19 59128983 687 0.00911479 75372 0.477214
20 63025520 856 0.011357 75372 0.559458
21 48129895 708 0.00939341 75372 0.606026
22 51304566 355 0.00470997 75372 0.285453
X 155270560 3531 0.0468476 75372 0.935083
Y 59373566 34 0.000451096 75372 0.0236176
