1 249250621 12 0.00217077 5528 0.0269996
2 243199373 6 0.00108538 5528 0.0138442
3 198022430 2 0.000361795 5528 0.00567076
4 191154276 3 0.000542692 5528 0.00880993
5 180915260 0 0 5528 0
6 171115067 4 0.000723589 5528 0.0131085
7 159138663 0 0 5528 0
8 146364022 1 0.000180897 5528 0.00383257
9 141213431 4 0.000723589 5528 0.0159031
10 135534747 1 0.000180897 5528 0.00413953
11 135006516 3 0.000542692 5528 0.0124757
12 133851895 6 0.00108538 5528 0.0251246
13 115169878 12 0.00217077 5528 0.0585112
14 107349540 0 0 5528 0
15 102531392 0 0 5528 0
16 90354753 3 0.000542692 5528 0.0186492
17 81195210 3 0.000542692 5528 0.0207134
18 78077248 3 0.000542692 5528 0.0215354
19 59128983 3 0.000542692 5528 0.0284132
20 63025520 2 0.000361795 5528 0.0178224
21 48129895 3 0.000542692 5528 0.0350124
22 51304566 0 0 5528 0
X 155270560 2 0.000361795 5528 0.00722145
Y 59373566 1 0.000180897 5528 0.00947106
