1 249250621 60 0.00184627 32498 0.0229635
2 243199373 72 0.00221552 32498 0.0282592
3 198022430 45 0.0013847 32498 0.0217038
4 191154276 4678 0.143947 32498 2.33681
5 180915260 237 0.00729276 32498 0.12509
6 171115067 1088 0.033479 32498 0.606503
7 159138663 5293 0.162872 32498 3.17488
8 146364022 1851 0.0569574 32498 1.20672
9 141213431 116 0.00356945 32498 0.0784495
10 135534747 1406 0.0432642 32498 0.990027
11 135006516 37 0.00113853 32498 0.0261731
12 133851895 4038 0.124254 32498 2.87625
13 115169878 3401 0.104653 32498 2.82082
14 107349540 1323 0.0407102 32498 1.1766
15 102531392 12 0.000369253 32498 0.0111557
16 90354753 22 0.000676965 32498 0.0232634
17 81195210 657 0.0202166 32498 0.771627
18 78077248 3391 0.104345 32498 4.14067
19 59128983 930 0.0286171 32498 1.49828
20 63025520 8 0.000246169 32498 0.0121266
21 48129895 76 0.00233861 32498 0.150878
22 51304566 331 0.0101852 32498 0.617287
X 155270560 1743 0.0536341 32498 1.07054
Y 59373566 15 0.000461567 32498 0.0241658
