1 249250621 3451 0.0829847 41586 1.03215
2 243199373 2519 0.0605733 41586 0.772618
3 198022430 3276 0.0787765 41586 1.23474
4 191154276 3328 0.0800269 41586 1.29914
5 180915260 3671 0.0882749 41586 1.51415
6 171115067 2635 0.0633627 41586 1.14787
7 159138663 2631 0.0632665 41586 1.23326
8 146364022 1619 0.0389314 41586 0.824817
9 141213431 1218 0.0292887 41586 0.643708
10 135534747 1416 0.0340499 41586 0.779174
11 135006516 2078 0.0499687 41586 1.14871
12 133851895 1834 0.0441014 41586 1.02087
13 115169878 1901 0.0457125 41586 1.23214
14 107349540 1187 0.0285433 41586 0.82495
15 102531392 624 0.015005 41586 0.453325
16 90354753 500 0.0120233 41586 0.413171
17 81195210 579 0.013923 41586 0.53141
18 78077248 934 0.0224595 41586 0.891249
19 59128983 283 0.00680517 41586 0.356292
20 63025520 367 0.00882509 41586 0.434733
21 48129895 669 0.0160871 41586 1.03788
22 51304566 195 0.00468908 41586 0.284187
X 155270560 2471 0.059419 41586 1.18601
Y 59373566 30 0.000721397 41586 0.0377695
