1 249250621 7153 0.0820891 87137 1.02101
2 243199373 9312 0.106866 87137 1.36309
3 198022430 6216 0.0713359 87137 1.11812
4 191154276 5265 0.0604221 87137 0.980878
5 180915260 6174 0.0708539 87137 1.21533
6 171115067 5054 0.0580006 87137 1.05074
7 159138663 5553 0.0637272 87137 1.24225
8 146364022 4572 0.0524691 87137 1.11163
9 141213431 2987 0.0342794 87137 0.753392
10 135534747 3326 0.0381698 87137 0.87345
11 135006516 3530 0.0405109 87137 0.931286
12 133851895 3512 0.0403043 87137 0.932971
13 115169878 5554 0.0637387 87137 1.71802
14 107349540 1625 0.0186488 87137 0.538982
15 102531392 1107 0.0127041 87137 0.383811
16 90354753 1308 0.0150108 87137 0.515837
17 81195210 1535 0.0176159 87137 0.672364
18 78077248 1812 0.0207948 87137 0.825192
19 59128983 717 0.00822842 87137 0.430807
20 63025520 898 0.0103056 87137 0.507666
21 48129895 752 0.00863009 87137 0.55678
22 51304566 367 0.00421176 87137 0.255258
X 155270560 4822 0.0553381 87137 1.10455
Y 59373566 32 0.000367238 87137 0.0192271
