1 249250621 4344 0.110816 39200 1.37831
2 243199373 2802 0.0714796 39200 0.911729
3 198022430 1127 0.02875 39200 0.450627
4 191154276 3284 0.0837755 39200 1.35999
5 180915260 2879 0.0734439 39200 1.25976
6 171115067 3711 0.0946684 39200 1.71501
7 159138663 2252 0.057449 39200 1.11986
8 146364022 1289 0.0328827 39200 0.696666
9 141213431 1139 0.0290561 39200 0.638596
10 135534747 1980 0.0505102 39200 1.15584
11 135006516 1774 0.0452551 39200 1.04035
12 133851895 1226 0.0312755 39200 0.72397
13 115169878 2161 0.0551276 39200 1.48592
14 107349540 752 0.0191837 39200 0.554441
15 102531392 1019 0.0259949 39200 0.785344
16 90354753 550 0.0140306 39200 0.482152
17 81195210 659 0.0168112 39200 0.64165
18 78077248 856 0.0218367 39200 0.866537
19 59128983 316 0.00806122 39200 0.422054
20 63025520 374 0.00954082 39200 0.469991
21 48129895 213 0.00543367 39200 0.35056
22 51304566 316 0.00806122 39200 0.488559
X 155270560 2219 0.0566071 39200 1.12988
Y 59373566 30 0.000765306 39200 0.0400684
