1 249250621 8 0.000464576 17220 0.00577831
2 243199373 17 0.000987224 17220 0.0125921
3 198022430 8 0.000464576 17220 0.00728176
4 191154276 17 0.000987224 17220 0.0160264
5 180915260 7 0.000406504 17220 0.00697263
6 171115067 17 0.000987224 17220 0.0178845
7 159138663 26 0.00150987 17220 0.0294322
8 146364022 8 0.000464576 17220 0.00984271
9 141213431 7 0.000406504 17220 0.00893416
10 135534747 11 0.000638792 17220 0.0146177
11 135006516 2 0.000116144 17220 0.00266998
12 133851895 9 0.000522648 17220 0.0120983
13 115169878 10 0.00058072 17220 0.0156528
14 107349540 1 5.8072e-05 17220 0.00167838
15 102531392 4 0.000232288 17220 0.00701777
16 90354753 0 0 17220 0
17 81195210 2 0.000116144 17220 0.00443298
18 78077248 3 0.000174216 17220 0.00691333
19 59128983 0 0 17220 0
20 63025520 9 0.000522648 17220 0.0257462
21 48129895 3 0.000174216 17220 0.0112397
22 51304566 3 0.000174216 17220 0.0105585
X 155270560 14 0.000813008 17220 0.0162277
Y 59373566 0 0 17220 0
