1 249250621 6018 0.0848969 70886 1.05593
2 243199373 3810 0.0537483 70886 0.685565
3 198022430 5767 0.081356 70886 1.27517
4 191154276 5330 0.0751912 70886 1.22064
5 180915260 3844 0.0542279 70886 0.930153
6 171115067 4614 0.0650904 70886 1.17917
7 159138663 4171 0.058841 70886 1.147
8 146364022 3250 0.0458483 70886 0.971362
9 141213431 2726 0.0384561 70886 0.845189
10 135534747 2890 0.0407697 70886 0.932945
11 135006516 2316 0.0326722 70886 0.751085
12 133851895 2883 0.0406709 70886 0.941457
13 115169878 4541 0.0640606 70886 1.7267
14 107349540 1794 0.0253082 70886 0.731452
15 102531392 1227 0.0173095 70886 0.522945
16 90354753 1502 0.021189 70886 0.728143
17 81195210 732 0.0103264 70886 0.394139
18 78077248 2073 0.0292441 70886 1.16048
19 59128983 411 0.00579804 70886 0.303562
20 63025520 470 0.00663036 70886 0.326619
21 48129895 924 0.013035 70886 0.840969
22 51304566 334 0.00471179 70886 0.285563
X 155270560 3598 0.0507576 70886 1.01312
Y 59373566 46 0.000648929 70886 0.0339754
