1 249250621 11386 0.0998124 114074 1.24145
2 243199373 9260 0.0811754 114074 1.0354
3 198022430 8948 0.0784403 114074 1.22947
4 191154276 6927 0.0607237 114074 0.985775
5 180915260 7891 0.0691744 114074 1.18652
6 171115067 7570 0.0663604 114074 1.20218
7 159138663 7681 0.0673335 114074 1.31254
8 146364022 4856 0.0425689 114074 0.901883
9 141213431 3632 0.031839 114074 0.699758
10 135534747 4716 0.0413416 114074 0.946032
11 135006516 5567 0.0488017 114074 1.12188
12 133851895 5799 0.0508354 114074 1.17675
13 115169878 4452 0.0390273 114074 1.05195
14 107349540 2639 0.0231341 114074 0.668616
15 102531392 2689 0.0235724 114074 0.712158
16 90354753 1591 0.0139471 114074 0.479281
17 81195210 881 0.00772306 114074 0.294773
18 78077248 3724 0.0326455 114074 1.29546
19 59128983 620 0.00543507 114074 0.284559
20 63025520 593 0.00519838 114074 0.256078
21 48129895 1018 0.00892403 114074 0.575744
22 51304566 632 0.00554026 114074 0.335774
X 155270560 4574 0.0400968 114074 0.800335
Y 59373566 60 0.000525974 114074 0.0275379
