1 249250621 4801 0.0884912 54254 1.10064
2 243199373 4763 0.0877908 54254 1.11978
3 198022430 4452 0.0820585 54254 1.28618
4 191154276 3923 0.072308 54254 1.17383
5 180915260 3552 0.0654698 54254 1.12298
6 171115067 4015 0.0740038 54254 1.34065
7 159138663 2041 0.0376193 54254 0.733321
8 146364022 2256 0.0415822 54254 0.880979
9 141213431 1695 0.0312419 54254 0.686636
10 135534747 2357 0.0434438 54254 0.994137
11 135006516 2508 0.046227 54254 1.06269
12 133851895 1799 0.0331588 54254 0.767566
13 115169878 3302 0.0608619 54254 1.64048
14 107349540 1102 0.0203119 54254 0.587048
15 102531392 875 0.0161278 54254 0.487246
16 90354753 1051 0.0193718 54254 0.665699
17 81195210 409 0.00753861 54254 0.287733
18 78077248 1177 0.0216943 54254 0.860883
19 59128983 388 0.00715155 54254 0.374427
20 63025520 303 0.00558484 54254 0.275115
21 48129895 428 0.00788882 54254 0.508956
22 51304566 173 0.0031887 54254 0.193255
X 155270560 3673 0.0677001 54254 1.3513
Y 59373566 41 0.000755705 54254 0.0395657
