1 249250621 9 0.00066509 13532 0.00827227
2 243199373 11 0.000812888 13532 0.0103685
3 198022430 11 0.000812888 13532 0.0127412
4 191154276 6 0.000443393 13532 0.00719795
5 180915260 7 0.000517292 13532 0.00887294
6 171115067 13 0.000960686 13532 0.0174037
7 159138663 16 0.00118238 13532 0.0230484
8 146364022 4 0.000295596 13532 0.00626262
9 141213431 3 0.000221697 13532 0.00487246
10 135534747 1 7.38989e-05 13532 0.00169105
11 135006516 4 0.000295596 13532 0.0067953
12 133851895 4 0.000295596 13532 0.00684249
13 115169878 5 0.000369495 13532 0.00995942
14 107349540 1 7.38989e-05 13532 0.00213581
15 102531392 3 0.000221697 13532 0.00669779
16 90354753 3 0.000221697 13532 0.00761844
17 81195210 2 0.000147798 13532 0.00564114
18 78077248 2 0.000147798 13532 0.00586499
19 59128983 1 7.38989e-05 13532 0.00386905
20 63025520 3 0.000221697 13532 0.010921
21 48129895 4 0.000295596 13532 0.0190707
22 51304566 0 0 13532 0
X 155270560 10 0.000738989 13532 0.0147503
Y 59373566 0 0 13532 0
