1 249250621 5473 0.111041 49288 1.38111
2 243199373 4479 0.090874 49288 1.15911
3 198022430 80 0.00162311 49288 0.0254406
4 191154276 6395 0.129748 49288 2.10629
5 180915260 6952 0.141049 49288 2.41936
6 171115067 3336 0.0676838 49288 1.22616
7 159138663 2896 0.0587567 49288 1.14535
8 146364022 28 0.00056809 49288 0.0120358
9 141213431 1939 0.0393402 49288 0.86462
10 135534747 3464 0.0702808 49288 1.60826
11 135006516 45 0.000913001 49288 0.0209885
12 133851895 1890 0.038346 49288 0.88764
13 115169878 869 0.0176311 49288 0.475231
14 107349540 2560 0.0519396 49288 1.50115
15 102531392 11 0.000223178 49288 0.00674254
16 90354753 23 0.000466645 49288 0.0160359
17 81195210 2022 0.0410242 49288 1.56581
18 78077248 3037 0.0616174 49288 2.44514
19 59128983 28 0.00056809 49288 0.0297429
20 63025520 15 0.000304334 49288 0.0149918
21 48129895 532 0.0107937 49288 0.696368
22 51304566 514 0.0104285 49288 0.63203
X 155270560 66 0.00133907 49288 0.0267279
Y 59373566 9 0.0001826 49288 0.00956022
