1 249250621 6413 0.0830388 77229 1.03282
2 243199373 6452 0.0835437 77229 1.06561
3 198022430 3796 0.0491525 77229 0.770416
4 191154276 5014 0.0649238 77229 1.05396
5 180915260 6103 0.0790247 77229 1.35548
6 171115067 5255 0.0680444 77229 1.23269
7 159138663 4178 0.0540988 77229 1.05456
8 146364022 4868 0.0630333 77229 1.33545
9 141213431 3170 0.0410468 77229 0.902127
10 135534747 3667 0.0474822 77229 1.08655
11 135006516 2441 0.0316073 77229 0.726605
12 133851895 3618 0.0468477 77229 1.08444
13 115169878 4531 0.0586697 77229 1.58139
14 107349540 1191 0.0154217 77229 0.445713
15 102531392 1153 0.0149296 77229 0.451046
16 90354753 1944 0.0251719 77229 0.865013
17 81195210 506 0.00655194 77229 0.250074
18 78077248 754 0.00976317 77229 0.387427
19 59128983 983 0.0127284 77229 0.666407
20 63025520 659 0.00853306 77229 0.420348
21 48129895 686 0.00888267 77229 0.573076
22 51304566 208 0.00269329 77229 0.16323
X 155270560 6297 0.0815367 77229 1.62748
Y 59373566 67 0.00086755 77229 0.0454215
