1 249250621 6936 0.0935767 74121 1.16389
2 243199373 7440 0.100376 74121 1.28031
3 198022430 3079 0.0415402 74121 0.6511
4 191154276 6167 0.0832018 74121 1.35068
5 180915260 3880 0.0523468 74121 0.897887
6 171115067 4218 0.0569069 74121 1.03092
7 159138663 3939 0.0531428 74121 1.03592
8 146364022 3561 0.0480431 74121 1.01786
9 141213431 2521 0.034012 74121 0.747515
10 135534747 3063 0.0413243 74121 0.945637
11 135006516 3744 0.050512 74121 1.1612
12 133851895 2695 0.0363595 74121 0.841654
13 115169878 2200 0.0296812 74121 0.800032
14 107349540 1961 0.0264567 74121 0.764646
15 102531392 1246 0.0168104 74121 0.507866
16 90354753 2137 0.0288312 74121 0.990764
17 81195210 1186 0.0160009 74121 0.61072
18 78077248 1719 0.0231918 74121 0.92031
19 59128983 643 0.008675 74121 0.454189
20 63025520 1104 0.0148946 74121 0.733722
21 48129895 617 0.00832423 74121 0.537047
22 51304566 521 0.00702905 74121 0.426003
X 155270560 5756 0.0776568 74121 1.55004
Y 59373566 33 0.000445218 74121 0.0233098
