1 249250621 5464 0.054715 99863 0.680534
2 243199373 8847 0.0885914 99863 1.12999
3 198022430 7104 0.0711375 99863 1.11501
4 191154276 7757 0.0776764 99863 1.26098
5 180915260 6938 0.0694752 99863 1.19168
6 171115067 7151 0.0716081 99863 1.29725
7 159138663 6994 0.0700359 99863 1.36522
8 146364022 4499 0.0450517 99863 0.954486
9 141213431 3372 0.0337663 99863 0.742116
10 135534747 3073 0.0307722 99863 0.704168
11 135006516 5440 0.0544746 99863 1.25229
12 133851895 4458 0.0446412 99863 1.03336
13 115169878 7216 0.072259 99863 1.94768
14 107349540 3091 0.0309524 99863 0.894578
15 102531392 841 0.00842154 99863 0.254427
16 90354753 376 0.00376516 99863 0.129387
17 81195210 971 0.00972332 99863 0.371119
18 78077248 2924 0.0292801 99863 1.16191
19 59128983 765 0.00766049 99863 0.401073
20 63025520 369 0.00369506 99863 0.182023
21 48129895 500 0.00500686 99863 0.323023
22 51304566 313 0.00313429 99863 0.189957
X 155270560 6105 0.0611338 99863 1.22023
Y 59373566 78 0.00078107 99863 0.0408937
