1 249250621 9219 0.0804289 114623 1.00036
2 243199373 10622 0.092669 114623 1.182
3 198022430 8293 0.0723502 114623 1.13402
4 191154276 7056 0.0615583 114623 0.999323
5 180915260 8896 0.077611 114623 1.33123
6 171115067 7253 0.063277 114623 1.14632
7 159138663 7253 0.063277 114623 1.23347
8 146364022 4944 0.0431327 114623 0.913828
9 141213431 3492 0.0304651 114623 0.669562
10 135534747 4747 0.041414 114623 0.947689
11 135006516 3297 0.0287639 114623 0.661238
12 133851895 5406 0.0471633 114623 1.09174
13 115169878 6371 0.0555822 114623 1.49817
14 107349540 2642 0.0230495 114623 0.66617
15 102531392 2020 0.017623 114623 0.532417
16 90354753 1780 0.0155292 114623 0.533648
17 81195210 1727 0.0150668 114623 0.575068
18 78077248 2111 0.0184169 114623 0.730829
19 59128983 1079 0.00941347 114623 0.492852
20 63025520 295 0.00257365 114623 0.126781
21 48129895 2199 0.0191846 114623 1.23772
22 51304566 570 0.00497282 114623 0.301383
X 155270560 6131 0.0534884 114623 1.06763
Y 59373566 67 0.000584525 114623 0.0306034
