1 249250621 2985 0.0805016 37080 1.00126
2 243199373 3055 0.0823894 37080 1.05089
3 198022430 2612 0.0704423 37080 1.10411
4 191154276 2683 0.0723571 37080 1.17463
5 180915260 2562 0.0690939 37080 1.18514
6 171115067 2491 0.0671791 37080 1.21701
7 159138663 1860 0.0501618 37080 0.977813
8 146364022 1526 0.0411543 37080 0.871912
9 141213431 1491 0.0402104 37080 0.883744
10 135534747 1330 0.0358684 37080 0.820787
11 135006516 1394 0.0375944 37080 0.864239
12 133851895 1431 0.0385922 37080 0.893339
13 115169878 1425 0.0384304 37080 1.03586
14 107349540 1070 0.0288565 37080 0.834004
15 102531392 748 0.0201726 37080 0.609444
16 90354753 543 0.014644 37080 0.503231
17 81195210 466 0.0125674 37080 0.479673
18 78077248 1071 0.0288835 37080 1.14617
19 59128983 503 0.0135653 37080 0.710223
20 63025520 259 0.0069849 37080 0.344084
21 48129895 289 0.00779396 37080 0.502836
22 51304566 315 0.00849515 37080 0.514857
X 155270560 2575 0.0694444 37080 1.38612
Y 59373566 26 0.000701187 37080 0.0367113
