1 249250621 5702 0.0775076 73567 0.964025
2 243199373 7003 0.0951921 73567 1.21419
3 198022430 4863 0.066103 73567 1.0361
4 191154276 6510 0.0884908 73567 1.43654
5 180915260 5325 0.072383 73567 1.24156
6 171115067 3928 0.0533935 73567 0.967274
7 159138663 3183 0.0432667 73567 0.843405
8 146364022 3607 0.0490301 73567 1.03877
9 141213431 2724 0.0370275 73567 0.813791
10 135534747 2377 0.0323107 73567 0.739375
11 135006516 3730 0.0507021 73567 1.16557
12 133851895 2284 0.0310465 73567 0.71867
13 115169878 3996 0.0543178 73567 1.46409
14 107349540 1855 0.0252151 73567 0.72876
15 102531392 1090 0.0148164 73567 0.447626
16 90354753 1182 0.016067 73567 0.55213
17 81195210 814 0.0110647 73567 0.422318
18 78077248 1291 0.0175486 73567 0.696374
19 59128983 539 0.00732665 73567 0.383594
20 63025520 1076 0.0146261 73567 0.720499
21 48129895 999 0.0135795 73567 0.876094
22 51304566 416 0.00565471 73567 0.34271
X 155270560 4114 0.0559218 73567 1.1162
Y 59373566 50 0.000679653 73567 0.0355839
