1 249250621 145 0.00104094 139297 0.012947
2 243199373 150 0.00107684 139297 0.0137352
3 198022430 125 0.000897363 139297 0.0140653
4 191154276 122 0.000875826 139297 0.014218
5 180915260 98 0.000703533 139297 0.0120675
6 171115067 107 0.000768143 139297 0.0139156
7 159138663 132 0.000947616 139297 0.018472
8 146364022 92 0.000660459 139297 0.0139928
9 141213431 58 0.000416377 139297 0.00915113
10 135534747 80 0.000574312 139297 0.0131422
11 135006516 91 0.00065328 139297 0.0150179
12 133851895 66 0.000473808 139297 0.0109678
13 115169878 79 0.000567134 139297 0.0152866
14 107349540 45 0.000323051 139297 0.00933673
15 102531392 29 0.000208188 139297 0.00628968
16 90354753 41 0.000294335 139297 0.0101146
17 81195210 28 0.000201009 139297 0.00767211
18 78077248 53 0.000380482 139297 0.0150985
19 59128983 23 0.000165115 139297 0.00864476
20 63025520 78 0.000559955 139297 0.027584
21 48129895 14 0.000100505 139297 0.00648417
22 51304566 21 0.000150757 139297 0.00913679
X 155270560 83 0.000595849 139297 0.0118932
Y 59373566 1 7.17891e-06 139297 0.000375859
