1 249250621 4367 0.0891334 48994 1.10862
2 243199373 3259 0.0665183 48994 0.848448
3 198022430 3281 0.0669674 48994 1.04965
4 191154276 4084 0.0833571 48994 1.3532
5 180915260 2425 0.0494959 48994 0.848986
6 171115067 3645 0.0743969 48994 1.34777
7 159138663 2658 0.0542515 48994 1.05753
8 146364022 1594 0.0325346 48994 0.689292
9 141213431 2198 0.0448626 48994 0.985992
10 135534747 2072 0.0422909 48994 0.967755
11 135006516 2324 0.0474344 48994 1.09045
12 133851895 1788 0.0364943 48994 0.844775
13 115169878 2759 0.056313 48994 1.51787
14 107349540 1197 0.0244316 48994 0.706115
15 102531392 665 0.0135731 48994 0.410063
16 90354753 671 0.0136956 48994 0.470638
17 81195210 509 0.010389 48994 0.396528
18 78077248 1564 0.0319223 48994 1.26676
19 59128983 481 0.00981753 48994 0.514007
20 63025520 641 0.0130832 48994 0.644494
21 48129895 192 0.00391885 48994 0.252829
22 51304566 228 0.00465363 48994 0.282038
X 155270560 3109 0.0634567 48994 1.2666
Y 59373566 36 0.000734784 48994 0.0384704
