1 249250621 19 0.00119723 15870 0.0148909
2 243199373 13 0.000819156 15870 0.0104484
3 198022430 6 0.000378072 15870 0.00592589
4 191154276 16 0.00100819 15870 0.0163667
5 180915260 19 0.00119723 15870 0.0205356
6 171115067 18 0.00113422 15870 0.0205474
7 159138663 14 0.000882168 15870 0.0171962
8 146364022 7 0.000441084 15870 0.009345
9 141213431 10 0.00063012 15870 0.0138488
10 135534747 5 0.00031506 15870 0.00720961
11 135006516 8 0.000504096 15870 0.0115884
12 133851895 5 0.00031506 15870 0.00729305
13 115169878 11 0.000693132 15870 0.0186828
14 107349540 1 6.3012e-05 15870 0.00182116
15 102531392 7 0.000441084 15870 0.0133258
16 90354753 3 0.000189036 15870 0.00649608
17 81195210 4 0.000252048 15870 0.00962015
18 78077248 2 0.000126024 15870 0.00500095
19 59128983 1 6.3012e-05 15870 0.00329906
20 63025520 9 0.000567108 15870 0.0279363
21 48129895 2 0.000126024 15870 0.00813058
22 51304566 0 0 15870 0
X 155270560 7 0.000441084 15870 0.00880407
Y 59373566 0 0 15870 0
