1 249250621 52 0.00104284 49864 0.0129706
2 243199373 67 0.00134365 49864 0.0171385
3 198022430 47 0.000942564 49864 0.0147737
4 191154276 45 0.000902455 49864 0.0146502
5 180915260 28 0.000561527 49864 0.00963169
6 171115067 54 0.00108295 49864 0.0196186
7 159138663 60 0.00120327 49864 0.0234556
8 146364022 32 0.000641746 49864 0.0135963
9 141213431 35 0.000701909 49864 0.0154266
10 135534747 27 0.000541473 49864 0.0123907
11 135006516 31 0.000621691 49864 0.0142917
12 133851895 40 0.000802182 49864 0.018569
13 115169878 41 0.000822236 49864 0.0221627
14 107349540 21 0.000421146 49864 0.0121718
15 102531392 12 0.000240655 49864 0.00727053
16 90354753 18 0.000360982 49864 0.0124049
17 81195210 8 0.000160436 49864 0.00612353
18 78077248 26 0.000521418 49864 0.0206912
19 59128983 7 0.000140382 49864 0.00734983
20 63025520 36 0.000721964 49864 0.0355647
21 48129895 6 0.000120327 49864 0.00776305
22 51304566 9 0.000180491 49864 0.0109388
X 155270560 36 0.000721964 49864 0.0144105
Y 59373566 0 0 49864 0
