1 249250621 4102 0.0904361 45358 1.12483
2 243199373 3590 0.0791481 45358 1.00954
3 198022430 3534 0.0779135 45358 1.22121
4 191154276 3731 0.0822567 45358 1.33534
5 180915260 2256 0.0497376 45358 0.853133
6 171115067 2160 0.0476211 45358 0.862702
7 159138663 1933 0.0426165 45358 0.830731
8 146364022 2303 0.0507738 45358 1.07572
9 141213431 1891 0.0416906 45358 0.916276
10 135534747 2057 0.0453503 45358 1.03776
11 135006516 1921 0.042352 45358 0.973608
12 133851895 1871 0.0412496 45358 0.954852
13 115169878 2897 0.0638697 45358 1.72155
14 107349540 560 0.0123462 45358 0.356827
15 102531392 1041 0.0229507 45358 0.693376
16 90354753 713 0.0157194 45358 0.540185
17 81195210 757 0.0166894 45358 0.637002
18 78077248 752 0.0165792 45358 0.657905
19 59128983 508 0.0111998 45358 0.586376
20 63025520 398 0.00877464 45358 0.432248
21 48129895 512 0.011288 45358 0.728256
22 51304566 277 0.00610697 45358 0.370119
X 155270560 3366 0.0742096 45358 1.48123
Y 59373566 41 0.00090392 45358 0.0473257
