1 249250621 4520 0.0722841 62531 0.899057
2 243199373 5797 0.092706 62531 1.18247
3 198022430 5344 0.0854616 62531 1.33952
4 191154276 4578 0.0732117 62531 1.1885
5 180915260 4208 0.0672946 62531 1.15428
6 171115067 3449 0.0551566 62531 0.999215
7 159138663 3617 0.0578433 62531 1.12755
8 146364022 3131 0.0500712 62531 1.06083
9 141213431 1973 0.0315524 62531 0.693458
10 135534747 2443 0.0390686 62531 0.894019
11 135006516 2850 0.0455774 62531 1.04776
12 133851895 2173 0.0347508 62531 0.804416
13 115169878 2875 0.0459772 62531 1.23928
14 107349540 732 0.0117062 62531 0.338329
15 102531392 1112 0.0177832 62531 0.537256
16 90354753 1020 0.0163119 62531 0.560547
17 81195210 560 0.00895556 62531 0.341815
18 78077248 1708 0.0273145 62531 1.08391
19 59128983 553 0.00884361 62531 0.463016
20 63025520 597 0.00954726 62531 0.470309
21 48129895 895 0.0143129 62531 0.923413
22 51304566 149 0.00238282 62531 0.144413
X 155270560 5304 0.0848219 62531 1.69305
Y 59373566 34 0.00054373 62531 0.0284676
