1 249250621 6324 0.0679773 93031 0.845489
2 243199373 8189 0.0880244 93031 1.12276
3 198022430 7054 0.0758242 93031 1.18847
4 191154276 7048 0.0757597 93031 1.22987
5 180915260 6795 0.0730402 93031 1.25283
6 171115067 7492 0.0805323 93031 1.45892
7 159138663 5130 0.0551429 93031 1.07491
8 146364022 5097 0.0547882 93031 1.16077
9 141213431 2948 0.0316884 93031 0.696448
10 135534747 3794 0.0407821 93031 0.933229
11 135006516 4998 0.053724 93031 1.23504
12 133851895 1978 0.0212617 93031 0.49217
13 115169878 4739 0.05094 93031 1.37305
14 107349540 2155 0.0231643 93031 0.669489
15 102531392 1949 0.02095 93031 0.632931
16 90354753 798 0.00857779 93031 0.294769
17 81195210 1118 0.0120175 93031 0.458683
18 78077248 2497 0.0268405 93031 1.0651
19 59128983 439 0.00471886 93031 0.247061
20 63025520 727 0.0078146 93031 0.384956
21 48129895 1422 0.0152852 93031 0.986144
22 51304566 299 0.00321398 93031 0.194787
X 155270560 4389 0.0471778 93031 0.941673
Y 59373566 70 0.000752437 93031 0.0393946
