1 249250621 12361 0.0899957 137351 1.11935
2 243199373 9733 0.0708622 137351 0.903855
3 198022430 7960 0.0579537 137351 0.908365
4 191154276 9661 0.070338 137351 1.14185
5 180915260 10110 0.073607 137351 1.26256
6 171115067 9584 0.0697774 137351 1.26408
7 159138663 7652 0.0557113 137351 1.08599
8 146364022 7294 0.0531048 137351 1.1251
9 141213431 5470 0.039825 137351 0.875274
10 135534747 5359 0.0390168 137351 0.892834
11 135006516 4966 0.0361555 137351 0.831162
12 133851895 6347 0.0462101 137351 1.06968
13 115169878 6701 0.0487874 137351 1.31502
14 107349540 3232 0.023531 137351 0.680085
15 102531392 2609 0.0189951 137351 0.573871
16 90354753 1857 0.0135201 137351 0.464608
17 81195210 1689 0.012297 137351 0.46935
18 78077248 3171 0.0230868 137351 0.916144
19 59128983 1333 0.00970506 137351 0.508118
20 63025520 1414 0.0102948 137351 0.507133
21 48129895 1259 0.0091663 137351 0.591374
22 51304566 667 0.00485617 137351 0.294313
X 155270560 9135 0.0665084 137351 1.32751
Y 59373566 70 0.000509643 137351 0.0266829
