1 249250621 4098 0.0927191 44198 1.15322
2 243199373 3315 0.0750034 44198 0.956676
3 198022430 3061 0.0692565 44198 1.08553
4 191154276 3996 0.0904113 44198 1.46772
5 180915260 3239 0.0732839 44198 1.25701
6 171115067 3624 0.0819947 44198 1.48541
7 159138663 2207 0.0499344 44198 0.97338
8 146364022 1928 0.0436219 44198 0.924192
9 141213431 1655 0.0374451 44198 0.82297
10 135534747 1667 0.0377166 44198 0.863081
11 135006516 1993 0.0450925 44198 1.03661
12 133851895 1771 0.0400697 44198 0.927539
13 115169878 2310 0.0522648 44198 1.40875
14 107349540 933 0.0211096 44198 0.610103
15 102531392 707 0.0159962 44198 0.483269
16 90354753 562 0.0127155 44198 0.436959
17 81195210 360 0.00814516 44198 0.310884
18 78077248 741 0.0167655 44198 0.665296
19 59128983 161 0.0036427 44198 0.190717
20 63025520 293 0.00662926 44198 0.326564
21 48129895 311 0.00703652 44198 0.453969
22 51304566 196 0.00443459 44198 0.268763
X 155270560 3269 0.0739626 44198 1.4763
Y 59373566 10 0.000226255 44198 0.0118458
