1 249250621 10656 0.130704 81528 1.62567
2 243199373 9248 0.113433 81528 1.44685
3 198022430 165 0.00202384 81528 0.0317217
4 191154276 127 0.00155775 81528 0.0252881
5 180915260 83 0.00101806 81528 0.0174624
6 171115067 109 0.00133696 81528 0.0242204
7 159138663 4700 0.0576489 81528 1.12376
8 146364022 13176 0.161613 81528 3.42401
9 141213431 3615 0.0443406 81528 0.974519
10 135534747 71 0.000870866 81528 0.0199283
11 135006516 3348 0.0410656 81528 0.944038
12 133851895 69 0.000846335 81528 0.0195911
13 115169878 3267 0.0400721 81528 1.08011
14 107349540 2959 0.0362943 81528 1.04897
15 102531392 3637 0.0446104 81528 1.34775
16 90354753 1411 0.0173069 81528 0.59474
17 81195210 33 0.000404769 81528 0.0154492
18 78077248 6020 0.0738397 81528 2.93015
19 59128983 1631 0.0200054 81528 1.0474
20 63025520 665 0.00815671 81528 0.401808
21 48129895 90 0.00110392 81528 0.0712203
22 51304566 40 0.000490629 81528 0.0297351
X 155270560 12271 0.150513 81528 3.00425
Y 59373566 73 0.000895398 81528 0.0468795
