1 249250621 1688 0.0969446 17412 1.20578
2 243199373 1334 0.0766138 17412 0.977217
3 198022430 1387 0.0796577 17412 1.24855
4 191154276 1370 0.0786814 17412 1.27729
5 180915260 1312 0.0753503 17412 1.29246
6 171115067 1143 0.0656444 17412 1.18921
7 159138663 1132 0.0650126 17412 1.2673
8 146364022 852 0.0489318 17412 1.03669
9 141213431 669 0.0384218 17412 0.844435
10 135534747 480 0.0275672 17412 0.630828
11 135006516 674 0.0387089 17412 0.889861
12 133851895 689 0.0395704 17412 0.915982
13 115169878 1609 0.0924075 17412 2.49077
14 107349540 337 0.0193545 17412 0.559378
15 102531392 220 0.012635 17412 0.381721
16 90354753 206 0.0118309 17412 0.406561
17 81195210 192 0.0110269 17412 0.420873
18 78077248 320 0.0183781 17412 0.729291
19 59128983 55 0.00315874 17412 0.165379
20 63025520 134 0.00769584 17412 0.379106
21 48129895 140 0.00804043 17412 0.518738
22 51304566 46 0.00264186 17412 0.160112
X 155270560 591 0.0339421 17412 0.677487
Y 59373566 10 0.000574317 17412 0.0300689
