1 249250621 28 0.000938023 29850 0.011667
2 243199373 27 0.000904523 29850 0.0115373
3 198022430 34 0.00113903 29850 0.0178531
4 191154276 17 0.000569514 29850 0.00924536
5 180915260 13 0.000435511 29850 0.00747017
6 171115067 12 0.00040201 29850 0.00728279
7 159138663 23 0.000770519 29850 0.0150199
8 146364022 18 0.000603015 29850 0.0127757
9 141213431 8 0.000268007 29850 0.00589026
10 135534747 14 0.000469012 29850 0.0107325
11 135006516 3 0.000100503 29850 0.0023104
12 133851895 6 0.000201005 29850 0.00465289
13 115169878 16 0.000536013 29850 0.0144478
14 107349540 5 0.000167504 29850 0.00484116
15 102531392 10 0.000335008 29850 0.0101211
16 90354753 4 0.000134003 29850 0.00460493
17 81195210 3 0.000100503 29850 0.00383597
18 78077248 3 0.000100503 29850 0.00398819
19 59128983 5 0.000167504 29850 0.00876985
20 63025520 23 0.000770519 29850 0.0379566
21 48129895 0 0 29850 0
22 51304566 1 3.35008e-05 29850 0.00203035
X 155270560 16 0.000536013 29850 0.0106989
Y 59373566 1 3.35008e-05 29850 0.00175397
