1 249250621 8 0.000616143 12984 0.00766347
2 243199373 24 0.00184843 12984 0.0235769
3 198022430 14 0.00107825 12984 0.0169005
4 191154276 15 0.00115527 12984 0.0187544
5 180915260 10 0.000770179 12984 0.0132106
6 171115067 4 0.000308071 12984 0.005581
7 159138663 12 0.000924214 12984 0.0180159
8 146364022 9 0.000693161 12984 0.0146856
9 141213431 4 0.000308071 12984 0.0067708
10 135534747 6 0.000462107 12984 0.0105745
11 135006516 1 7.70179e-05 12984 0.00177053
12 133851895 1 7.70179e-05 12984 0.00178282
13 115169878 3 0.000231054 12984 0.00622786
14 107349540 6 0.000462107 12984 0.0133557
15 102531392 0 0 12984 0
16 90354753 5 0.000385089 12984 0.0132333
17 81195210 1 7.70179e-05 12984 0.00293961
18 78077248 7 0.000539125 12984 0.0213939
19 59128983 3 0.000231054 12984 0.012097
20 63025520 1 7.70179e-05 12984 0.00379398
21 48129895 0 0 12984 0
22 51304566 2 0.000154036 12984 0.0093355
X 155270560 7 0.000539125 12984 0.010761
Y 59373566 0 0 12984 0
