1 249250621 5157 0.0816136 63188 1.01509
2 243199373 5415 0.0856967 63188 1.09307
3 198022430 5865 0.0928183 63188 1.45483
4 191154276 4780 0.0756473 63188 1.22804
5 180915260 4561 0.0721814 63188 1.2381
6 171115067 4562 0.0721973 63188 1.30792
7 159138663 3451 0.0546148 63188 1.06462
8 146364022 2076 0.0328543 63188 0.696067
9 141213431 2964 0.0469076 63188 1.03094
10 135534747 2167 0.0342945 63188 0.784771
11 135006516 1611 0.0254953 63188 0.5861
12 133851895 2425 0.0383775 63188 0.888369
13 115169878 2607 0.0412578 63188 1.11207
14 107349540 1508 0.0238653 63188 0.689748
15 102531392 1149 0.0181838 63188 0.54936
16 90354753 935 0.0147971 63188 0.508492
17 81195210 983 0.0155568 63188 0.593769
18 78077248 1526 0.0241502 63188 0.958339
19 59128983 536 0.00848262 63188 0.444116
20 63025520 430 0.00680509 63188 0.335226
21 48129895 781 0.0123599 63188 0.797416
22 51304566 457 0.00723239 63188 0.438326
X 155270560 2936 0.0464645 63188 0.927436
Y 59373566 29 0.000458948 63188 0.0240287
