1 249250621 4586 0.0765788 59886 0.952473
2 243199373 4122 0.0688308 59886 0.877944
3 198022430 5907 0.0986374 59886 1.54604
4 191154276 5982 0.0998898 59886 1.62159
5 180915260 3525 0.0588618 59886 1.00964
6 171115067 3499 0.0584277 59886 1.05847
7 159138663 3186 0.0532011 59886 1.03706
8 146364022 4689 0.0782988 59886 1.65887
9 141213431 2990 0.0499282 59886 1.09732
10 135534747 1365 0.0227933 59886 0.521586
11 135006516 48 0.000801523 59886 0.0184258
12 133851895 4895 0.0817386 59886 1.8921
13 115169878 3965 0.0662091 59886 1.78461
14 107349540 1508 0.0251812 59886 0.72778
15 102531392 753 0.0125739 59886 0.379876
16 90354753 368 0.00614501 59886 0.211169
17 81195210 569 0.00950139 59886 0.362648
18 78077248 698 0.0116555 59886 0.462519
19 59128983 23 0.000384063 59886 0.020108
20 63025520 499 0.0083325 59886 0.410468
21 48129895 377 0.00629529 59886 0.406148
22 51304566 183 0.00305581 59886 0.1852
X 155270560 3570 0.0596133 59886 1.18989
Y 59373566 41 0.000684634 59886 0.0358447
