1 249250621 18 0.000802282 22436 0.00997863
2 243199373 53 0.00236227 22436 0.0301311
3 198022430 28 0.00124799 22436 0.019561
4 191154276 19 0.000846853 22436 0.0137476
5 180915260 25 0.00111428 22436 0.0191129
6 171115067 18 0.000802282 22436 0.0145341
7 159138663 33 0.00147085 22436 0.0286715
8 146364022 11 0.000490283 22436 0.0103874
9 141213431 27 0.00120342 22436 0.0264489
10 135534747 10 0.000445712 22436 0.0101994
11 135006516 60 0.00267427 22436 0.0614776
12 133851895 39 0.00173828 22436 0.0402379
13 115169878 13 0.000579426 22436 0.0156179
14 107349540 9 0.000401141 22436 0.0115937
15 102531392 5 0.000222856 22436 0.00673281
16 90354753 5 0.000222856 22436 0.00765829
17 81195210 17 0.000757711 22436 0.0289203
18 78077248 7 0.000311999 22436 0.0123809
19 59128983 14 0.000623997 22436 0.03267
20 63025520 17 0.000757711 22436 0.0373257
21 48129895 6 0.000267427 22436 0.0172534
22 51304566 3 0.000133714 22436 0.00810386
X 155270560 13 0.000579426 22436 0.0115654
Y 59373566 0 0 22436 0
