1 249250621 11033 0.0947266 116472 1.17819
2 243199373 11792 0.101243 116472 1.29137
3 198022430 9011 0.0773662 116472 1.21264
4 191154276 9122 0.0783193 116472 1.27142
5 180915260 6268 0.0538155 116472 0.923079
6 171115067 9439 0.0810409 116472 1.46813
7 159138663 3547 0.0304537 116472 0.593639
8 146364022 4718 0.0405076 116472 0.858212
9 141213431 4691 0.0402758 116472 0.885182
10 135534747 3257 0.0279638 116472 0.639904
11 135006516 4848 0.0416237 116472 0.956868
12 133851895 4253 0.0365152 116472 0.84526
13 115169878 7539 0.064728 116472 1.74469
14 107349540 3160 0.027131 116472 0.784132
15 102531392 1002 0.00860293 116472 0.259907
16 90354753 1491 0.0128014 116472 0.439909
17 81195210 1440 0.0123635 116472 0.471889
18 78077248 3488 0.0299471 116472 1.18838
19 59128983 514 0.00441308 116472 0.231051
20 63025520 988 0.00848273 116472 0.417868
21 48129895 1091 0.00936706 116472 0.604326
22 51304566 715 0.00613881 116472 0.372049
X 155270560 6654 0.0571296 116472 1.14031
Y 59373566 100 0.000858575 116472 0.0449516
