1 249250621 5268 0.0562989 93572 0.700235
2 243199373 7547 0.0806545 93572 1.02876
3 198022430 7278 0.0777797 93572 1.21912
4 191154276 5758 0.0615355 93572 0.998953
5 180915260 6353 0.0678942 93572 1.16457
6 171115067 6127 0.065479 93572 1.18621
7 159138663 4858 0.0519172 93572 1.01203
8 146364022 3679 0.0393173 93572 0.832994
9 141213431 3831 0.0409417 93572 0.899818
10 135534747 3321 0.0354914 93572 0.81216
11 135006516 3925 0.0419463 93572 0.964283
12 133851895 4313 0.0460928 93572 1.06696
13 115169878 4793 0.0512226 93572 1.38066
14 107349540 2420 0.0258624 93572 0.747469
15 102531392 1532 0.0163724 93572 0.494635
16 90354753 1572 0.0167999 93572 0.577316
17 81195210 1355 0.0144808 93572 0.552703
18 78077248 2403 0.0256808 93572 1.01908
19 59128983 1061 0.0113389 93572 0.593658
20 63025520 1229 0.0131343 93572 0.647008
21 48129895 895 0.00956483 93572 0.617086
22 51304566 445 0.0047557 93572 0.288224
X 155270560 6572 0.0702347 93572 1.40189
Y 59373566 91 0.000972513 93572 0.0509169
