1 249250621 3890 0.0772254 50372 0.960515
2 243199373 1598 0.031724 50372 0.404643
3 198022430 3955 0.0785158 50372 1.23066
4 191154276 5393 0.107063 50372 1.73804
5 180915260 3390 0.0672993 50372 1.15436
6 171115067 3148 0.062495 50372 1.13216
7 159138663 2178 0.0432383 50372 0.842852
8 146364022 2061 0.0409156 50372 0.866856
9 141213431 1821 0.036151 50372 0.794528
10 135534747 1402 0.0278329 50372 0.636909
11 135006516 1764 0.0350195 50372 0.805045
12 133851895 1902 0.0377591 50372 0.874053
13 115169878 2515 0.0499285 50372 1.34578
14 107349540 480 0.0095291 50372 0.275408
15 102531392 606 0.0120305 50372 0.363459
16 90354753 993 0.0197133 50372 0.677434
17 81195210 474 0.00940999 50372 0.35916
18 78077248 1365 0.0270984 50372 1.07533
19 59128983 358 0.00710712 50372 0.372101
20 63025520 754 0.0149686 50372 0.737371
21 48129895 1111 0.0220559 50372 1.42296
22 51304566 211 0.00418884 50372 0.253869
X 155270560 4141 0.0822084 50372 1.64089
Y 59373566 44 0.000873501 50372 0.045733
