1 249250621 9576 0.0647955 147788 0.805914
2 243199373 8708 0.0589222 147788 0.751559
3 198022430 8381 0.0567096 147788 0.888865
4 191154276 7734 0.0523317 147788 0.849541
5 180915260 4725 0.0319715 147788 0.548396
6 171115067 7676 0.0519393 147788 0.940929
7 159138663 6653 0.0450172 147788 0.877528
8 146364022 3737 0.0252862 147788 0.535725
9 141213431 4566 0.0308956 147788 0.679024
10 135534747 3834 0.0259426 147788 0.593651
11 135006516 3879 0.0262471 147788 0.603381
12 133851895 4779 0.0323369 147788 0.748538
13 115169878 6421 0.0434474 147788 1.17109
14 107349540 2804 0.0189731 147788 0.548356
15 102531392 1640 0.011097 147788 0.335256
16 90354753 1920 0.0129916 147788 0.446446
17 81195210 1365 0.0092362 147788 0.352527
18 78077248 3069 0.0207662 147788 0.824057
19 59128983 494 0.00334263 147788 0.175007
20 63025520 626 0.0042358 147788 0.20866
21 48129895 1157 0.00782878 147788 0.505083
22 51304566 495 0.00334939 147788 0.202993
X 155270560 5842 0.0395296 147788 0.789014
Y 59373566 48 0.00032479 147788 0.0170047
