1 249250621 5406 0.0944725 57223 1.17503
2 243199373 3329 0.0581759 57223 0.74204
3 198022430 4239 0.0740786 57223 1.16111
4 191154276 4517 0.0789368 57223 1.28144
5 180915260 2862 0.0500149 57223 0.857888
6 171115067 8176 0.14288 57223 2.5884
7 159138663 2630 0.0459605 57223 0.895917
8 146364022 2131 0.0372403 57223 0.788989
9 141213431 1943 0.0339549 57223 0.746261
10 135534747 2071 0.0361917 57223 0.828186
11 135006516 1744 0.0304773 57223 0.700627
12 133851895 2945 0.0514653 57223 1.19133
13 115169878 1772 0.0309666 57223 0.834678
14 107349540 673 0.011761 57223 0.339913
15 102531392 1185 0.0207085 57223 0.625633
16 90354753 1103 0.0192755 57223 0.662387
17 81195210 1189 0.0207784 57223 0.793067
18 78077248 1389 0.0242735 57223 0.963232
19 59128983 803 0.0140328 57223 0.734703
20 63025520 731 0.0127746 57223 0.62929
21 48129895 551 0.009629 57223 0.621226
22 51304566 446 0.00779407 57223 0.472368
X 155270560 2311 0.0403859 57223 0.806105
Y 59373566 25 0.000436887 57223 0.0228737
