1 249250621 9 0.000549921 16366 0.00683981
2 243199373 8 0.000488818 16366 0.00623493
3 198022430 8 0.000488818 16366 0.00766173
4 191154276 7 0.000427716 16366 0.00694344
5 180915260 13 0.00079433 16366 0.0136249
6 171115067 2 0.000122205 16366 0.00221385
7 159138663 13 0.00079433 16366 0.015484
8 146364022 5 0.000305511 16366 0.0064727
9 141213431 10 0.000611023 16366 0.0134291
10 135534747 11 0.000672125 16366 0.0153804
11 135006516 7 0.000427716 16366 0.00983255
12 133851895 7 0.000427716 16366 0.00990083
13 115169878 8 0.000488818 16366 0.0131757
14 107349540 2 0.000122205 16366 0.00353192
15 102531392 1 6.11023e-05 16366 0.00184599
16 90354753 4 0.000244409 16366 0.00839894
17 81195210 0 0 16366 0
18 78077248 3 0.000183307 16366 0.00727408
19 59128983 1 6.11023e-05 16366 0.00319907
20 63025520 13 0.00079433 16366 0.0391295
21 48129895 1 6.11023e-05 16366 0.00394208
22 51304566 0 0 16366 0
X 155270560 7 0.000427716 16366 0.00853725
Y 59373566 2 0.000122205 16366 0.00639815
