1 249250621 5997 0.0763784 78517 0.94998
2 243199373 6678 0.0850516 78517 1.08484
3 198022430 6004 0.0764675 78517 1.19855
4 191154276 7120 0.090681 78517 1.47209
5 180915260 4952 0.0630691 78517 1.0818
6 171115067 4253 0.0541666 78517 0.981279
7 159138663 5112 0.0651069 78517 1.26914
8 146364022 4140 0.0527274 78517 1.11711
9 141213431 3017 0.0384248 78517 0.844501
10 135534747 2213 0.028185 78517 0.644965
11 135006516 3807 0.0484863 78517 1.11463
12 133851895 3066 0.0390489 78517 0.903909
13 115169878 4634 0.0590191 78517 1.59081
14 107349540 1274 0.0162258 78517 0.468953
15 102531392 1456 0.0185438 78517 0.560234
16 90354753 1401 0.0178433 78517 0.613171
17 81195210 492 0.00626616 78517 0.239166
18 78077248 1554 0.0197919 78517 0.785393
19 59128983 547 0.00696664 78517 0.364746
20 63025520 287 0.00365526 78517 0.180062
21 48129895 1090 0.0138823 78517 0.895635
22 51304566 343 0.00436848 78517 0.264756
X 155270560 4510 0.0574398 78517 1.1465
Y 59373566 57 0.000725957 78517 0.0380082
