1 249250621 5 0.000964692 5183 0.0119987
2 243199373 6 0.00115763 5183 0.0147657
3 198022430 7 0.00135057 5183 0.0211688
4 191154276 6 0.00115763 5183 0.0187927
5 180915260 3 0.000578815 5183 0.00992822
6 171115067 5 0.000964692 5183 0.0174763
7 159138663 6 0.00115763 5183 0.0225659
8 146364022 8 0.00154351 5183 0.0327014
9 141213431 0 0 5183 0
10 135534747 0 0 5183 0
11 135006516 0 0 5183 0
12 133851895 2 0.000385877 5183 0.00893234
13 115169878 3 0.000578815 5183 0.0156015
14 107349540 0 0 5183 0
15 102531392 0 0 5183 0
16 90354753 5 0.000964692 5183 0.0331509
17 81195210 0 0 5183 0
18 78077248 2 0.000385877 5183 0.0153126
19 59128983 1 0.000192938 5183 0.0101015
20 63025520 0 0 5183 0
21 48129895 0 0 5183 0
22 51304566 0 0 5183 0
X 155270560 10 0.00192938 5183 0.0385107
Y 59373566 0 0 5183 0
