1 249250621 6251 0.093728 66693 1.16577
2 243199373 6386 0.0957522 66693 1.22133
3 198022430 4867 0.0729762 66693 1.14383
4 191154276 4892 0.073351 66693 1.19076
5 180915260 4229 0.06341 66693 1.08765
6 171115067 5166 0.0774594 66693 1.40325
7 159138663 3089 0.0463167 66693 0.90286
8 146364022 3497 0.0524343 66693 1.1109
9 141213431 3215 0.048206 66693 1.05947
10 135534747 2063 0.0309328 66693 0.707844
11 135006516 1873 0.0280839 66693 0.645607
12 133851895 2158 0.0323572 66693 0.74901
13 115169878 966 0.0144843 66693 0.390412
14 107349540 1370 0.0205419 66693 0.593696
15 102531392 1285 0.0192674 66693 0.582096
16 90354753 1351 0.020257 66693 0.696117
17 81195210 763 0.0114405 66693 0.43666
18 78077248 1830 0.0274392 66693 1.08886
19 59128983 452 0.00677732 66693 0.354834
20 63025520 656 0.00983611 66693 0.484538
21 48129895 643 0.00964119 66693 0.622012
22 51304566 310 0.00464816 66693 0.281707
X 155270560 4040 0.0605761 66693 1.2091
Y 59373566 54 0.00080968 66693 0.0423916
