1 249250621 2715 0.0730349 37174 0.908394
2 243199373 2863 0.0770162 37174 0.982349
3 198022430 2808 0.0755367 37174 1.18396
4 191154276 3851 0.103594 37174 1.68172
5 180915260 1859 0.0500081 37174 0.857771
6 171115067 2395 0.0644267 37174 1.16715
7 159138663 2062 0.0554689 37174 1.08126
8 146364022 1444 0.0388444 37174 0.822974
9 141213431 1420 0.0381987 37174 0.839533
10 135534747 1498 0.040297 37174 0.922128
11 135006516 1722 0.0463227 37174 1.06489
12 133851895 920 0.0247485 37174 0.572881
13 115169878 2767 0.0744337 37174 2.0063
14 107349540 870 0.0234035 37174 0.6764
15 102531392 460 0.0123742 37174 0.373844
16 90354753 653 0.017566 37174 0.603644
17 81195210 217 0.00583741 37174 0.222802
18 78077248 546 0.0146877 37174 0.582845
19 59128983 470 0.0126432 37174 0.66195
20 63025520 544 0.0146339 37174 0.720881
21 48129895 241 0.00648303 37174 0.41826
22 51304566 171 0.00459999 37174 0.278787
X 155270560 2521 0.0678162 37174 1.35362
Y 59373566 22 0.000591811 37174 0.0309849
