1 249250621 1874 0.0698915 26813 0.869297
2 243199373 2351 0.0876813 26813 1.11838
3 198022430 2147 0.0800731 26813 1.25506
4 191154276 2552 0.0951777 26813 1.54509
5 180915260 1740 0.0648939 26813 1.1131
6 171115067 1226 0.0457241 26813 0.828335
7 159138663 1322 0.0493044 26813 0.9611
8 146364022 1439 0.053668 26813 1.13703
9 141213431 1134 0.0422929 26813 0.929515
10 135534747 950 0.0354306 26813 0.810768
11 135006516 1527 0.05695 26813 1.3092
12 133851895 1139 0.0424794 26813 0.983319
13 115169878 1704 0.0635513 26813 1.71297
14 107349540 571 0.0212956 26813 0.615481
15 102531392 470 0.0175288 26813 0.529571
16 90354753 331 0.0123448 26813 0.424218
17 81195210 310 0.0115616 26813 0.441281
18 78077248 613 0.022862 26813 0.907224
19 59128983 248 0.00924924 26813 0.484254
20 63025520 109 0.00406519 26813 0.200256
21 48129895 79 0.00294633 26813 0.190086
22 51304566 87 0.00324469 26813 0.196648
X 155270560 1651 0.0615746 26813 1.22903
Y 59373566 17 0.000634021 26813 0.0331948
