1 249250621 4198 0.0908815 46192 1.13037
2 243199373 3369 0.0729347 46192 0.93029
3 198022430 3193 0.0691245 46192 1.08346
4 191154276 3568 0.0772428 46192 1.25394
5 180915260 2719 0.058863 46192 1.00966
6 171115067 3141 0.0679988 46192 1.23186
7 159138663 2135 0.0462201 46192 0.900977
8 146364022 2333 0.0505066 46192 1.07005
9 141213431 1701 0.0368246 46192 0.809331
10 135534747 917 0.0198519 46192 0.454277
11 135006516 2148 0.0465016 46192 1.069
12 133851895 1963 0.0424965 46192 0.983716
13 115169878 2861 0.0619371 46192 1.66946
14 107349540 1291 0.0279486 46192 0.807762
15 102531392 1004 0.0217354 46192 0.656658
16 90354753 995 0.0215405 46192 0.740224
17 81195210 540 0.0116903 46192 0.446196
18 78077248 1073 0.0232291 46192 0.921791
19 59128983 434 0.00939557 46192 0.491914
20 63025520 558 0.01208 46192 0.595075
21 48129895 539 0.0116687 46192 0.752819
22 51304566 211 0.00456789 46192 0.276842
X 155270560 2467 0.0534075 46192 1.06602
Y 59373566 23 0.000497922 46192 0.0260692
