1 249250621 587 0.108283 5421 1.3468
2 243199373 557 0.102749 5421 1.31057
3 198022430 334 0.0616122 5421 0.965709
4 191154276 365 0.0673308 5421 1.09303
5 180915260 353 0.0651171 5421 1.11693
6 171115067 355 0.0654861 5421 1.18634
7 159138663 402 0.0741561 5421 1.44554
8 146364022 241 0.0444567 5421 0.94188
9 141213431 267 0.0492529 5421 1.08248
10 135534747 4 0.000737871 5421 0.0168849
11 135006516 316 0.0582918 5421 1.34004
12 133851895 181 0.0333887 5421 0.772886
13 115169878 182 0.0335731 5421 0.904936
14 107349540 179 0.0330197 5421 0.954328
15 102531392 167 0.0308061 5421 0.930699
16 90354753 162 0.0298838 5421 1.02693
17 81195210 110 0.0202915 5421 0.774483
18 78077248 19 0.00350489 5421 0.139083
19 59128983 20 0.00368936 5421 0.19316
20 63025520 13 0.00239808 5421 0.118132
21 48129895 21 0.00387382 5421 0.249924
22 51304566 26 0.00479616 5421 0.290677
X 155270560 175 0.0322819 5421 0.644349
Y 59373566 0 0 5421 0
