1 249250621 5228 0.0795508 65719 0.989438
2 243199373 6065 0.0922869 65719 1.17713
3 198022430 5423 0.082518 65719 1.29339
4 191154276 5951 0.0905522 65719 1.47
5 180915260 3395 0.0516593 65719 0.886095
6 171115067 3863 0.0587806 65719 1.06487
7 159138663 4429 0.067393 65719 1.3137
8 146364022 3253 0.0494986 65719 1.0487
9 141213431 2916 0.0443707 65719 0.975181
10 135534747 1461 0.022231 65719 0.508719
11 135006516 2732 0.0415709 65719 0.955654
12 133851895 3586 0.0545657 65719 1.26309
13 115169878 3891 0.0592066 65719 1.59587
14 107349540 1625 0.0247265 65719 0.714638
15 102531392 691 0.0105145 65719 0.317657
16 90354753 574 0.00873416 65719 0.300143
17 81195210 937 0.0142577 65719 0.544186
18 78077248 685 0.0104232 65719 0.413618
19 59128983 295 0.00448881 65719 0.235016
20 63025520 595 0.0090537 65719 0.445995
21 48129895 488 0.00742555 65719 0.479068
22 51304566 300 0.00456489 65719 0.27666
X 155270560 5087 0.0774053 65719 1.54502
Y 59373566 59 0.000897762 65719 0.0470032
