1 249250621 55 0.000792016 69443 0.00985095
2 243199373 84 0.00120963 69443 0.0154289
3 198022430 60 0.000864018 69443 0.0135426
4 191154276 54 0.000777616 69443 0.0126236
5 180915260 48 0.000691214 69443 0.0118562
6 171115067 52 0.000748816 69443 0.0135655
7 159138663 44 0.000633613 69443 0.0123511
8 146364022 42 0.000604813 69443 0.0128138
9 141213431 32 0.00046081 69443 0.0101277
10 135534747 40 0.000576012 69443 0.0131811
11 135006516 39 0.000561612 69443 0.0129106
12 133851895 28 0.000403208 69443 0.00933353
13 115169878 45 0.000648013 69443 0.0174667
14 107349540 14 0.000201604 69443 0.00582671
15 102531392 19 0.000273606 69443 0.00826603
16 90354753 18 0.000259205 69443 0.0089074
17 81195210 16 0.000230405 69443 0.00879408
18 78077248 14 0.000201604 69443 0.00800017
19 59128983 10 0.000144003 69443 0.00753942
20 63025520 48 0.000691214 69443 0.03405
21 48129895 8 0.000115202 69443 0.00743241
22 51304566 6 8.64018e-05 69443 0.00523647
X 155270560 62 0.000892819 69443 0.0178207
Y 59373566 1 1.44003e-05 69443 0.000753942
