1 249250621 4568 0.0836262 54624 1.04013
2 243199373 5549 0.101585 54624 1.29573
3 198022430 4588 0.0839924 54624 1.3165
4 191154276 4368 0.0799649 54624 1.29813
5 180915260 3082 0.0564221 54624 0.967789
6 171115067 3266 0.0597906 54624 1.08316
7 159138663 3319 0.0607608 54624 1.18442
8 146364022 3290 0.0602299 54624 1.27606
9 141213431 1207 0.0220965 54624 0.485638
10 135534747 729 0.0133458 54624 0.305395
11 135006516 2690 0.0492458 54624 1.13209
12 133851895 2275 0.0416484 54624 0.964082
13 115169878 3443 0.0630309 54624 1.69895
14 107349540 1397 0.0255748 54624 0.739157
15 102531392 801 0.0146639 54624 0.443018
16 90354753 498 0.00911687 54624 0.313295
17 81195210 404 0.00739602 54624 0.282291
18 78077248 1043 0.0190942 54624 0.757705
19 59128983 505 0.00924502 54624 0.484032
20 63025520 176 0.00322203 54624 0.158721
21 48129895 465 0.00851274 54624 0.549209
22 51304566 169 0.00309388 54624 0.187508
X 155270560 3902 0.0714338 54624 1.42582
Y 59373566 42 0.000768893 54624 0.0402562
