1 249250621 1859 0.0840492 22118 1.04539
2 243199373 1585 0.0716611 22118 0.914045
3 198022430 1991 0.0900172 22118 1.41093
4 191154276 1687 0.0762727 22118 1.23819
5 180915260 1247 0.0563794 22118 0.967057
6 171115067 1200 0.0542545 22118 0.982871
7 159138663 1155 0.0522199 22118 1.01793
8 146364022 1322 0.0597703 22118 1.26632
9 141213431 569 0.0257257 22118 0.565399
10 135534747 574 0.0259517 22118 0.593861
11 135006516 875 0.0395605 22118 0.909438
12 133851895 730 0.0330048 22118 0.764
13 115169878 1554 0.0702595 22118 1.89379
14 107349540 442 0.0199837 22118 0.577564
15 102531392 358 0.0161859 22118 0.489
16 90354753 492 0.0222443 22118 0.76441
17 81195210 376 0.0169997 22118 0.648845
18 78077248 465 0.0210236 22118 0.83427
19 59128983 496 0.0224252 22118 1.17409
20 63025520 158 0.0071435 22118 0.351897
21 48129895 385 0.0174066 22118 1.12301
22 51304566 108 0.0048829 22118 0.295933
X 155270560 1026 0.0463876 22118 0.925899
Y 59373566 14 0.000632969 22118 0.0331397
