1 249250621 15 0.00211416 7095 0.0262956
2 243199373 12 0.00169133 7095 0.0215731
3 198022430 10 0.00140944 7095 0.0220916
4 191154276 5 0.000704722 7095 0.0114403
5 180915260 3 0.000422833 7095 0.00725271
6 171115067 7 0.00098661 7095 0.0178734
7 159138663 4 0.000563777 7095 0.0109898
8 146364022 3 0.000422833 7095 0.00895833
9 141213431 1 0.000140944 7095 0.00309768
10 135534747 3 0.000422833 7095 0.00967581
11 135006516 0 0 7095 0
12 133851895 3 0.000422833 7095 0.0097878
13 115169878 0 0 7095 0
14 107349540 2 0.000281889 7095 0.00814707
15 102531392 1 0.000140944 7095 0.00425814
16 90354753 0 0 7095 0
17 81195210 3 0.000422833 7095 0.0161387
18 78077248 3 0.000422833 7095 0.0167791
19 59128983 0 0 7095 0
20 63025520 2 0.000281889 7095 0.0138861
21 48129895 0 0 7095 0
22 51304566 1 0.000140944 7095 0.00854208
X 155270560 2 0.000281889 7095 0.00562652
Y 59373566 0 0 7095 0
