1 249250621 7736 0.290882 26595 3.61793
2 243199373 1483 0.0557624 26595 0.711255
3 198022430 1238 0.0465501 26595 0.729625
4 191154276 1611 0.0605753 26595 0.983365
5 180915260 1637 0.0615529 26595 1.0558
6 171115067 1297 0.0487686 26595 0.883489
7 159138663 1447 0.0544087 26595 1.0606
8 146364022 957 0.0359842 26595 0.762377
9 141213431 690 0.0259447 26595 0.570214
10 135534747 306 0.0115059 26595 0.263293
11 135006516 1043 0.0392179 26595 0.901561
12 133851895 885 0.0332769 26595 0.770299
13 115169878 1044 0.0392555 26595 1.0581
14 107349540 414 0.0155668 26595 0.449909
15 102531392 278 0.0104531 26595 0.315803
16 90354753 215 0.00808423 26595 0.277808
17 81195210 138 0.00518895 26595 0.198051
18 78077248 581 0.0218462 26595 0.866913
19 59128983 43 0.00161685 26595 0.0846516
20 63025520 172 0.00646738 26595 0.31859
21 48129895 61 0.00229366 26595 0.147978
22 51304566 30 0.00112803 26595 0.0683656
X 155270560 1875 0.070502 26595 1.40723
Y 59373566 22 0.000827223 26595 0.0433101
