1 249250621 6020 0.1075 56000 1.33706
2 243199373 5513 0.0984464 56000 1.25569
3 198022430 4356 0.0777857 56000 1.21921
4 191154276 2693 0.0480893 56000 0.78067
5 180915260 2804 0.0500714 56000 0.858858
6 171115067 3205 0.0572321 56000 1.03681
7 159138663 3147 0.0561964 56000 1.09545
8 146364022 1585 0.0283036 56000 0.599652
9 141213431 2973 0.0530893 56000 1.1668
10 135534747 2142 0.03825 56000 0.875286
11 135006516 2192 0.0391429 56000 0.899836
12 133851895 1982 0.0353929 56000 0.819279
13 115169878 2424 0.0432857 56000 1.16673
14 107349540 1369 0.0244464 56000 0.706544
15 102531392 1751 0.0312679 56000 0.944648
16 90354753 960 0.0171429 56000 0.589102
17 81195210 861 0.015375 56000 0.586832
18 78077248 1288 0.023 56000 0.912698
19 59128983 693 0.012375 56000 0.647906
20 63025520 670 0.0119643 56000 0.589374
21 48129895 269 0.00480357 56000 0.309908
22 51304566 169 0.00301786 56000 0.1829
X 155270560 4237 0.0756607 56000 1.51019
Y 59373566 48 0.000857143 56000 0.0448766
