1 249250621 3334 0.0798429 41757 0.993071
2 243199373 3155 0.0755562 41757 0.963727
3 198022430 3377 0.0808727 41757 1.2676
4 191154276 2812 0.067342 41757 1.09321
5 180915260 3153 0.0755083 41757 1.29517
6 171115067 3572 0.0855425 41757 1.54968
7 159138663 2428 0.0581459 41757 1.13345
8 146364022 2173 0.0520392 41757 1.10252
9 141213431 1400 0.0335273 41757 0.736864
10 135534747 1587 0.0380056 41757 0.869693
11 135006516 1278 0.0306056 41757 0.703578
12 133851895 1792 0.042915 41757 0.993402
13 115169878 1541 0.036904 41757 0.994717
14 107349540 1147 0.0274684 41757 0.793886
15 102531392 556 0.0133151 41757 0.40227
16 90354753 1163 0.0278516 41757 0.9571
17 81195210 665 0.0159255 41757 0.607843
18 78077248 549 0.0131475 41757 0.521726
19 59128983 212 0.00507699 41757 0.265811
20 63025520 383 0.00917211 41757 0.451828
21 48129895 325 0.00778313 41757 0.502137
22 51304566 249 0.00596307 41757 0.361398
X 155270560 2073 0.0496444 41757 0.990906
Y 59373566 32 0.000766339 41757 0.0401224
