1 249250621 10627 0.112484 94476 1.39905
2 243199373 5701 0.0603434 94476 0.769686
3 198022430 7210 0.0763157 94476 1.19617
4 191154276 4670 0.0494305 94476 0.802444
5 180915260 7084 0.074982 94476 1.28614
6 171115067 5378 0.0569245 94476 1.03124
7 159138663 4781 0.0506054 94476 0.986461
8 146364022 3793 0.0401478 94476 0.850588
9 141213431 4668 0.0494094 94476 1.08592
10 135534747 4478 0.0473983 94476 1.08463
11 135006516 2380 0.0251916 94476 0.579117
12 133851895 3186 0.0337229 94476 0.780622
13 115169878 4414 0.0467209 94476 1.25932
14 107349540 2860 0.0302722 94476 0.87492
15 102531392 1925 0.0203755 94476 0.615575
16 90354753 2734 0.0289386 94476 0.994452
17 81195210 1103 0.0116749 94476 0.445608
18 78077248 2614 0.0276684 94476 1.09795
19 59128983 1092 0.0115585 94476 0.605157
20 63025520 1204 0.012744 94476 0.627782
21 48129895 571 0.00604386 94476 0.389927
22 51304566 664 0.00702824 94476 0.425954
X 155270560 5521 0.0584381 94476 1.16643
Y 59373566 51 0.00053982 94476 0.0282628
