1 249250621 9 0.000852757 10554 0.0106064
2 243199373 7 0.000663256 10554 0.00845989
3 198022430 4 0.000379003 10554 0.00594049
4 191154276 3 0.000284252 10554 0.00461449
5 180915260 2 0.000189502 10554 0.00325046
6 171115067 7 0.000663256 10554 0.0120155
7 159138663 23 0.00217927 10554 0.0424809
8 146364022 6 0.000568505 10554 0.0120446
9 141213431 5 0.000473754 10554 0.0104122
10 135534747 1 9.47508e-05 10554 0.00216821
11 135006516 3 0.000284252 10554 0.00653454
12 133851895 3 0.000284252 10554 0.00657992
13 115169878 9 0.000852757 10554 0.0229854
14 107349540 1 9.47508e-05 10554 0.00273846
15 102531392 7 0.000663256 10554 0.0200379
16 90354753 3 0.000284252 10554 0.00976812
17 81195210 7 0.000663256 10554 0.0253151
18 78077248 2 0.000189502 10554 0.00751991
19 59128983 0 0 10554 0
20 63025520 11 0.00104226 10554 0.0513428
21 48129895 0 0 10554 0
22 51304566 2 0.000189502 10554 0.0114849
X 155270560 8 0.000758006 10554 0.0151299
Y 59373566 3 0.000284252 10554 0.0148823
