1 249250621 6675 0.0966033 69097 1.20153
2 243199373 6060 0.0877028 69097 1.11866
3 198022430 3867 0.0559648 69097 0.877191
4 191154276 5586 0.0808429 69097 1.31238
5 180915260 5587 0.0808573 69097 1.38692
6 171115067 3820 0.0552846 69097 1.00153
7 159138663 3231 0.0467604 69097 0.911508
8 146364022 3443 0.0498285 69097 1.05569
9 141213431 2307 0.0333878 69097 0.733799
10 135534747 2984 0.0431857 69097 0.98823
11 135006516 2486 0.0359784 69097 0.82709
12 133851895 3115 0.0450816 69097 1.04355
13 115169878 3567 0.0516231 69097 1.39146
14 107349540 976 0.0141251 69097 0.408239
15 102531392 1418 0.0205219 69097 0.619996
16 90354753 1530 0.0221428 69097 0.76092
17 81195210 918 0.0132857 69097 0.507087
18 78077248 1619 0.0234308 69097 0.929795
19 59128983 471 0.0068165 69097 0.356885
20 63025520 1122 0.016238 69097 0.799904
21 48129895 1141 0.016513 69097 1.06536
22 51304566 350 0.00506534 69097 0.30699
X 155270560 3599 0.0520862 69097 1.03964
Y 59373566 41 0.000593369 69097 0.0310664
