1 249250621 3149 0.0907911 34684 1.12924
2 243199373 3016 0.0869565 34684 1.10914
3 198022430 2857 0.0823723 34684 1.2911
4 191154276 2425 0.069917 34684 1.13502
5 180915260 2398 0.0691385 34684 1.18591
6 171115067 2359 0.0680141 34684 1.23214
7 159138663 1180 0.0340215 34684 0.663186
8 146364022 2038 0.0587591 34684 1.2449
9 141213431 693 0.0199804 34684 0.43913
10 135534747 1250 0.0360397 34684 0.824706
11 135006516 1862 0.0536847 34684 1.23413
12 133851895 993 0.0286299 34684 0.66273
13 115169878 1598 0.0460731 34684 1.24186
14 107349540 763 0.0219986 34684 0.635798
15 102531392 388 0.0111867 34684 0.337967
16 90354753 700 0.0201822 34684 0.693547
17 81195210 616 0.0177604 34684 0.677876
18 78077248 730 0.0210472 34684 0.835205
19 59128983 352 0.0101488 34684 0.531349
20 63025520 447 0.0128878 34684 0.634866
21 48129895 371 0.0106966 34684 0.690102
22 51304566 222 0.00640065 34684 0.387918
X 155270560 1830 0.0527621 34684 1.05314
Y 59373566 21 0.000605466 34684 0.0316998
