1 249250621 5321 0.110815 48017 1.3783
2 243199373 3261 0.0679134 48017 0.866243
3 198022430 3839 0.0799509 48017 1.25315
4 191154276 4123 0.0858654 48017 1.39392
5 180915260 3433 0.0714955 48017 1.22634
6 171115067 2614 0.0544391 48017 0.986215
7 159138663 2684 0.0558969 48017 1.08961
8 146364022 2351 0.0489618 48017 1.03733
9 141213431 1311 0.0273028 48017 0.600062
10 135534747 1679 0.0349668 48017 0.800155
11 135006516 1169 0.0243455 48017 0.559668
12 133851895 1574 0.0327801 48017 0.758798
13 115169878 2783 0.0579586 48017 1.56223
14 107349540 1355 0.0282192 48017 0.815583
15 102531392 488 0.0101631 48017 0.307041
16 90354753 361 0.00751817 48017 0.258356
17 81195210 376 0.00783056 48017 0.298876
18 78077248 1067 0.0222213 48017 0.881797
19 59128983 555 0.0115584 48017 0.605152
20 63025520 964 0.0200762 48017 0.988977
21 48129895 519 0.0108087 48017 0.697334
22 51304566 96 0.00199929 48017 0.121169
X 155270560 3382 0.0704334 48017 1.40586
Y 59373566 33 0.000687257 48017 0.035982
