1 249250621 42404 0.0982268 431695 1.22173
2 243199373 36441 0.0844138 431695 1.07671
3 198022430 29010 0.0672002 431695 1.0533
4 191154276 30382 0.0703784 431695 1.14251
5 180915260 28132 0.0651664 431695 1.11778
6 171115067 27007 0.0625604 431695 1.13334
7 159138663 24880 0.0576333 431695 1.12346
8 146364022 20221 0.0468409 431695 0.992393
9 141213431 16960 0.039287 431695 0.86345
10 135534747 18378 0.0425717 431695 0.974181
11 135006516 18311 0.0424165 431695 0.975092
12 133851895 17150 0.0397271 431695 0.919609
13 115169878 12336 0.0285757 431695 0.770235
14 107349540 11006 0.0254949 431695 0.736845
15 102531392 8314 0.019259 431695 0.581842
16 90354753 10322 0.0239104 431695 0.821663
17 81195210 9200 0.0213113 431695 0.81341
18 78077248 10286 0.023827 431695 0.945516
19 59128983 5415 0.0125436 431695 0.656732
20 63025520 5585 0.0129374 431695 0.637309
21 48129895 3589 0.00831374 431695 0.53637
22 51304566 3034 0.00702811 431695 0.425946
X 155270560 23281 0.0539293 431695 1.07643
Y 59373566 223 0.000516568 431695 0.0270455
