1 249250621 4 0.000820176 4877 0.0102012
2 243199373 9 0.0018454 4877 0.0235382
3 198022430 4 0.000820176 4877 0.0128554
4 191154276 0 0 4877 0
5 180915260 3 0.000615132 4877 0.0105512
6 171115067 5 0.00102522 4877 0.0185728
7 159138663 2 0.000410088 4877 0.00799392
8 146364022 6 0.00123026 4877 0.0260649
9 141213431 3 0.000615132 4877 0.0135194
10 135534747 7 0.00143531 4877 0.0328446
11 135006516 1 0.000205044 4877 0.00471366
12 133851895 4 0.000820176 4877 0.0189856
13 115169878 3 0.000615132 4877 0.0165804
14 107349540 8 0.00164035 4877 0.047409
15 102531392 3 0.000615132 4877 0.0185841
16 90354753 2 0.000410088 4877 0.0140924
17 81195210 1 0.000205044 4877 0.00782611
18 78077248 0 0 4877 0
19 59128983 0 0 4877 0
20 63025520 4 0.000820176 4877 0.0404028
21 48129895 0 0 4877 0
22 51304566 0 0 4877 0
X 155270560 7 0.00143531 4877 0.0286489
Y 59373566 0 0 4877 0
