1 249250621 110 0.00316428 34763 0.0393568
2 243199373 30 0.000862987 34763 0.0110075
3 198022430 46 0.00132325 34763 0.0207405
4 191154276 41 0.00117941 34763 0.0191463
5 180915260 43 0.00123695 34763 0.0212169
6 171115067 43 0.00123695 34763 0.0224085
7 159138663 68 0.0019561 34763 0.0381307
8 146364022 32 0.000920519 34763 0.0195025
9 141213431 25 0.000719155 34763 0.0158056
10 135534747 13 0.000373961 34763 0.00855746
11 135006516 70 0.00201364 34763 0.0462905
12 133851895 34 0.000978051 34763 0.0226401
13 115169878 28 0.000805454 34763 0.0217104
14 107349540 27 0.000776688 34763 0.0224476
15 102531392 12 0.000345195 34763 0.0104288
16 90354753 149 0.00428617 34763 0.147291
17 81195210 10 0.000287662 34763 0.0109795
18 78077248 9 0.000258896 34763 0.0102736
19 59128983 6 0.000172597 34763 0.00903651
20 63025520 33 0.000949285 34763 0.0467628
21 48129895 5 0.000143831 34763 0.00927942
22 51304566 5 0.000143831 34763 0.00871704
X 155270560 25 0.000719155 34763 0.0143544
Y 59373566 6 0.000172597 34763 0.00903651
