1 249250621 5520 0.105533 52306 1.3126
2 243199373 3610 0.0690169 52306 0.880318
3 198022430 3910 0.0747524 52306 1.17167
4 191154276 3406 0.0651168 52306 1.05709
5 180915260 3755 0.0717891 52306 1.23137
6 171115067 2611 0.0499178 52306 0.904308
7 159138663 2958 0.0565518 52306 1.10237
8 146364022 2404 0.0459603 52306 0.973735
9 141213431 2092 0.0399954 52306 0.87902
10 135534747 2043 0.0390586 52306 0.89379
11 135006516 2413 0.0461324 52306 1.06051
12 133851895 2433 0.0465147 52306 1.07673
13 115169878 2567 0.0490766 52306 1.32282
14 107349540 922 0.017627 52306 0.509452
15 102531392 820 0.015677 52306 0.473625
16 90354753 1027 0.0196345 52306 0.674724
17 81195210 679 0.0129813 52306 0.49547
18 78077248 938 0.0179329 52306 0.711624
19 59128983 538 0.0102856 52306 0.538514
20 63025520 572 0.0109356 52306 0.538702
21 48129895 551 0.0105342 52306 0.679624
22 51304566 410 0.00783849 52306 0.47506
X 155270560 3089 0.0590563 52306 1.17877
Y 59373566 36 0.000688258 52306 0.0360344
