1 249250621 3916 0.0720383 54360 0.895998
2 243199373 4924 0.0905813 54360 1.15537
3 198022430 4139 0.0761405 54360 1.19343
4 191154276 4111 0.0756255 54360 1.22769
5 180915260 4103 0.0754783 54360 1.29465
6 171115067 3428 0.0630611 54360 1.14241
7 159138663 3037 0.0558683 54360 1.08905
8 146364022 3745 0.0688926 54360 1.45959
9 141213431 1616 0.0297277 54360 0.653357
10 135534747 2029 0.0373252 54360 0.854124
11 135006516 2048 0.0376748 54360 0.866086
12 133851895 1603 0.0294886 54360 0.682606
13 115169878 3949 0.0726453 54360 1.9581
14 107349540 961 0.0176784 54360 0.510938
15 102531392 740 0.013613 54360 0.411267
16 90354753 726 0.0133554 54360 0.458949
17 81195210 469 0.00862767 54360 0.3293
18 78077248 1141 0.0209897 54360 0.832925
19 59128983 537 0.00987859 54360 0.517204
20 63025520 673 0.0123804 54360 0.609873
21 48129895 513 0.00943709 54360 0.608844
22 51304566 134 0.00246505 54360 0.149397
X 155270560 4310 0.0792862 54360 1.58256
Y 59373566 37 0.000680648 54360 0.035636
