1 249250621 4500 0.0620553 72516 0.771832
2 243199373 4268 0.058856 72516 0.750714
3 198022430 3143 0.0433422 72516 0.679344
4 191154276 3318 0.0457554 72516 0.742783
5 180915260 2617 0.0360886 72516 0.619015
6 171115067 3737 0.0515335 72516 0.933577
7 159138663 2155 0.0297176 72516 0.57929
8 146364022 1335 0.0184097 72516 0.390037
9 141213431 906 0.0124938 72516 0.274589
10 135534747 877 0.0120939 72516 0.276748
11 135006516 1548 0.021347 72516 0.490736
12 133851895 1875 0.0258564 72516 0.598527
13 115169878 2354 0.0324618 72516 0.874981
14 107349540 1166 0.0160792 72516 0.464717
15 102531392 620 0.00854984 72516 0.258303
16 90354753 272 0.0037509 72516 0.128897
17 81195210 374 0.00515748 72516 0.19685
18 78077248 1186 0.016355 72516 0.649008
19 59128983 210 0.00289591 72516 0.151618
20 63025520 261 0.00359921 72516 0.177301
21 48129895 510 0.00703293 72516 0.453737
22 51304566 109 0.00150312 72516 0.091098
X 155270560 2403 0.0331375 72516 0.661427
Y 59373566 24 0.000330961 72516 0.0173278
