1 249250621 8422 0.102647 82048 1.27671
2 243199373 6758 0.0823664 82048 1.05059
3 198022430 5570 0.0678871 82048 1.06406
4 191154276 6095 0.0742858 82048 1.20594
5 180915260 5977 0.0728476 82048 1.24953
6 171115067 5570 0.0678871 82048 1.22984
7 159138663 5039 0.0614153 82048 1.19718
8 146364022 3311 0.0403544 82048 0.854967
9 141213431 2823 0.0344067 82048 0.756191
10 135534747 3603 0.0439133 82048 1.00488
11 135006516 3787 0.0461559 82048 1.06106
12 133851895 2760 0.0336388 82048 0.778677
13 115169878 3511 0.042792 82048 1.15342
14 107349540 1554 0.0189401 82048 0.547403
15 102531392 1479 0.018026 82048 0.544593
16 90354753 1410 0.0171851 82048 0.590552
17 81195210 738 0.00899473 82048 0.34331
18 78077248 1577 0.0192205 82048 0.762717
19 59128983 390 0.00475332 82048 0.248865
20 63025520 534 0.00650839 82048 0.32061
21 48129895 1065 0.0129802 82048 0.837433
22 51304566 402 0.00489957 82048 0.296944
X 155270560 4394 0.053554 82048 1.06894
Y 59373566 43 0.000524083 82048 0.0274389
