1 249250621 5145 0.0937739 54866 1.16634
2 243199373 3879 0.0706995 54866 0.90178
3 198022430 4134 0.0753472 54866 1.18099
4 191154276 4690 0.085481 54866 1.38768
5 180915260 2754 0.050195 54866 0.860978
6 171115067 3855 0.0702621 54866 1.27286
7 159138663 3392 0.0618234 54866 1.20513
8 146364022 2826 0.0515073 54866 1.09126
9 141213431 1379 0.025134 54866 0.552395
10 135534747 2064 0.0376189 54866 0.860845
11 135006516 1243 0.0226552 54866 0.520809
12 133851895 2367 0.0431415 54866 0.998645
13 115169878 2437 0.0444173 54866 1.19723
14 107349540 1215 0.0221449 54866 0.640025
15 102531392 1045 0.0190464 54866 0.57542
16 90354753 1238 0.0225641 54866 0.775397
17 81195210 475 0.00865746 54866 0.330437
18 78077248 1823 0.0332264 54866 1.31851
19 59128983 296 0.00539496 54866 0.282459
20 63025520 1004 0.0182991 54866 0.901435
21 48129895 384 0.00699887 54866 0.45154
22 51304566 332 0.00605111 54866 0.366734
X 155270560 3857 0.0702985 54866 1.40316
Y 59373566 44 0.000801954 54866 0.0419871
