1 249250621 50 0.00101186 49414 0.0125853
2 243199373 59 0.00119399 49414 0.0152295
3 198022430 33 0.000667827 49414 0.0104675
4 191154276 18 0.000364269 49414 0.00591346
5 180915260 33 0.000667827 49414 0.011455
6 171115067 32 0.00064759 49414 0.0117317
7 159138663 33 0.000667827 49414 0.0130181
8 146364022 28 0.000566641 49414 0.0120051
9 141213431 14 0.000283321 49414 0.00622682
10 135534747 26 0.000526167 49414 0.0120404
11 135006516 18 0.000364269 49414 0.00837401
12 133851895 27 0.000546404 49414 0.0126482
13 115169878 27 0.000546404 49414 0.0147279
14 107349540 16 0.000323795 49414 0.00935823
15 102531392 9 0.000182135 49414 0.00550256
16 90354753 14 0.000283321 49414 0.0097361
17 81195210 12 0.000242846 49414 0.00926894
18 78077248 20 0.000404744 49414 0.0160613
19 59128983 11 0.000222609 49414 0.0116549
20 63025520 28 0.000566641 49414 0.0279134
21 48129895 6 0.000121423 49414 0.00783375
22 51304566 8 0.000161897 49414 0.00981197
X 155270560 28 0.000566641 49414 0.0113102
Y 59373566 1 2.02372e-05 49414 0.00105954
