1 249250621 7670 0.0858422 89350 1.06769
2 243199373 9577 0.107185 89350 1.36716
3 198022430 6348 0.0710464 89350 1.11358
4 191154276 6598 0.0738444 89350 1.19877
5 180915260 5871 0.0657079 89350 1.12707
6 171115067 3486 0.0390151 89350 0.706795
7 159138663 4462 0.0499384 89350 0.973459
8 146364022 6122 0.0685171 89350 1.45163
9 141213431 2312 0.0258758 89350 0.568698
10 135534747 1943 0.0217459 89350 0.497619
11 135006516 2763 0.0309233 89350 0.710881
12 133851895 4430 0.0495803 89350 1.14769
13 115169878 2218 0.0248237 89350 0.669103
14 107349540 3657 0.0409289 89350 1.18292
15 102531392 1031 0.0115389 89350 0.348607
16 90354753 1495 0.016732 89350 0.574981
17 81195210 1380 0.0154449 89350 0.589499
18 78077248 1556 0.0174147 89350 0.691058
19 59128983 38 0.000425294 89350 0.0222667
20 63025520 565 0.00632345 89350 0.3115
21 48129895 1563 0.017493 89350 1.12858
22 51304566 492 0.00550644 89350 0.333723
X 155270560 6277 0.0702518 89350 1.40223
Y 59373566 68 0.000761052 89350 0.0398457
