1 249250621 9789 0.0855024 114488 1.06346
2 243199373 11640 0.10167 114488 1.29681
3 198022430 6804 0.0594298 114488 0.931502
4 191154276 9523 0.083179 114488 1.35031
5 180915260 8420 0.0735448 114488 1.26149
6 171115067 8327 0.0727325 114488 1.31762
7 159138663 6114 0.053403 114488 1.04099
8 146364022 4446 0.0388338 114488 0.822749
9 141213431 3354 0.0292956 114488 0.64386
10 135534747 5689 0.0496908 114488 1.13709
11 135006516 4631 0.0404497 114488 0.929877
12 133851895 5525 0.0482583 114488 1.11709
13 115169878 6375 0.0556827 114488 1.50088
14 107349540 3435 0.0300031 114488 0.867143
15 102531392 1129 0.0098613 114488 0.297924
16 90354753 892 0.00779121 114488 0.267739
17 81195210 1204 0.0105164 114488 0.401389
18 78077248 2587 0.0225963 114488 0.896677
19 59128983 876 0.00765146 114488 0.4006
20 63025520 293 0.00255922 114488 0.12607
21 48129895 518 0.00452449 114488 0.291903
22 51304566 350 0.00305709 114488 0.185278
X 155270560 5978 0.0522151 114488 1.04222
Y 59373566 69 0.000602683 114488 0.0315541
