1 249250621 48 0.00108154 44381 0.013452
2 243199373 55 0.00123927 44381 0.015807
3 198022430 37 0.00083369 44381 0.0130672
4 191154276 41 0.000923819 44381 0.0149971
5 180915260 27 0.000608368 44381 0.0104351
6 171115067 26 0.000585836 44381 0.010613
7 159138663 50 0.00112661 44381 0.0219612
8 146364022 32 0.000721029 44381 0.015276
9 141213431 16 0.000360515 44381 0.0079234
10 135534747 25 0.000563304 44381 0.0128903
11 135006516 23 0.00051824 44381 0.0119136
12 133851895 20 0.000450643 44381 0.0104316
13 115169878 24 0.000540772 44381 0.0145761
14 107349540 18 0.000405579 44381 0.0117219
15 102531392 6 0.000135193 44381 0.00408438
16 90354753 9 0.000202789 44381 0.00696871
17 81195210 10 0.000225322 44381 0.00860006
18 78077248 6 0.000135193 44381 0.0053648
19 59128983 5 0.000112661 44381 0.00589847
20 63025520 25 0.000563304 44381 0.027749
21 48129895 3 6.75965e-05 44381 0.00436106
22 51304566 2 4.50643e-05 44381 0.00273117
X 155270560 15 0.000337982 44381 0.00674616
Y 59373566 1 2.25322e-05 44381 0.00117969
