1 249250621 13 0.00113408 11463 0.0141055
2 243199373 14 0.00122132 11463 0.0155781
3 198022430 8 0.000697898 11463 0.0109388
4 191154276 13 0.00113408 11463 0.0184104
5 180915260 8 0.000697898 11463 0.0119708
6 171115067 13 0.00113408 11463 0.020545
7 159138663 19 0.00165751 11463 0.0323101
8 146364022 5 0.000436186 11463 0.00924123
9 141213431 6 0.000523423 11463 0.0115038
10 135534747 6 0.000523423 11463 0.0119776
11 135006516 3 0.000261712 11463 0.00601636
12 133851895 4 0.000348949 11463 0.00807752
13 115169878 5 0.000436186 11463 0.011757
14 107349540 4 0.000348949 11463 0.0100852
15 102531392 3 0.000261712 11463 0.00790669
16 90354753 3 0.000261712 11463 0.00899353
17 81195210 6 0.000523423 11463 0.019978
18 78077248 3 0.000261712 11463 0.0103854
19 59128983 4 0.000348949 11463 0.0182696
20 63025520 5 0.000436186 11463 0.021487
21 48129895 0 0 11463 0
22 51304566 0 0 11463 0
X 155270560 8 0.000697898 11463 0.0139301
Y 59373566 0 0 11463 0
