1 249250621 10895 0.0888459 122628 1.10505
2 243199373 11277 0.0919611 122628 1.17297
3 198022430 8900 0.0725772 122628 1.13757
4 191154276 9424 0.0768503 122628 1.24757
5 180915260 9819 0.0800714 122628 1.37344
6 171115067 5939 0.048431 122628 0.877374
7 159138663 6215 0.0506817 122628 0.987948
8 146364022 4779 0.0389715 122628 0.825668
9 141213431 4636 0.0378054 122628 0.830888
10 135534747 4850 0.0395505 122628 0.905046
11 135006516 6655 0.0542698 122628 1.24758
12 133851895 5367 0.0437665 122628 1.01311
13 115169878 5212 0.0425025 122628 1.14562
14 107349540 2980 0.0243011 122628 0.702345
15 102531392 2053 0.0167417 122628 0.505791
16 90354753 2160 0.0176142 122628 0.605301
17 81195210 1929 0.0157305 122628 0.600401
18 78077248 2814 0.0229475 122628 0.910613
19 59128983 1165 0.00950028 122628 0.497397
20 63025520 734 0.00598558 122628 0.294856
21 48129895 1137 0.00927194 122628 0.59819
22 51304566 673 0.00548814 122628 0.332615
X 155270560 6716 0.0547673 122628 1.09316
Y 59373566 57 0.00046482 122628 0.0243361
