1 249250621 5338 0.0804788 66328 1.00098
2 243199373 4200 0.0633217 66328 0.807674
3 198022430 4327 0.0652364 66328 1.02251
4 191154276 5207 0.0785038 66328 1.27441
5 180915260 3813 0.057487 66328 0.986055
6 171115067 3590 0.054125 66328 0.980525
7 159138663 2617 0.0394554 66328 0.769112
8 146364022 3623 0.0546225 66328 1.15726
9 141213431 2245 0.0338469 66328 0.743889
10 135534747 2237 0.0337263 66328 0.77177
11 135006516 3747 0.056492 66328 1.29867
12 133851895 3592 0.0541551 66328 1.25359
13 115169878 3104 0.0467977 66328 1.26139
14 107349540 1943 0.0292938 66328 0.846642
15 102531392 950 0.0143228 66328 0.432712
16 90354753 878 0.0132372 66328 0.454888
17 81195210 432 0.00651309 66328 0.248591
18 78077248 2845 0.0428929 66328 1.7021
19 59128983 377 0.00568387 66328 0.297585
20 63025520 401 0.00604571 66328 0.297818
21 48129895 1318 0.0198709 66328 1.282
22 51304566 263 0.00396514 66328 0.240312
X 155270560 4688 0.070679 66328 1.41076
Y 59373566 47 0.0007086 66328 0.0370995
