1 249250621 7 0.000695479 10065 0.00865024
2 243199373 8 0.000794834 10065 0.0101382
3 198022430 11 0.0010929 10065 0.01713
4 191154276 5 0.000496771 10065 0.00806446
5 180915260 5 0.000496771 10065 0.00852094
6 171115067 15 0.00149031 10065 0.0269984
7 159138663 11 0.0010929 10065 0.021304
8 146364022 5 0.000496771 10065 0.0105248
9 141213431 2 0.000198708 10065 0.00436722
10 135534747 6 0.000596125 10065 0.0136413
11 135006516 2 0.000198708 10065 0.00456801
12 133851895 3 0.000298063 10065 0.0068996
13 115169878 13 0.0012916 10065 0.0348141
14 107349540 0 0 10065 0
15 102531392 0 0 10065 0
16 90354753 2 0.000198708 10065 0.00682847
17 81195210 2 0.000198708 10065 0.00758429
18 78077248 6 0.000596125 10065 0.0236558
19 59128983 0 0 10065 0
20 63025520 9 0.000894188 10065 0.0440487
21 48129895 2 0.000198708 10065 0.0128199
22 51304566 2 0.000198708 10065 0.0120429
X 155270560 11 0.0010929 10065 0.0218143
Y 59373566 0 0 10065 0
