1 249250621 6681 0.0918565 72733 1.14249
2 243199373 6449 0.0886668 72733 1.13095
3 198022430 4171 0.0573467 72733 0.898852
4 191154276 4806 0.0660773 72733 1.07268
5 180915260 642 0.0088268 72733 0.151403
6 171115067 7974 0.109634 72733 1.98612
7 159138663 7887 0.108438 72733 2.1138
8 146364022 60 0.000824935 72733 0.0174774
9 141213431 2801 0.0385107 72733 0.846389
10 135534747 3937 0.0541295 72733 1.23866
11 135006516 3249 0.0446702 72733 1.0269
12 133851895 2948 0.0405318 72733 0.938236
13 115169878 4055 0.0557519 72733 1.50275
14 107349540 1590 0.0218608 72733 0.631814
15 102531392 2338 0.032145 72733 0.971147
16 90354753 27 0.000371221 72733 0.0127567
17 81195210 1884 0.025903 72733 0.988663
18 78077248 2367 0.0325437 72733 1.29142
19 59128983 53 0.000728693 72733 0.0381514
20 63025520 2283 0.0313888 72733 1.54625
21 48129895 56 0.000769939 72733 0.0496735
22 51304566 895 0.0123053 72733 0.745775
X 155270560 1368 0.0188085 72733 0.37542
Y 59373566 29 0.000398719 72733 0.0208753
