1 249250621 4181 0.0748452 55862 0.93091
2 243199373 5176 0.0926569 55862 1.18185
3 198022430 3965 0.0709785 55862 1.11252
4 191154276 3806 0.0681322 55862 1.10604
5 180915260 4590 0.0821668 55862 1.40938
6 171115067 3800 0.0680248 55862 1.23233
7 159138663 3819 0.0683649 55862 1.33265
8 146364022 3349 0.0599513 55862 1.27015
9 141213431 1949 0.0348895 55862 0.766803
10 135534747 793 0.0141957 55862 0.324844
11 135006516 2751 0.0492464 55862 1.1321
12 133851895 1263 0.0226093 55862 0.523363
13 115169878 3721 0.0666106 55862 1.79543
14 107349540 1329 0.0237908 55862 0.687595
15 102531392 813 0.0145537 55862 0.439689
16 90354753 1401 0.0250797 55862 0.861844
17 81195210 549 0.00982779 55862 0.375106
18 78077248 1982 0.0354803 55862 1.40795
19 59128983 336 0.00601482 55862 0.314912
20 63025520 512 0.00916544 55862 0.4515
21 48129895 229 0.00409939 55862 0.264477
22 51304566 218 0.00390247 55862 0.236514
X 155270560 3386 0.0606137 55862 1.20985
Y 59373566 29 0.000519136 55862 0.0271799
