1 249250621 10 0.000552395 18103 0.00687058
2 243199373 11 0.000607634 18103 0.00775043
3 198022430 10 0.000552395 18103 0.00865822
4 191154276 5 0.000276197 18103 0.00448372
5 180915260 12 0.000662874 18103 0.01137
6 171115067 3 0.000165718 18103 0.00300214
7 159138663 9 0.000497155 18103 0.00969113
8 146364022 5 0.000276197 18103 0.00585164
9 141213431 10 0.000552395 18103 0.0121405
10 135534747 8 0.000441916 18103 0.0101125
11 135006516 7 0.000386676 18103 0.00888911
12 133851895 3 0.000165718 18103 0.00383607
13 115169878 4 0.000220958 18103 0.00595574
14 107349540 4 0.000220958 18103 0.00638607
15 102531392 0 0 18103 0
16 90354753 3 0.000165718 18103 0.00569479
17 81195210 2 0.000110479 18103 0.00421675
18 78077248 3 0.000165718 18103 0.00657613
19 59128983 1 5.52395e-05 18103 0.00289212
20 63025520 5 0.000276197 18103 0.0136058
21 48129895 1 5.52395e-05 18103 0.00356384
22 51304566 1 5.52395e-05 18103 0.00334785
X 155270560 6 0.000331437 18103 0.0066155
Y 59373566 2 0.000110479 18103 0.00578424
