1 249250621 5661 0.0869425 65112 1.08137
2 243199373 5086 0.0781116 65112 0.996321
3 198022430 5583 0.0857446 65112 1.34396
4 191154276 4692 0.0720604 65112 1.16981
5 180915260 4596 0.0705861 65112 1.21074
6 171115067 4320 0.0663472 65112 1.20194
7 159138663 3267 0.0501751 65112 0.978072
8 146364022 1962 0.0301327 65112 0.638405
9 141213431 2718 0.0417435 65112 0.917439
10 135534747 2290 0.0351702 65112 0.804809
11 135006516 2638 0.0405148 65112 0.931375
12 133851895 3504 0.053815 65112 1.24572
13 115169878 3230 0.0496068 65112 1.33711
14 107349540 1938 0.0297641 65112 0.860234
15 102531392 1105 0.0169708 65112 0.512712
16 90354753 976 0.0149896 65112 0.515105
17 81195210 848 0.0130237 65112 0.497088
18 78077248 1189 0.0182608 65112 0.724637
19 59128983 803 0.0123326 65112 0.645686
20 63025520 527 0.00809375 65112 0.398707
21 48129895 529 0.00812446 65112 0.524159
22 51304566 289 0.00443851 65112 0.269
X 155270560 3245 0.0498372 65112 0.994755
Y 59373566 51 0.000783266 65112 0.0410087
