1 249250621 27797 0.0885167 314031 1.10095
2 243199373 28821 0.0917776 314031 1.17063
3 198022430 21664 0.0689868 314031 1.0813
4 191154276 21598 0.0687766 314031 1.1165
5 180915260 21109 0.0672195 314031 1.15299
6 171115067 22419 0.071391 314031 1.29332
7 159138663 16232 0.0516892 314031 1.00759
8 146364022 14357 0.0457184 314031 0.968611
9 141213431 10483 0.0333821 314031 0.733672
10 135534747 10828 0.0344807 314031 0.789031
11 135006516 13981 0.0445211 314031 1.02347
12 133851895 14487 0.0461324 314031 1.06788
13 115169878 12206 0.0388688 314031 1.04768
14 107349540 7088 0.022571 314031 0.652342
15 102531392 6078 0.0193548 314031 0.584736
16 90354753 8812 0.0280609 314031 0.964293
17 81195210 5360 0.0170684 314031 0.651465
18 78077248 4895 0.0155876 314031 0.618557
19 59128983 2608 0.00830491 314031 0.434812
20 63025520 3469 0.0110467 314031 0.544171
21 48129895 4619 0.0147087 314031 0.948951
22 51304566 2378 0.0075725 314031 0.458939
X 155270560 15916 0.0506829 314031 1.01163
Y 59373566 140 0.000445816 314031 0.0233411
