1 249250621 34 0.00121798 27915 0.015149
2 243199373 58 0.00207774 27915 0.0265017
3 198022430 19 0.000680638 27915 0.0106683
4 191154276 18 0.000644815 27915 0.0104678
5 180915260 14 0.000501522 27915 0.00860244
6 171115067 23 0.00082393 27915 0.0149263
7 159138663 37 0.00132545 27915 0.0258373
8 146364022 21 0.000752284 27915 0.0159382
9 141213431 8 0.000286584 27915 0.00629856
10 135534747 23 0.00082393 27915 0.0188542
11 135006516 10 0.00035823 27915 0.00823518
12 133851895 6 0.000214938 27915 0.00497542
13 115169878 14 0.000501522 27915 0.0135181
14 107349540 3 0.000107469 27915 0.00310604
15 102531392 127 0.00454953 27915 0.137448
16 90354753 8 0.000286584 27915 0.00984826
17 81195210 3 0.000107469 27915 0.00410187
18 78077248 9 0.000322407 27915 0.0127939
19 59128983 6 0.000214938 27915 0.0112533
20 63025520 26 0.000931399 27915 0.0458817
21 48129895 0 0 27915 0
22 51304566 1 3.5823e-05 27915 0.00217109
X 155270560 3410 0.122157 27915 2.43825
Y 59373566 6 0.000214938 27915 0.0112533
