1 249250621 4108 0.0947679 43348 1.17871
2 243199373 3528 0.0813878 43348 1.03811
3 198022430 2983 0.0688152 43348 1.07861
4 191154276 3067 0.070753 43348 1.14859
5 180915260 3072 0.0708683 43348 1.21558
6 171115067 2869 0.0661853 43348 1.19901
7 159138663 2103 0.0485143 43348 0.945699
8 146364022 1912 0.0441081 43348 0.934495
9 141213431 1767 0.0407631 43348 0.895893
10 135534747 1714 0.0395405 43348 0.904816
11 135006516 2105 0.0485605 43348 1.11633
12 133851895 1565 0.0361032 43348 0.835721
13 115169878 2627 0.0606026 43348 1.63349
14 107349540 1142 0.0263449 43348 0.761414
15 102531392 568 0.0131033 43348 0.395869
16 90354753 820 0.0189167 43348 0.650058
17 81195210 629 0.0145105 43348 0.553835
18 78077248 883 0.02037 43348 0.808334
19 59128983 388 0.00895082 43348 0.468629
20 63025520 297 0.00685153 43348 0.337514
21 48129895 586 0.0135185 43348 0.872161
22 51304566 146 0.00336809 43348 0.204127
X 155270560 2259 0.0521131 43348 1.04018
Y 59373566 22 0.000507521 43348 0.0265718
