1 249250621 12995 0.0960139 135345 1.1942
2 243199373 9717 0.0717943 135345 0.915744
3 198022430 11072 0.0818058 135345 1.28222
4 191154276 8783 0.0648934 135345 1.05346
5 180915260 10261 0.0758137 135345 1.30041
6 171115067 9426 0.0696442 135345 1.26167
7 159138663 8378 0.0619011 135345 1.20665
8 146364022 6549 0.0483875 135345 1.02516
9 141213431 3950 0.0291847 135345 0.641421
10 135534747 5164 0.0381543 135345 0.873097
11 135006516 5702 0.0421294 135345 0.968491
12 133851895 5770 0.0426318 135345 0.986847
13 115169878 6567 0.0485204 135345 1.30783
14 107349540 3970 0.0293324 135345 0.847759
15 102531392 1443 0.0106616 135345 0.322104
16 90354753 1974 0.0145849 135345 0.501201
17 81195210 1824 0.0134767 135345 0.514377
18 78077248 3822 0.0282389 135345 1.12059
19 59128983 807 0.00596254 135345 0.312175
20 63025520 1063 0.007854 135345 0.386897
21 48129895 2358 0.0174221 135345 1.12401
22 51304566 717 0.00529757 135345 0.321065
X 155270560 7304 0.0539658 135345 1.07716
Y 59373566 78 0.000576305 135345 0.030173
