1 249250621 36 0.00128811 27948 0.0160212
2 243199373 46 0.00164591 27948 0.0209938
3 198022430 25 0.000894518 27948 0.0140207
4 191154276 20 0.000715615 27948 0.0116171
5 180915260 24 0.000858738 27948 0.0147296
6 171115067 33 0.00118076 27948 0.0213907
7 159138663 42 0.00150279 27948 0.0292942
8 146364022 13 0.00046515 27948 0.00985486
9 141213431 12 0.000429369 27948 0.00943668
10 135534747 13 0.00046515 27948 0.0106442
11 135006516 14 0.00050093 27948 0.0115156
12 133851895 4 0.000143123 27948 0.00331303
13 115169878 12 0.000429369 27948 0.0115733
14 107349540 6 0.000214684 27948 0.00620475
15 102531392 7 0.000250465 27948 0.00756692
16 90354753 6 0.000214684 27948 0.00737747
17 81195210 3 0.000107342 27948 0.00409703
18 78077248 9 0.000322027 27948 0.0127788
19 59128983 4 0.000143123 27948 0.00749335
20 63025520 15 0.000536711 27948 0.026439
21 48129895 4 0.000143123 27948 0.00923374
22 51304566 2 7.15615e-05 27948 0.00433706
X 155270560 14 0.00050093 27948 0.00999861
Y 59373566 0 0 27948 0
