1 249250621 6331 0.092713 68286 1.15315
2 243199373 5106 0.0747737 68286 0.953747
3 198022430 4017 0.0588261 68286 0.922039
4 191154276 4107 0.0601441 68286 0.976365
5 180915260 4465 0.0653868 68286 1.12156
6 171115067 4676 0.0684767 68286 1.24052
7 159138663 3629 0.0531441 68286 1.03595
8 146364022 3460 0.0506692 68286 1.0735
9 141213431 2234 0.0327153 68286 0.719019
10 135534747 1990 0.0291421 68286 0.666868
11 135006516 3841 0.0562487 68286 1.29307
12 133851895 3218 0.0471253 68286 1.09086
13 115169878 3239 0.0474329 68286 1.27851
14 107349540 2173 0.031822 68286 0.919712
15 102531392 796 0.0116569 68286 0.352171
16 90354753 1530 0.0224058 68286 0.769958
17 81195210 886 0.0129748 68286 0.495223
18 78077248 2046 0.0299622 68286 1.18898
19 59128983 330 0.00483262 68286 0.253017
20 63025520 641 0.00938699 68286 0.462413
21 48129895 623 0.00912339 68286 0.588606
22 51304566 340 0.00497906 68286 0.301761
X 155270560 4539 0.0664704 68286 1.32676
Y 59373566 47 0.000688282 68286 0.0360357
