1 249250621 1093 0.0681124 16047 0.847169
2 243199373 1892 0.117904 16047 1.50387
3 198022430 755 0.0470493 16047 0.73745
4 191154276 630 0.0392597 16047 0.637332
5 180915260 33 0.00205646 16047 0.0352737
6 171115067 3165 0.197233 16047 3.57306
7 159138663 112 0.0069795 16047 0.136053
8 146364022 862 0.0537172 16047 1.13808
9 141213431 1151 0.0717268 16047 1.57641
10 135534747 10 0.000623169 16047 0.0142602
11 135006516 858 0.0534679 16047 1.22915
12 133851895 434 0.0270456 16047 0.626054
13 115169878 1612 0.100455 16047 2.70768
14 107349540 517 0.0322179 16047 0.931152
15 102531392 8 0.000498536 16047 0.0150615
16 90354753 12 0.000747803 16047 0.0256977
17 81195210 486 0.030286 16047 1.15596
18 78077248 365 0.0227457 16047 0.902607
19 59128983 123 0.00766498 16047 0.401308
20 63025520 279 0.0173864 16047 0.856474
21 48129895 108 0.00673023 16047 0.434208
22 51304566 65 0.0040506 16047 0.245491
X 155270560 439 0.0273571 16047 0.546051
Y 59373566 7 0.000436219 16047 0.0228387
