1 249250621 38 0.00119182 31884 0.0148236
2 243199373 25 0.000784092 31884 0.0100012
3 198022430 23 0.000721365 31884 0.0113067
4 191154276 42 0.00131728 31884 0.0213843
5 180915260 19 0.00059591 31884 0.0102214
6 171115067 12 0.000376364 31884 0.00681819
7 159138663 32 0.00100364 31884 0.0195641
8 146364022 30 0.000940911 31884 0.0199346
9 141213431 19 0.00059591 31884 0.0130969
10 135534747 23 0.000721365 31884 0.0165072
11 135006516 22 0.000690001 31884 0.0158621
12 133851895 18 0.000564546 31884 0.0130682
13 115169878 30 0.000940911 31884 0.0253615
14 107349540 5 0.000156818 31884 0.00453233
15 102531392 13 0.000407728 31884 0.0123181
16 90354753 4 0.000125455 31884 0.00431116
17 81195210 10 0.000313637 31884 0.0119709
18 78077248 9 0.000282273 31884 0.0112013
19 59128983 3 9.40911e-05 31884 0.00492623
20 63025520 25 0.000784092 31884 0.0386252
21 48129895 2 6.27274e-05 31884 0.00404693
22 51304566 3 9.40911e-05 31884 0.00570249
X 155270560 8 0.00025091 31884 0.00500817
Y 59373566 2 6.27274e-05 31884 0.00328416
