1 249250621 14064 0.0773746 181765 0.962371
2 243199373 16900 0.0929772 181765 1.18593
3 198022430 14772 0.0812698 181765 1.27382
4 191154276 12092 0.0665255 181765 1.07996
5 180915260 10363 0.0570132 181765 0.977928
6 171115067 13556 0.0745798 181765 1.35108
7 159138663 9956 0.054774 181765 1.06772
8 146364022 5732 0.0315352 181765 0.668119
9 141213431 6198 0.034099 181765 0.749428
10 135534747 6493 0.0357219 181765 0.817436
11 135006516 6182 0.0340109 181765 0.781861
12 133851895 6361 0.0349957 181765 0.810086
13 115169878 13717 0.0754656 181765 2.03411
14 107349540 3350 0.0184304 181765 0.53267
15 102531392 2155 0.011856 181765 0.358186
16 90354753 4044 0.0222485 181765 0.764554
17 81195210 1909 0.0105026 181765 0.400862
18 78077248 5796 0.0318873 181765 1.26537
19 59128983 1341 0.00737766 181765 0.386265
20 63025520 1619 0.00890711 181765 0.438774
21 48129895 2146 0.0118065 181765 0.761707
22 51304566 883 0.00485792 181765 0.294419
X 155270560 10184 0.0560284 181765 1.11833
Y 59373566 112 0.00061618 181765 0.0322607
