1 249250621 4406 0.0718549 61318 0.893718
2 243199373 5064 0.0825859 61318 1.05339
3 198022430 4730 0.0771388 61318 1.20907
4 191154276 3827 0.0624123 61318 1.01319
5 180915260 4962 0.0809224 61318 1.38803
6 171115067 3343 0.0545191 61318 0.987664
7 159138663 3285 0.0535732 61318 1.04431
8 146364022 2618 0.0426955 61318 0.904565
9 141213431 1685 0.0274797 61318 0.603949
10 135534747 2428 0.0395969 61318 0.906107
11 135006516 2953 0.0481588 61318 1.1071
12 133851895 1750 0.0285397 61318 0.660642
13 115169878 2937 0.0478978 61318 1.29105
14 107349540 1733 0.0282625 61318 0.816835
15 102531392 1126 0.0183633 61318 0.554782
16 90354753 673 0.0109756 61318 0.377167
17 81195210 1122 0.0182981 61318 0.698399
18 78077248 1816 0.0296161 61318 1.17524
19 59128983 921 0.0150201 61318 0.786391
20 63025520 870 0.0141883 61318 0.698932
21 48129895 964 0.0157213 61318 1.01428
22 51304566 295 0.00481099 61318 0.291575
X 155270560 4607 0.0751329 61318 1.49966
Y 59373566 52 0.000848038 61318 0.0443999
