1 249250621 5374 0.0702098 76542 0.873256
2 243199373 6996 0.0914008 76542 1.16583
3 198022430 5957 0.0778266 76542 1.21985
4 191154276 6063 0.0792114 76542 1.2859
5 180915260 6364 0.0831439 76542 1.42614
6 171115067 5000 0.0653236 76542 1.1834
7 159138663 4551 0.0594576 76542 1.15902
8 146364022 4495 0.0587259 76542 1.24419
9 141213431 2429 0.0317342 76542 0.697455
10 135534747 2547 0.0332758 76542 0.761461
11 135006516 3185 0.0416111 76542 0.956578
12 133851895 3389 0.0442763 76542 1.02492
13 115169878 2784 0.0363722 76542 0.980382
14 107349540 1994 0.0260511 76542 0.752921
15 102531392 1515 0.0197931 76542 0.597977
16 90354753 1898 0.0247968 76542 0.852125
17 81195210 962 0.0125683 76542 0.479705
18 78077248 1910 0.0249536 76542 0.990223
19 59128983 308 0.00402393 76542 0.210677
20 63025520 560 0.00731624 76542 0.360406
21 48129895 583 0.00761673 76542 0.491402
22 51304566 276 0.00360586 76542 0.218537
X 155270560 3597 0.0469938 76542 0.938
Y 59373566 29 0.000378877 76542 0.0198365
