1 249250621 8376 0.0963312 86950 1.19815
2 243199373 7308 0.0840483 86950 1.07204
3 198022430 6801 0.0782174 86950 1.22598
4 191154276 7173 0.0824957 86950 1.33922
5 180915260 4410 0.0507188 86950 0.869962
6 171115067 5938 0.0682921 86950 1.23718
7 159138663 4190 0.0481886 86950 0.939349
8 146364022 4436 0.0510178 86950 1.08089
9 141213431 3174 0.0365037 86950 0.80228
10 135534747 3120 0.0358827 86950 0.821114
11 135006516 2742 0.0315354 86950 0.724951
12 133851895 3956 0.0454974 86950 1.05318
13 115169878 4294 0.0493847 86950 1.33112
14 107349540 2324 0.026728 86950 0.772486
15 102531392 2328 0.026774 86950 0.808882
16 90354753 1440 0.0165612 86950 0.569115
17 81195210 1287 0.0148016 86950 0.564947
18 78077248 1344 0.0154572 86950 0.613379
19 59128983 764 0.00878666 86950 0.460035
20 63025520 260 0.00299022 86950 0.147302
21 48129895 809 0.0093042 86950 0.600271
22 51304566 410 0.00471535 86950 0.285779
X 155270560 5217 0.06 86950 1.1976
Y 59373566 48 0.000552041 86950 0.0289027
