1 249250621 8268 0.0974127 84876 1.2116
2 243199373 5259 0.061961 84876 0.790319
3 198022430 6148 0.0724351 84876 1.13535
4 191154276 4957 0.0584028 84876 0.948098
5 180915260 5647 0.0665324 84876 1.14121
6 171115067 6000 0.0706914 84876 1.28064
7 159138663 4933 0.0581201 84876 1.13295
8 146364022 4019 0.0473514 84876 1.00321
9 141213431 3790 0.0446534 84876 0.981393
10 135534747 3076 0.0362411 84876 0.829316
11 135006516 3469 0.0408714 84876 0.939572
12 133851895 3027 0.0356638 84876 0.825551
13 115169878 3943 0.046456 84876 1.25218
14 107349540 2596 0.0305858 84876 0.883983
15 102531392 1987 0.0234106 84876 0.70727
16 90354753 1863 0.0219497 84876 0.754284
17 81195210 1634 0.0192516 84876 0.734794
18 78077248 2003 0.0235991 84876 0.936474
19 59128983 964 0.0113577 84876 0.594646
20 63025520 1287 0.0151633 84876 0.74696
21 48129895 460 0.00541967 84876 0.349656
22 51304566 452 0.00532542 84876 0.322752
X 155270560 5568 0.0656016 84876 1.30941
Y 59373566 34 0.000400584 84876 0.020973
