1 249250621 4915 0.085838 57259 1.06764
2 243199373 4341 0.0758134 57259 0.967008
3 198022430 4534 0.0791841 57259 1.24113
4 191154276 3342 0.0583664 57259 0.947506
5 180915260 4770 0.0833057 57259 1.42891
6 171115067 3983 0.0695611 57259 1.26017
7 159138663 2415 0.0421768 57259 0.822159
8 146364022 2725 0.0475908 57259 1.00828
9 141213431 1533 0.0267731 57259 0.588419
10 135534747 1852 0.0323443 57259 0.740143
11 135006516 1820 0.0317854 57259 0.730699
12 133851895 2713 0.0473812 57259 1.09679
13 115169878 3238 0.0565501 57259 1.52426
14 107349540 991 0.0173073 57259 0.500212
15 102531392 1216 0.0212368 57259 0.641596
16 90354753 1406 0.0245551 57259 0.843818
17 81195210 491 0.00857507 57259 0.327293
18 78077248 1495 0.0261094 57259 1.03609
19 59128983 555 0.0096928 57259 0.507476
20 63025520 528 0.00922126 57259 0.454249
21 48129895 1043 0.0182155 57259 1.17519
22 51304566 256 0.00447091 57259 0.270964
X 155270560 4219 0.0736827 57259 1.47071
Y 59373566 49 0.000855761 57259 0.0448042
