1 249250621 6485 0.105463 61491 1.31172
2 243199373 3873 0.0629848 61491 0.803378
3 198022430 3600 0.0585452 61491 0.917636
4 191154276 4769 0.0775561 61491 1.25903
5 180915260 3401 0.0553089 61491 0.948695
6 171115067 3562 0.0579272 61491 1.04941
7 159138663 3282 0.0533737 61491 1.04042
8 146364022 4712 0.0766291 61491 1.6235
9 141213431 2908 0.0472915 61491 1.03937
10 135534747 1959 0.0318583 61491 0.729023
11 135006516 2189 0.0355987 61491 0.818361
12 133851895 2206 0.0358752 61491 0.830444
13 115169878 1475 0.0239873 61491 0.646557
14 107349540 1467 0.0238571 61491 0.689513
15 102531392 1508 0.0245239 61491 0.740904
16 90354753 687 0.0111724 61491 0.38393
17 81195210 811 0.0131889 61491 0.503394
18 78077248 228 0.00370786 61491 0.147137
19 59128983 386 0.00627734 61491 0.328657
20 63025520 323 0.0052528 61491 0.258759
21 48129895 1240 0.0201656 61491 1.301
22 51304566 92 0.00149615 61491 0.090676
X 155270560 5969 0.0970711 61491 1.93755
Y 59373566 46 0.000748077 61491 0.0391663
