1 249250621 3578 0.0606451 58999 0.754292
2 243199373 8059 0.136596 58999 1.74229
3 198022430 4590 0.0777979 58999 1.2194
4 191154276 3274 0.0554925 58999 0.900852
5 180915260 3388 0.0574247 58999 0.984986
6 171115067 3323 0.056323 58999 1.02034
7 159138663 4922 0.0834251 58999 1.62622
8 146364022 2345 0.0397464 58999 0.842086
9 141213431 1379 0.0233733 58999 0.513698
10 135534747 2325 0.0394074 58999 0.901772
11 135006516 3878 0.0657299 58999 1.51103
12 133851895 2659 0.0450686 58999 1.04325
13 115169878 1942 0.0329158 58999 0.887219
14 107349540 1416 0.0240004 58999 0.693653
15 102531392 710 0.0120341 58999 0.363568
16 90354753 2611 0.044255 58999 1.52079
17 81195210 720 0.0122036 58999 0.465786
18 78077248 2182 0.0369837 58999 1.46761
19 59128983 588 0.00996627 58999 0.521794
20 63025520 1103 0.0186952 58999 0.920947
21 48129895 179 0.00303395 58999 0.195739
22 51304566 144 0.00244072 58999 0.147922
X 155270560 838 0.0142036 58999 0.283506
Y 59373566 21 0.000355938 58999 0.0186355
