1 249250621 23 0.000762549 30162 0.00948444
2 243199373 62 0.00205557 30162 0.026219
3 198022430 27 0.000895166 30162 0.0140308
4 191154276 41 0.00135933 30162 0.022067
5 180915260 34 0.00112725 30162 0.0193353
6 171115067 19 0.000629932 30162 0.0114118
7 159138663 24 0.000795703 30162 0.0155108
8 146364022 22 0.000729395 30162 0.0154533
9 141213431 15 0.000497315 30162 0.01093
10 135534747 19 0.000629932 30162 0.0144149
11 135006516 32 0.00106094 30162 0.0243894
12 133851895 14 0.00046416 30162 0.0107444
13 115169878 12 0.000397852 30162 0.0107238
14 107349540 21 0.00069624 30162 0.0201226
15 102531392 13 0.000431006 30162 0.0130213
16 90354753 3 9.94629e-05 30162 0.00341797
17 81195210 7 0.00023208 30162 0.00885802
18 78077248 10 0.000331543 30162 0.0131565
19 59128983 13 0.000431006 30162 0.0225658
20 63025520 12 0.000397852 30162 0.0195986
21 48129895 6 0.000198926 30162 0.0128339
22 51304566 10 0.000331543 30162 0.0200935
X 155270560 31 0.00102778 30162 0.0205146
Y 59373566 0 0 30162 0
