1 249250621 35 0.00076667 45652 0.00953569
2 243199373 60 0.00131429 45652 0.0167639
3 198022430 54 0.00118286 45652 0.0185402
4 191154276 51 0.00111715 45652 0.0181355
5 180915260 39 0.000854289 45652 0.0146533
6 171115067 36 0.000788574 45652 0.0142858
7 159138663 48 0.00105143 45652 0.0204958
8 146364022 36 0.000788574 45652 0.0167071
9 141213431 24 0.000525716 45652 0.0115542
10 135534747 21 0.000460002 45652 0.0105264
11 135006516 32 0.000700955 45652 0.0161139
12 133851895 27 0.000591431 45652 0.0136905
13 115169878 30 0.000657145 45652 0.0177128
14 107349540 20 0.000438097 45652 0.0126618
15 102531392 21 0.000460002 45652 0.0138973
16 90354753 9 0.000197144 45652 0.00677469
17 81195210 11 0.000240953 45652 0.00919669
18 78077248 22 0.000481907 45652 0.0191233
19 59128983 8 0.000175239 45652 0.0091748
20 63025520 39 0.000854289 45652 0.0420832
21 48129895 3 6.57145e-05 45652 0.00423965
22 51304566 5 0.000109524 45652 0.00663783
X 155270560 25 0.000547621 45652 0.0109306
Y 59373566 2 4.38097e-05 45652 0.0022937
