1 249250621 11765 0.0932021 126231 1.15923
2 243199373 9988 0.0791248 126231 1.00924
3 198022430 8584 0.0680023 126231 1.06587
4 191154276 9625 0.0762491 126231 1.23781
5 180915260 6723 0.0532595 126231 0.913542
6 171115067 8332 0.066006 126231 1.19576
7 159138663 6778 0.0536952 126231 1.04669
8 146364022 4606 0.0364887 126231 0.773065
9 141213431 4251 0.0336764 126231 0.74014
10 135534747 6423 0.0508829 126231 1.16437
11 135006516 5544 0.0439195 126231 1.00964
12 133851895 4199 0.0332644 126231 0.77001
13 115169878 6621 0.0524515 126231 1.41379
14 107349540 2781 0.022031 126231 0.636735
15 102531392 2737 0.0216825 126231 0.65506
16 90354753 949 0.00751796 126231 0.258349
17 81195210 2112 0.0167312 126231 0.638597
18 78077248 2756 0.021833 126231 0.866388
19 59128983 994 0.00787445 126231 0.412275
20 63025520 1411 0.0111779 126231 0.550636
21 48129895 1147 0.00908652 126231 0.586227
22 51304566 662 0.00524435 126231 0.31784
X 155270560 7236 0.0573235 126231 1.14418
Y 59373566 63 0.000499085 126231 0.0261301
