1 249250621 1509 0.0231151 65282 0.287501
2 243199373 3430 0.0525413 65282 0.670169
3 198022430 3739 0.0572746 65282 0.897721
4 191154276 5056 0.0774486 65282 1.25728
5 180915260 3093 0.0473791 65282 0.812677
6 171115067 6529 0.100012 65282 1.81182
7 159138663 4898 0.0750283 65282 1.46254
8 146364022 3249 0.0497687 65282 1.05442
9 141213431 3960 0.0606599 65282 1.33318
10 135534747 2083 0.0319077 65282 0.730154
11 135006516 1754 0.026868 65282 0.617656
12 133851895 3150 0.0482522 65282 1.11695
13 115169878 8725 0.133651 65282 3.60245
14 107349540 1540 0.02359 65282 0.681791
15 102531392 970 0.0148586 65282 0.448901
16 90354753 803 0.0123005 65282 0.422697
17 81195210 1445 0.0221347 65282 0.844837
18 78077248 2854 0.043718 65282 1.73484
19 59128983 941 0.0144144 65282 0.75468
20 63025520 604 0.00925217 65282 0.455772
21 48129895 444 0.00680126 65282 0.438791
22 51304566 617 0.0094513 65282 0.572806
X 155270560 617 0.0094513 65282 0.188649
Y 59373566 25 0.000382954 65282 0.0200499
