1 249250621 3775 0.0945902 39909 1.17649
2 243199373 3498 0.0876494 39909 1.11798
3 198022430 2767 0.0693327 39909 1.08672
4 191154276 3024 0.0757724 39909 1.23007
5 180915260 2473 0.061966 39909 1.06288
6 171115067 2051 0.0513919 39909 0.931013
7 159138663 1875 0.0469819 39909 0.915826
8 146364022 1024 0.0256584 39909 0.54361
9 141213431 1325 0.0332005 39909 0.729682
10 135534747 1986 0.0497632 39909 1.13875
11 135006516 2123 0.053196 39909 1.2229
12 133851895 2132 0.0534215 39909 1.23661
13 115169878 2171 0.0543988 39909 1.46627
14 107349540 1534 0.0384374 39909 1.11091
15 102531392 837 0.0209727 39909 0.633617
16 90354753 720 0.018041 39909 0.619967
17 81195210 755 0.018918 39909 0.722063
18 78077248 893 0.0223759 39909 0.887933
19 59128983 638 0.0159864 39909 0.836983
20 63025520 298 0.00746699 39909 0.367832
21 48129895 276 0.00691573 39909 0.446176
22 51304566 130 0.00325741 39909 0.197419
X 155270560 2680 0.0671528 39909 1.34037
Y 59373566 32 0.000801824 39909 0.0419803
