1 249250621 9905 0.077155 128378 0.959639
2 243199373 9443 0.0735562 128378 0.938217
3 198022430 8981 0.0699575 128378 1.09651
4 191154276 10498 0.0817741 128378 1.3275
5 180915260 8542 0.0665379 128378 1.1413
6 171115067 7579 0.0590366 128378 1.0695
7 159138663 9383 0.0730888 128378 1.42473
8 146364022 3796 0.0295689 128378 0.62646
9 141213431 5472 0.0426241 128378 0.936794
10 135534747 5394 0.0420165 128378 0.961477
11 135006516 6834 0.0532334 128378 1.22376
12 133851895 4302 0.0335104 128378 0.775704
13 115169878 7825 0.0609528 128378 1.64293
14 107349540 3715 0.028938 128378 0.836358
15 102531392 2613 0.020354 128378 0.614923
16 90354753 855 0.00666002 128378 0.228867
17 81195210 1320 0.0102821 128378 0.392448
18 78077248 3775 0.0294053 128378 1.16688
19 59128983 724 0.0056396 128378 0.295267
20 63025520 1177 0.00916824 128378 0.451637
21 48129895 653 0.00508654 128378 0.328164
22 51304566 749 0.00583433 128378 0.353596
X 155270560 6801 0.0529764 128378 1.05741
Y 59373566 94 0.000732213 128378 0.0383357
