1 249250621 17279 0.126977 136080 1.57931
2 243199373 12915 0.0949074 136080 1.21055
3 198022430 10215 0.0750661 136080 1.17659
4 191154276 5883 0.0432319 136080 0.701817
5 180915260 11261 0.0827528 136080 1.41943
6 171115067 8060 0.0592299 136080 1.073
7 159138663 2550 0.018739 136080 0.365282
8 146364022 5598 0.0411376 136080 0.871559
9 141213431 8565 0.0629409 136080 1.38332
10 135534747 2206 0.0162111 136080 0.370962
11 135006516 5157 0.0378968 136080 0.871191
12 133851895 8314 0.0610964 136080 1.41427
13 115169878 4569 0.0335758 136080 0.905009
14 107349540 3754 0.0275867 136080 0.797304
15 102531392 1486 0.01092 136080 0.329911
16 90354753 5618 0.0412845 136080 1.41871
17 81195210 614 0.00451205 136080 0.172216
18 78077248 2144 0.0157554 136080 0.625216
19 59128983 2342 0.0172105 136080 0.901071
20 63025520 960 0.00705467 136080 0.347521
21 48129895 772 0.00567313 136080 0.366009
22 51304566 253 0.0018592 136080 0.112679
X 155270560 4731 0.0347663 136080 0.693938
Y 59373566 72 0.000529101 136080 0.0277016
