1 249250621 7272 0.102149 71190 1.27051
2 243199373 6456 0.0906869 71190 1.15672
3 198022430 5132 0.0720888 71190 1.12992
4 191154276 6096 0.08563 71190 1.3901
5 180915260 4568 0.0641663 71190 1.10062
6 171115067 5009 0.070361 71190 1.27466
7 159138663 4139 0.0581402 71190 1.13334
8 146364022 4115 0.0578031 71190 1.22464
9 141213431 2793 0.039233 71190 0.862265
10 135534747 2578 0.036213 71190 0.828672
11 135006516 1665 0.0233881 71190 0.537658
12 133851895 1767 0.0248209 71190 0.574558
13 115169878 3651 0.0512853 71190 1.38235
14 107349540 733 0.0102964 71190 0.297584
15 102531392 1365 0.019174 71190 0.579276
16 90354753 1300 0.018261 71190 0.627525
17 81195210 1058 0.0148616 71190 0.567238
18 78077248 1008 0.0141593 71190 0.561877
19 59128983 517 0.00726226 71190 0.380223
20 63025520 492 0.00691108 71190 0.340447
21 48129895 621 0.00872314 71190 0.562783
22 51304566 211 0.0029639 71190 0.17963
X 155270560 4656 0.0654024 71190 1.30544
Y 59373566 46 0.000646158 71190 0.0338303
