1 249250621 8317 0.0652759 127413 0.811889
2 243199373 10091 0.0791991 127413 1.01019
3 198022430 7561 0.0593425 127413 0.930132
4 191154276 9001 0.0706443 127413 1.14682
5 180915260 8671 0.0680543 127413 1.16731
6 171115067 8513 0.0668142 127413 1.2104
7 159138663 5082 0.039886 127413 0.777506
8 146364022 5365 0.0421072 127413 0.892101
9 141213431 3565 0.0279799 127413 0.614942
10 135534747 1829 0.0143549 127413 0.328487
11 135006516 3531 0.027713 127413 0.637081
12 133851895 4768 0.0374216 127413 0.866241
13 115169878 6594 0.051753 127413 1.39496
14 107349540 2498 0.0196055 127413 0.566634
15 102531392 1545 0.0121259 127413 0.366342
16 90354753 1686 0.0132326 127413 0.454727
17 81195210 1687 0.0132404 127413 0.505359
18 78077248 3437 0.0269753 127413 1.07045
19 59128983 1102 0.00864904 127413 0.452829
20 63025520 824 0.00646716 127413 0.318579
21 48129895 484 0.00379867 127413 0.245076
22 51304566 511 0.00401058 127413 0.243065
X 155270560 6812 0.0534639 127413 1.06714
Y 59373566 72 0.000565091 127413 0.0295859
