1 249250621 10150 0.0994299 102082 1.23669
2 243199373 6873 0.0673282 102082 0.858778
3 198022430 7117 0.0697185 102082 1.09277
4 191154276 8473 0.0830019 102082 1.34743
5 180915260 5463 0.0535158 102082 0.917938
6 171115067 5969 0.0584726 102082 1.05929
7 159138663 6107 0.0598245 102082 1.16617
8 146364022 3807 0.0372935 102082 0.790118
9 141213431 3744 0.0366764 102082 0.806075
10 135534747 4012 0.0393017 102082 0.899353
11 135006516 4915 0.0481476 102082 1.10684
12 133851895 2613 0.0255971 102082 0.592525
13 115169878 4438 0.0434749 102082 1.17183
14 107349540 2448 0.0239807 102082 0.693084
15 102531392 1666 0.0163202 102082 0.493058
16 90354753 2283 0.0223644 102082 0.768535
17 81195210 1307 0.0128034 102082 0.488681
18 78077248 1870 0.0183186 102082 0.726929
19 59128983 755 0.00739601 102082 0.387226
20 63025520 1764 0.0172802 102082 0.851243
21 48129895 1941 0.0190141 102082 1.22672
22 51304566 530 0.0051919 102082 0.314661
X 155270560 6383 0.0625282 102082 1.24807
Y 59373566 48 0.00047021 102082 0.0246183
