1 249250621 3104 0.0782692 39658 0.973498
2 243199373 3429 0.0864643 39658 1.10286
3 198022430 2805 0.0707297 39658 1.10862
4 191154276 2992 0.0754451 39658 1.22476
5 180915260 2670 0.0673256 39658 1.15481
6 171115067 2451 0.0618034 39658 1.11963
7 159138663 2289 0.0577185 39658 1.12512
8 146364022 1898 0.0478592 39658 1.01397
9 141213431 1484 0.0374199 39658 0.822416
10 135534747 1243 0.031343 39658 0.717231
11 135006516 2200 0.0554743 39658 1.27527
12 133851895 721 0.0181804 39658 0.420844
13 115169878 2025 0.0510616 39658 1.37632
14 107349540 1259 0.0317464 39658 0.917527
15 102531392 602 0.0151798 39658 0.458604
16 90354753 1124 0.0283423 39658 0.973963
17 81195210 221 0.00557265 39658 0.212696
18 78077248 786 0.0198195 39658 0.786486
19 59128983 545 0.0137425 39658 0.719503
20 63025520 383 0.00965757 39658 0.475742
21 48129895 226 0.00569872 39658 0.36766
22 51304566 102 0.00257199 39658 0.155878
X 155270560 2765 0.0697211 39658 1.39164
Y 59373566 29 0.000731252 39658 0.0382855
