1 249250621 249 0.0143029 17409 0.177897
2 243199373 281 0.0161411 17409 0.205881
3 198022430 348 0.0199897 17409 0.313318
4 191154276 214 0.0122925 17409 0.199553
5 180915260 273 0.0156815 17409 0.26898
6 171115067 276 0.0158539 17409 0.287208
7 159138663 192 0.0110288 17409 0.214986
8 146364022 183 0.0105118 17409 0.222708
9 141213431 98 0.00562927 17409 0.12372
10 135534747 22 0.00126371 17409 0.0289179
11 135006516 139 0.00798438 17409 0.183549
12 133851895 233 0.0133839 17409 0.309812
13 115169878 313 0.0179792 17409 0.484615
14 107349540 47 0.00269975 17409 0.0780275
15 102531392 25 0.00143604 17409 0.0433849
16 90354753 12 0.000689299 17409 0.0236872
17 81195210 15 0.000861623 17409 0.0328864
18 78077248 64 0.00367626 17409 0.145883
19 59128983 7 0.000402091 17409 0.0210519
20 63025520 18 0.00103395 17409 0.0509334
21 48129895 100 0.00574416 17409 0.370591
22 51304566 6 0.000344649 17409 0.0208878
X 155270560 145 0.00832903 17409 0.166248
Y 59373566 2 0.000114883 17409 0.00601482
