1 249250621 50 0.000943752 52980 0.0117382
2 243199373 63 0.00118913 52980 0.0151674
3 198022430 34 0.000641752 52980 0.0100588
4 191154276 42 0.000792752 52980 0.0128694
5 180915260 39 0.000736127 52980 0.0126265
6 171115067 58 0.00109475 52980 0.0198325
7 159138663 50 0.000943752 52980 0.0183967
8 146364022 37 0.000698377 52980 0.0147961
9 141213431 18 0.000339751 52980 0.00746705
10 135534747 16 0.000302001 52980 0.00691077
11 135006516 29 0.000547376 52980 0.0125834
12 133851895 28 0.000528501 52980 0.0122338
13 115169878 17 0.000320876 52980 0.00864894
14 107349540 11 0.000207626 52980 0.00600074
15 102531392 18 0.000339751 52980 0.0102644
16 90354753 10 0.00018875 52980 0.00648627
17 81195210 9 0.000169875 52980 0.00648379
18 78077248 10 0.00018875 52980 0.0074901
19 59128983 9 0.000169875 52980 0.008894
20 63025520 14 0.000264251 52980 0.0130173
21 48129895 7 0.000132125 52980 0.00852421
22 51304566 5 9.43752e-05 52980 0.00571971
X 155270560 44 0.000830502 52980 0.0165769
Y 59373566 0 0 52980 0
