1 249250621 5891 0.0949166 62065 1.18055
2 243199373 5256 0.0846854 62065 1.08017
3 198022430 4899 0.0789334 62065 1.2372
4 191154276 4724 0.0761138 62065 1.23561
5 180915260 2872 0.0462741 62065 0.793723
6 171115067 4902 0.0789817 62065 1.43083
7 159138663 3263 0.0525739 62065 1.02483
8 146364022 2488 0.040087 62065 0.849301
9 141213431 2006 0.032321 62065 0.710351
10 135534747 1764 0.0284218 62065 0.650385
11 135006516 1826 0.0294208 62065 0.67634
12 133851895 2615 0.0421332 62065 0.975307
13 115169878 3995 0.064368 62065 1.73499
14 107349540 2565 0.0413276 62065 1.19444
15 102531392 906 0.0145976 62065 0.441015
16 90354753 955 0.0153871 62065 0.528766
17 81195210 708 0.0114074 62065 0.435397
18 78077248 1690 0.0272295 62065 1.08054
19 59128983 271 0.00436639 62065 0.228607
20 63025520 753 0.0121324 62065 0.597657
21 48129895 922 0.0148554 62065 0.958412
22 51304566 383 0.00617095 62065 0.373997
X 155270560 3180 0.0512366 62065 1.02269
Y 59373566 40 0.000644486 62065 0.0337427
