1 249250621 5691 0.100294 56743 1.24744
2 243199373 5293 0.0932802 56743 1.1898
3 198022430 4739 0.0835169 56743 1.30904
4 191154276 5523 0.0973336 56743 1.58009
5 180915260 3149 0.0554958 56743 0.951901
6 171115067 4199 0.0740003 56743 1.34059
7 159138663 3156 0.0556192 56743 1.08419
8 146364022 1961 0.0345593 56743 0.732189
9 141213431 1600 0.0281973 56743 0.619721
10 135534747 1587 0.0279682 56743 0.640005
11 135006516 2386 0.0420492 56743 0.966649
12 133851895 2943 0.0518654 56743 1.20059
13 115169878 3063 0.0539802 56743 1.45499
14 107349540 1357 0.0239148 56743 0.69118
15 102531392 829 0.0146097 56743 0.441382
16 90354753 679 0.0119662 56743 0.411211
17 81195210 573 0.0100982 56743 0.385426
18 78077248 375 0.00660874 56743 0.262252
19 59128983 291 0.00512839 56743 0.268502
20 63025520 485 0.00854731 56743 0.42105
21 48129895 783 0.0137991 56743 0.890262
22 51304566 243 0.00428247 56743 0.259543
X 155270560 3322 0.0585447 56743 1.16856
Y 59373566 32 0.000563946 56743 0.029526
