1 249250621 5934 0.0781324 75948 0.971796
2 243199373 6630 0.0872966 75948 1.11348
3 198022430 4181 0.0550508 75948 0.862866
4 191154276 4751 0.062556 75948 1.01552
5 180915260 3446 0.0453732 75948 0.77827
6 171115067 4691 0.0617659 75948 1.11895
7 159138663 4557 0.0600016 75948 1.16962
8 146364022 3675 0.0483884 75948 1.02518
9 141213431 2752 0.0362353 75948 0.796381
10 135534747 2569 0.0338258 75948 0.774045
11 135006516 3137 0.0413046 75948 0.949531
12 133851895 3744 0.0492969 75948 1.14113
13 115169878 3506 0.0461632 75948 1.24429
14 107349540 2056 0.0270712 75948 0.782403
15 102531392 1422 0.0187233 75948 0.56566
16 90354753 1739 0.0228972 75948 0.786847
17 81195210 974 0.0128246 75948 0.489487
18 78077248 2366 0.0311529 75948 1.23623
19 59128983 555 0.00730763 75948 0.382599
20 63025520 822 0.0108232 75948 0.533162
21 48129895 1106 0.0145626 75948 0.939522
22 51304566 352 0.00463475 75948 0.280894
X 155270560 4775 0.062872 75948 1.25493
Y 59373566 30 0.000395007 75948 0.020681
