1 249250621 5546 0.0649643 85370 0.808013
2 243199373 8186 0.0958885 85370 1.22307
3 198022430 2977 0.0348717 85370 0.546579
4 191154276 9950 0.116551 85370 1.89207
5 180915260 9413 0.110261 85370 1.89127
6 171115067 3396 0.0397798 85370 0.720648
7 159138663 2840 0.033267 85370 0.648479
8 146364022 329 0.00385381 85370 0.0816486
9 141213431 3364 0.0394049 85370 0.866043
10 135534747 3119 0.0365351 85370 0.836043
11 135006516 2269 0.0265784 85370 0.610998
12 133851895 2607 0.0305377 85370 0.70689
13 115169878 6149 0.0720276 85370 1.94145
14 107349540 1443 0.0169029 85370 0.488523
15 102531392 747 0.00875015 85370 0.264355
16 90354753 2616 0.0306431 85370 1.05303
17 81195210 1388 0.0162586 85370 0.620559
18 78077248 1980 0.0231932 85370 0.920363
19 59128983 548 0.00641912 85370 0.336079
20 63025520 2138 0.0250439 85370 1.23369
21 48129895 1168 0.0136816 85370 0.882685
22 51304566 136 0.00159307 85370 0.0965494
X 155270560 5920 0.0693452 85370 1.38414
Y 59373566 90 0.00105423 85370 0.0551955
