1 249250621 4829 0.093549 51620 1.16354
2 243199373 4381 0.0848702 51620 1.08253
3 198022430 3141 0.0608485 51620 0.953738
4 191154276 3896 0.0754746 51620 1.22524
5 180915260 3553 0.0688299 51620 1.18062
6 171115067 3688 0.0714452 51620 1.2943
7 159138663 3351 0.0649167 51620 1.26543
8 146364022 1793 0.0347346 51620 0.735903
9 141213431 1522 0.0294847 51620 0.648015
10 135534747 1076 0.0208446 51620 0.476994
11 135006516 2026 0.0392484 51620 0.902261
12 133851895 2251 0.0436071 51620 1.00942
13 115169878 4412 0.0854707 51620 2.30379
14 107349540 1051 0.0203603 51620 0.588449
15 102531392 926 0.0179388 51620 0.541957
16 90354753 555 0.0107516 51620 0.369472
17 81195210 684 0.0132507 51620 0.505751
18 78077248 1617 0.0313251 51620 1.24306
19 59128983 316 0.00612166 51620 0.320506
20 63025520 354 0.00685781 51620 0.337823
21 48129895 309 0.00598605 51620 0.386197
22 51304566 305 0.00590856 51620 0.358095
X 155270560 3033 0.0587563 51620 1.17278
Y 59373566 20 0.000387447 51620 0.0202852
