1 249250621 1729 0.130757 13223 1.62633
2 243199373 902 0.0682145 13223 0.870083
3 198022430 1097 0.0829615 13223 1.30034
4 191154276 639 0.0483249 13223 0.784495
5 180915260 1059 0.0800877 13223 1.37372
6 171115067 1132 0.0856084 13223 1.55088
7 159138663 881 0.0666263 13223 1.29876
8 146364022 362 0.0273765 13223 0.580011
9 141213431 372 0.0281328 13223 0.618303
10 135534747 421 0.0318385 13223 0.728569
11 135006516 784 0.0592906 13223 1.363
12 133851895 231 0.0174696 13223 0.404388
13 115169878 896 0.0677607 13223 1.82643
14 107349540 88 0.00665507 13223 0.192343
15 102531392 289 0.0218559 13223 0.660298
16 90354753 270 0.020419 13223 0.701683
17 81195210 157 0.0118733 13223 0.453178
18 78077248 234 0.0176964 13223 0.70224
19 59128983 133 0.0100582 13223 0.526609
20 63025520 115 0.00869697 13223 0.428422
21 48129895 119 0.00899947 13223 0.580611
22 51304566 63 0.00476443 13223 0.288753
X 155270560 491 0.0371323 13223 0.741163
Y 59373566 10 0.000756258 13223 0.0395947
