1 249250621 5260 0.0783064 67172 0.973961
2 243199373 4408 0.0656226 67172 0.837023
3 198022430 5092 0.0758054 67172 1.18817
4 191154276 5834 0.0868517 67172 1.40993
5 180915260 2828 0.0421009 67172 0.722142
6 171115067 4327 0.0644167 67172 1.16697
7 159138663 3168 0.0471625 67172 0.919347
8 146364022 3364 0.0500804 67172 1.06103
9 141213431 2154 0.0320669 67172 0.704768
10 135534747 2490 0.037069 67172 0.848261
11 135006516 3074 0.0457631 67172 1.05203
12 133851895 3006 0.0447508 67172 1.0359
13 115169878 4242 0.0631513 67172 1.70219
14 107349540 1899 0.0282707 67172 0.817072
15 102531392 929 0.0138302 67172 0.41783
16 90354753 786 0.0117013 67172 0.402107
17 81195210 711 0.0105848 67172 0.403999
18 78077248 1548 0.0230453 67172 0.914497
19 59128983 673 0.0100191 67172 0.524558
20 63025520 698 0.0103912 67172 0.511883
21 48129895 1005 0.0149616 67172 0.965264
22 51304566 256 0.00381111 67172 0.230976
X 155270560 4672 0.0695528 67172 1.38828
Y 59373566 39 0.000580599 67172 0.0303979
