1 249250621 12 0.000891001 13468 0.0110821
2 243199373 14 0.0010395 13468 0.0132589
3 198022430 8 0.000594001 13468 0.00931035
4 191154276 10 0.000742501 13468 0.0120536
5 180915260 7 0.000519751 13468 0.0089151
6 171115067 5 0.00037125 13468 0.00672555
7 159138663 7 0.000519751 13468 0.0101316
8 146364022 4 0.000297 13468 0.00629238
9 141213431 7 0.000519751 13468 0.0114231
10 135534747 2 0.0001485 13468 0.00339817
11 135006516 7 0.000519751 13468 0.0119483
12 133851895 7 0.000519751 13468 0.0120313
13 115169878 5 0.00037125 13468 0.0100067
14 107349540 5 0.00037125 13468 0.0107298
15 102531392 0 0 13468 0
16 90354753 5 0.00037125 13468 0.0127577
17 81195210 5 0.00037125 13468 0.0141699
18 78077248 2 0.0001485 13468 0.00589286
19 59128983 0 0 13468 0
20 63025520 14 0.0010395 13468 0.0512069
21 48129895 2 0.0001485 13468 0.00958065
22 51304566 1 7.42501e-05 13468 0.0045
X 155270560 5 0.00037125 13468 0.00741019
Y 59373566 0 0 13468 0
