1 249250621 3090 0.0814251 37949 1.01275
2 243199373 3563 0.0938892 37949 1.19757
3 198022430 3123 0.0822947 37949 1.28988
4 191154276 2191 0.0577354 37949 0.937263
5 180915260 2838 0.0747846 37949 1.28275
6 171115067 2033 0.0535719 37949 0.970505
7 159138663 1906 0.0502253 37949 0.979051
8 146364022 1764 0.0464834 37949 0.984819
9 141213431 1214 0.0319903 37949 0.703084
10 135534747 1144 0.0301457 37949 0.689833
11 135006516 2215 0.0583678 37949 1.34179
12 133851895 1436 0.0378403 37949 0.875932
13 115169878 1511 0.0398166 37949 1.07322
14 107349540 827 0.0217924 37949 0.629838
15 102531392 576 0.0151783 37949 0.458558
16 90354753 891 0.0234789 37949 0.806834
17 81195210 605 0.0159424 37949 0.60849
18 78077248 905 0.0238478 37949 0.946341
19 59128983 457 0.0120425 37949 0.630496
20 63025520 440 0.0115945 37949 0.571158
21 48129895 538 0.0141769 37949 0.91464
22 51304566 167 0.00440064 37949 0.266706
X 155270560 2353 0.0620043 37949 1.23761
Y 59373566 34 0.000895939 37949 0.0469078
