1 249250621 2215 0.0694053 31914 0.86325
2 243199373 3252 0.101899 31914 1.29973
3 198022430 2442 0.0765181 31914 1.19934
4 191154276 2516 0.0788369 31914 1.27982
5 180915260 2273 0.0712227 31914 1.22166
6 171115067 2182 0.0683712 31914 1.23861
7 159138663 1329 0.0416432 31914 0.811758
8 146364022 1769 0.0554302 31914 1.17437
9 141213431 1277 0.0400138 31914 0.879424
10 135534747 895 0.0280441 31914 0.641742
11 135006516 1915 0.060005 31914 1.37943
12 133851895 1080 0.0338409 31914 0.783355
13 115169878 1837 0.0575609 31914 1.55151
14 107349540 554 0.0173592 31914 0.50171
15 102531392 360 0.0112803 31914 0.340795
16 90354753 567 0.0177665 31914 0.610533
17 81195210 316 0.00990161 31914 0.377924
18 78077248 378 0.0118443 31914 0.470013
19 59128983 380 0.011907 31914 0.623403
20 63025520 149 0.0046688 31914 0.22999
21 48129895 547 0.0171398 31914 1.10579
22 51304566 130 0.00407345 31914 0.246876
X 155270560 1330 0.0416745 31914 0.831826
Y 59373566 14 0.000438679 31914 0.0229675
