1 249250621 68 0.00350895 19379 0.0436437
2 243199373 51 0.00263171 19379 0.0335678
3 198022430 15 0.000774034 19379 0.0121322
4 191154276 17 0.000877238 19379 0.0142409
5 180915260 11 0.000567625 19379 0.00973627
6 171115067 23 0.00118685 19379 0.0215009
7 159138663 23 0.00118685 19379 0.0231355
8 146364022 20 0.00103204 19379 0.0218654
9 141213431 6 0.000309613 19379 0.00680469
10 135534747 43 0.0022189 19379 0.0507757
11 135006516 11 0.000567625 19379 0.0130488
12 133851895 13 0.000670829 19379 0.0155285
13 115169878 14 0.000722431 19379 0.0194725
14 107349540 2 0.000103204 19379 0.00298279
15 102531392 1 5.16022e-05 19379 0.00155898
16 90354753 6 0.000309613 19379 0.0106396
17 81195210 1 5.16022e-05 19379 0.00196955
18 78077248 14 0.000722431 19379 0.0286679
19 59128983 3 0.000154807 19379 0.00810507
20 63025520 14 0.000722431 19379 0.0355878
21 48129895 0 0 19379 0
22 51304566 2 0.000103204 19379 0.00625482
X 155270560 11 0.000567625 19379 0.0113298
Y 59373566 2 0.000103204 19379 0.00540338
