1 249250621 4700 0.073088 64306 0.909055
2 243199373 4094 0.0636644 64306 0.812045
3 198022430 5011 0.0779243 64306 1.22138
4 191154276 5785 0.0899605 64306 1.4604
5 180915260 5439 0.08458 64306 1.45077
6 171115067 5069 0.0788262 64306 1.42801
7 159138663 4525 0.0703667 64306 1.37167
8 146364022 3358 0.0522191 64306 1.10634
9 141213431 1924 0.0299194 64306 0.65757
10 135534747 1447 0.0225018 64306 0.514915
11 135006516 3845 0.0597922 64306 1.37453
12 133851895 2716 0.0422356 64306 0.977675
13 115169878 3018 0.0469319 64306 1.26501
14 107349540 1443 0.0224396 64306 0.648543
15 102531392 649 0.0100924 64306 0.304905
16 90354753 854 0.0132803 64306 0.456366
17 81195210 896 0.0139334 64306 0.531808
18 78077248 1426 0.0221752 64306 0.879969
19 59128983 510 0.00793083 64306 0.415227
20 63025520 268 0.00416757 64306 0.205299
21 48129895 350 0.00544273 64306 0.351144
22 51304566 165 0.00256586 64306 0.155506
X 155270560 3122 0.0485491 64306 0.969044
Y 59373566 51 0.000793083 64306 0.0415227
