1 249250621 10660 0.0812766 131157 1.0109
2 243199373 9295 0.0708693 131157 0.903945
3 198022430 10025 0.0764351 131157 1.19804
4 191154276 10417 0.0794239 131157 1.28935
5 180915260 10698 0.0815664 131157 1.39908
6 171115067 7575 0.0577552 131157 1.04629
7 159138663 7126 0.0543318 131157 1.0591
8 146364022 5502 0.0419497 131157 0.888765
9 141213431 4179 0.0318626 131157 0.700276
10 135534747 5189 0.0395633 131157 0.905338
11 135006516 4500 0.03431 131157 0.788736
12 133851895 5700 0.0434594 131157 1.006
13 115169878 8274 0.0630847 131157 1.7004
14 107349540 3134 0.023895 131157 0.690608
15 102531392 1984 0.0151269 131157 0.457006
16 90354753 1458 0.0111164 131157 0.382009
17 81195210 1152 0.00878337 131157 0.335243
18 78077248 3828 0.0291864 131157 1.15819
19 59128983 778 0.00593182 131157 0.310567
20 63025520 740 0.00564209 131157 0.277936
21 48129895 1009 0.00769307 131157 0.496327
22 51304566 389 0.00296591 131157 0.179752
X 155270560 8636 0.0658448 131157 1.31427
Y 59373566 72 0.00054896 131157 0.0287414
