1 249250621 3164 0.103005 30717 1.28115
2 243199373 2304 0.0750073 30717 0.956726
3 198022430 2271 0.073933 30717 1.15882
4 191154276 2190 0.071296 30717 1.1574
5 180915260 1934 0.0629619 30717 1.07996
6 171115067 2131 0.0693753 30717 1.2568
7 159138663 2678 0.087183 30717 1.69947
8 146364022 2058 0.0669987 30717 1.41946
9 141213431 738 0.0240258 30717 0.528039
10 135534747 1016 0.0330761 30717 0.756891
11 135006516 1509 0.0491259 30717 1.12933
12 133851895 928 0.0302113 30717 0.699335
13 115169878 777 0.0252954 30717 0.681818
14 107349540 827 0.0269232 30717 0.778127
15 102531392 353 0.011492 30717 0.347191
16 90354753 334 0.0108735 30717 0.373658
17 81195210 627 0.0204121 30717 0.77909
18 78077248 422 0.0137383 30717 0.545171
19 59128983 135 0.00439496 30717 0.230103
20 63025520 322 0.0104828 30717 0.516394
21 48129895 148 0.00481818 30717 0.31085
22 51304566 112 0.00364619 30717 0.220981
X 155270560 1542 0.0502002 30717 1.002
Y 59373566 17 0.000553439 30717 0.0289759
