1 249250621 2603 0.0920406 28281 1.14478
2 243199373 1716 0.0606768 28281 0.773939
3 198022430 3476 0.122909 28281 1.92648
4 191154276 2508 0.0886814 28281 1.43963
5 180915260 2094 0.0740426 28281 1.27003
6 171115067 1836 0.0649199 28281 1.17609
7 159138663 1022 0.0361373 28281 0.704432
8 146364022 1072 0.0379053 28281 0.803079
9 141213431 1083 0.0382943 28281 0.841632
10 135534747 742 0.0262367 28281 0.600382
11 135006516 927 0.0327782 28281 0.753522
12 133851895 1423 0.0503165 28281 1.16473
13 115169878 1453 0.0513772 28281 1.38483
14 107349540 686 0.0242566 28281 0.701057
15 102531392 347 0.0122697 28281 0.370686
16 90354753 403 0.0142498 28281 0.489686
17 81195210 439 0.0155228 28281 0.592473
18 78077248 800 0.0282875 28281 1.12252
19 59128983 250 0.00883986 28281 0.46282
20 63025520 383 0.0135427 28281 0.667126
21 48129895 360 0.0127294 28281 0.821251
22 51304566 204 0.00721332 28281 0.437171
X 155270560 803 0.0283936 28281 0.566739
Y 59373566 21 0.000742548 28281 0.0388769
