1 249250621 2544 0.103511 24577 1.28746
2 243199373 2303 0.0937055 24577 1.19522
3 198022430 1885 0.0766977 24577 1.20216
4 191154276 2071 0.0842658 24577 1.36795
5 180915260 1583 0.0644098 24577 1.1048
6 171115067 1808 0.0735647 24577 1.33269
7 159138663 1211 0.0492737 24577 0.960501
8 146364022 822 0.0334459 24577 0.7086
9 141213431 788 0.0320625 24577 0.70467
10 135534747 1032 0.0419905 24577 0.960881
11 135006516 1205 0.0490296 24577 1.12712
12 133851895 747 0.0303943 24577 0.703571
13 115169878 1388 0.0564756 24577 1.52225
14 107349540 464 0.0188794 24577 0.545649
15 102531392 360 0.0146478 24577 0.442533
16 90354753 244 0.00992798 24577 0.341168
17 81195210 266 0.0108231 24577 0.413096
18 78077248 456 0.0185539 24577 0.736267
19 59128983 205 0.00834113 24577 0.436708
20 63025520 128 0.00520812 24577 0.256558
21 48129895 105 0.00427229 24577 0.275631
22 51304566 105 0.00427229 24577 0.258926
X 155270560 1720 0.0699841 24577 1.39689
Y 59373566 15 0.000610327 24577 0.0319543
