1 249250621 7669 0.101189 75789 1.25857
2 243199373 6897 0.0910027 75789 1.16075
3 198022430 5887 0.0776762 75789 1.21749
4 191154276 5256 0.0693504 75789 1.12582
5 180915260 5050 0.0666324 75789 1.14292
6 171115067 4724 0.0623309 75789 1.12918
7 159138663 4480 0.0591115 75789 1.15227
8 146364022 1862 0.0245682 75789 0.520513
9 141213431 2946 0.0388711 75789 0.854309
10 135534747 2629 0.0346884 75789 0.793785
11 135006516 2332 0.0307696 75789 0.707348
12 133851895 2914 0.0384489 75789 0.89002
13 115169878 3440 0.0453892 75789 1.22343
14 107349540 2049 0.0270356 75789 0.781375
15 102531392 1910 0.0252015 75789 0.761376
16 90354753 1152 0.0152001 75789 0.52234
17 81195210 1049 0.0138411 75789 0.528285
18 78077248 2440 0.0321946 75789 1.27757
19 59128983 521 0.00687435 75789 0.359914
20 63025520 754 0.00994867 75789 0.490082
21 48129895 995 0.0131286 75789 0.847004
22 51304566 353 0.00465767 75789 0.282283
X 155270560 4774 0.0629907 75789 1.2573
Y 59373566 27 0.000356252 75789 0.0186519
