1 249250621 3468 0.105139 32985 1.3077
2 243199373 2848 0.0863423 32985 1.1013
3 198022430 2456 0.0744581 32985 1.16705
4 191154276 1796 0.054449 32985 0.883912
5 180915260 2639 0.0800061 32985 1.37232
6 171115067 1970 0.0597241 32985 1.08196
7 159138663 1736 0.05263 32985 1.02593
8 146364022 1303 0.0395028 32985 0.836924
9 141213431 1156 0.0350462 32985 0.770247
10 135534747 742 0.0224951 32985 0.514761
11 135006516 1446 0.0438381 32985 1.00777
12 133851895 1554 0.0471123 32985 1.09056
13 115169878 1313 0.039806 32985 1.07294
14 107349540 703 0.0213127 32985 0.615975
15 102531392 633 0.0191905 32985 0.579775
16 90354753 1188 0.0360164 32985 1.23768
17 81195210 312 0.00945884 32985 0.361025
18 78077248 709 0.0214946 32985 0.852961
19 59128983 477 0.0144611 32985 0.757127
20 63025520 271 0.00821586 32985 0.404722
21 48129895 381 0.0115507 32985 0.745207
22 51304566 202 0.006124 32985 0.371151
X 155270560 1339 0.0405942 32985 0.810264
Y 59373566 20 0.000606336 32985 0.0317454
