1 249250621 15 0.000446708 33579 0.00555607
2 243199373 42 0.00125078 33579 0.0159538
3 198022430 20 0.00059561 33579 0.00933559
4 191154276 30 0.000893416 33579 0.0145035
5 180915260 17 0.000506269 33579 0.00868386
6 171115067 6 0.000178683 33579 0.00323701
7 159138663 24 0.000714732 33579 0.0139324
8 146364022 13 0.000387147 33579 0.00820226
9 141213431 7 0.000208464 33579 0.00458162
10 135534747 11 0.000327586 33579 0.00749624
11 135006516 11 0.000327586 33579 0.00753071
12 133851895 11 0.000327586 33579 0.007583
13 115169878 5 0.000148903 33579 0.00401355
14 107349540 1159 0.0345156 33579 0.997561
15 102531392 7 0.000208464 33579 0.00629799
16 90354753 13 0.000387147 33579 0.013304
17 81195210 5 0.000148903 33579 0.0056833
18 78077248 10 0.000297805 33579 0.0118177
19 59128983 4 0.000119122 33579 0.00623676
20 63025520 24 0.000714732 33579 0.0352085
21 48129895 6 0.000178683 33579 0.0115279
22 51304566 0 0 33579 0
X 155270560 9 0.000268025 33579 0.00534979
Y 59373566 2 5.9561e-05 33579 0.00311838
