1 249250621 24 0.00125477 19127 0.0156066
2 243199373 23 0.00120249 19127 0.0153379
3 198022430 19 0.00099336 19127 0.0155699
4 191154276 15 0.000784232 19127 0.012731
5 180915260 12 0.000627385 19127 0.0107613
6 171115067 2 0.000104564 19127 0.00189428
7 159138663 14 0.00073195 19127 0.014268
8 146364022 11 0.000575103 19127 0.0121844
9 141213431 6 0.000313693 19127 0.00689434
10 135534747 15 0.000784232 19127 0.0179458
11 135006516 7 0.000365975 19127 0.00841321
12 133851895 4 0.000209128 19127 0.00484094
13 115169878 17 0.000888796 19127 0.0239568
14 107349540 7 0.000365975 19127 0.0105773
15 102531392 5 0.000261411 19127 0.0078976
16 90354753 9 0.000470539 19127 0.0161697
17 81195210 6 0.000313693 19127 0.011973
18 78077248 13 0.000679667 19127 0.0269709
19 59128983 2 0.000104564 19127 0.00547457
20 63025520 16 0.000836514 19127 0.0412076
21 48129895 7 0.000365975 19127 0.0236113
22 51304566 5 0.000261411 19127 0.0158431
X 155270560 11 0.000575103 19127 0.0114791
Y 59373566 2 0.000104564 19127 0.00547457
