1 249250621 1883 0.075851 24825 0.94342
2 243199373 1800 0.0725076 24825 0.924841
3 198022430 1976 0.0795972 24825 1.2476
4 191154276 2451 0.0987311 24825 1.60278
5 180915260 1658 0.0667875 24825 1.14558
6 171115067 1626 0.0654985 24825 1.18657
7 159138663 1098 0.0442296 24825 0.862176
8 146364022 813 0.0327492 24825 0.69384
9 141213431 886 0.0356898 24825 0.784392
10 135534747 1163 0.0468479 24825 1.07204
11 135006516 1264 0.0509164 24825 1.17049
12 133851895 1056 0.0425378 24825 0.98467
13 115169878 1005 0.0404834 24825 1.0912
14 107349540 647 0.0260624 24825 0.75325
15 102531392 354 0.0142598 24825 0.43081
16 90354753 356 0.0143404 24825 0.492797
17 81195210 256 0.0103122 24825 0.393595
18 78077248 548 0.0220745 24825 0.875973
19 59128983 175 0.00704935 24825 0.369076
20 63025520 149 0.00600201 24825 0.295666
21 48129895 359 0.0144612 24825 0.932982
22 51304566 56 0.00225579 24825 0.136715
X 155270560 1082 0.0435851 24825 0.869962
Y 59373566 23 0.000926485 24825 0.0485071
