1 249250621 5278 0.0624785 84477 0.777096
2 243199373 6931 0.082046 84477 1.04651
3 198022430 7189 0.0851001 84477 1.33386
4 191154276 7933 0.0939072 84477 1.52447
5 180915260 4749 0.0562165 84477 0.964262
6 171115067 6651 0.0787315 84477 1.4263
7 159138663 5232 0.061934 84477 1.20729
8 146364022 4772 0.0564887 84477 1.1968
9 141213431 2695 0.0319022 84477 0.701147
10 135534747 2427 0.0287297 84477 0.657431
11 135006516 2169 0.0256756 84477 0.590244
12 133851895 3847 0.045539 84477 1.05414
13 115169878 4104 0.0485813 84477 1.30947
14 107349540 2082 0.0246458 84477 0.712305
15 102531392 1135 0.0134356 84477 0.40591
16 90354753 1988 0.023533 84477 0.808695
17 81195210 1217 0.0144063 84477 0.549858
18 78077248 2176 0.0257585 84477 1.02216
19 59128983 686 0.00812055 84477 0.42516
20 63025520 867 0.0102631 84477 0.505574
21 48129895 785 0.00929247 84477 0.599514
22 51304566 306 0.00362229 84477 0.219533
X 155270560 4314 0.0510672 84477 1.0193
Y 59373566 57 0.00067474 84477 0.0353267
