1 249250621 10134 0.0843291 120172 1.04887
2 243199373 10147 0.0844373 120172 1.07701
3 198022430 9687 0.0806095 120172 1.26347
4 191154276 6625 0.0551293 120172 0.894956
5 180915260 8355 0.0695253 120172 1.19254
6 171115067 8444 0.070266 120172 1.27293
7 159138663 8002 0.0665879 120172 1.29801
8 146364022 4943 0.0411327 120172 0.871456
9 141213431 3374 0.0280764 120172 0.617064
10 135534747 4059 0.0337766 120172 0.77292
11 135006516 5234 0.0435542 120172 1.00125
12 133851895 5971 0.0496871 120172 1.15016
13 115169878 5708 0.0474986 120172 1.28029
14 107349540 1696 0.0141131 120172 0.407893
15 102531392 1875 0.0156026 120172 0.471379
16 90354753 1625 0.0135223 120172 0.464683
17 81195210 1225 0.0101937 120172 0.389073
18 78077248 3482 0.0289751 120172 1.14981
19 59128983 1376 0.0114503 120172 0.59949
20 63025520 1025 0.00852944 120172 0.42017
21 48129895 1456 0.012116 120172 0.781675
22 51304566 620 0.00515927 120172 0.312683
X 155270560 7166 0.0596312 120172 1.19024
Y 59373566 79 0.000657391 120172 0.0344184
