1 249250621 19 0.000894202 21248 0.0111219
2 243199373 22 0.00103539 21248 0.0132065
3 198022430 9 0.000423569 21248 0.00663902
4 191154276 19 0.000894202 21248 0.0145163
5 180915260 8 0.000376506 21248 0.00645808
6 171115067 15 0.000705949 21248 0.0127889
7 159138663 16 0.000753012 21248 0.0146786
8 146364022 12 0.000564759 21248 0.0119652
9 141213431 9 0.000423569 21248 0.00930921
10 135534747 8 0.000376506 21248 0.0086157
11 135006516 10 0.000470633 21248 0.0108191
12 133851895 3 0.00014119 21248 0.00326828
13 115169878 10 0.000470633 21248 0.0126855
14 107349540 2 9.41265e-05 21248 0.00272042
15 102531392 7 0.000329443 21248 0.00995295
16 90354753 4 0.000188253 21248 0.00646918
17 81195210 4 0.000188253 21248 0.00718523
18 78077248 7 0.000329443 21248 0.0130731
19 59128983 1 4.70633e-05 21248 0.00246404
20 63025520 18 0.000847139 21248 0.041731
21 48129895 4 0.000188253 21248 0.0121454
22 51304566 2 9.41265e-05 21248 0.00570464
X 155270560 8 0.000376506 21248 0.00751509
Y 59373566 0 0 21248 0
