1 249250621 10103 0.0763551 132316 0.94969
2 243199373 10933 0.082628 132316 1.05393
3 198022430 9689 0.0732262 132316 1.14775
4 191154276 9871 0.0746017 132316 1.21107
5 180915260 6097 0.0460791 132316 0.790379
6 171115067 9326 0.0704828 132316 1.27686
7 159138663 7787 0.0588515 132316 1.1472
8 146364022 4894 0.0369872 132316 0.783627
9 141213431 4703 0.0355437 132316 0.78118
10 135534747 5018 0.0379244 132316 0.867834
11 135006516 5334 0.0403126 132316 0.926726
12 133851895 6413 0.0484673 132316 1.12193
13 115169878 6811 0.0514753 132316 1.38747
14 107349540 4151 0.0313719 132316 0.906701
15 102531392 3581 0.027064 132316 0.817643
16 90354753 3087 0.0233305 132316 0.801736
17 81195210 1091 0.00824541 132316 0.31471
18 78077248 2192 0.0165664 132316 0.657397
19 59128983 878 0.00663563 132316 0.347415
20 63025520 1165 0.00880468 132316 0.433728
21 48129895 2181 0.0164833 132316 1.06344
22 51304566 815 0.0061595 132316 0.373303
X 155270560 10027 0.0757807 132316 1.51259
Y 59373566 92 0.000695305 132316 0.0364034
