1 249250621 40 0.00140257 28519 0.0174449
2 243199373 36 0.00126232 28519 0.016101
3 198022430 28 0.000981802 28519 0.0153887
4 191154276 25 0.000876609 28519 0.0142307
5 180915260 24 0.000841544 28519 0.0144347
6 171115067 22 0.000771416 28519 0.0139749
7 159138663 27 0.000946737 28519 0.0184549
8 146364022 24 0.000841544 28519 0.0178293
9 141213431 10 0.000350643 28519 0.00770645
10 135534747 11 0.000385708 28519 0.00882626
11 135006516 15 0.000525965 28519 0.0120912
12 133851895 20 0.000701287 28519 0.0162335
13 115169878 13 0.000455836 28519 0.0122867
14 107349540 10 0.000350643 28519 0.0101342
15 102531392 8 0.000280515 28519 0.00847477
16 90354753 11 0.000385708 28519 0.0132546
17 81195210 9 0.000315579 28519 0.012045
18 78077248 10 0.000350643 28519 0.0139144
19 59128983 9 0.000315579 28519 0.0165225
20 63025520 19 0.000666223 28519 0.0328188
21 48129895 5 0.000175322 28519 0.0113111
22 51304566 4 0.000140257 28519 0.00850045
X 155270560 34 0.00119219 28519 0.0237962
Y 59373566 0 0 28519 0
