1 249250621 49 0.000722927 67780 0.00899163
2 243199373 96 0.00141635 67780 0.0180657
3 198022430 46 0.000678666 67780 0.0106374
4 191154276 40 0.000590145 67780 0.00958027
5 180915260 27 0.000398348 67780 0.00683272
6 171115067 43 0.000634405 67780 0.0114929
7 159138663 49 0.000722927 67780 0.0140921
8 146364022 49 0.000722927 67780 0.0153163
9 141213431 39 0.000575391 67780 0.012646
10 135534747 30 0.000442608 67780 0.0101283
11 135006516 49 0.000722927 67780 0.016619
12 133851895 37 0.000545884 67780 0.0126362
13 115169878 36 0.00053113 67780 0.0143162
14 107349540 22 0.00032458 67780 0.00938091
15 102531392 11 0.00016229 67780 0.00490301
16 90354753 10 0.000147536 67780 0.00506997
17 81195210 20 0.000295072 67780 0.0112623
18 78077248 21 0.000309826 67780 0.0122947
19 59128983 9 0.000132783 67780 0.00695197
20 63025520 29 0.000427855 67780 0.0210766
21 48129895 2 2.95072e-05 67780 0.00190369
22 51304566 8 0.000118029 67780 0.00715327
X 155270560 45 0.000663913 67780 0.0132517
Y 59373566 4 5.90145e-05 67780 0.00308976
