1 249250621 3581 0.090443 39594 1.12491
2 243199373 4453 0.112467 39594 1.43452
3 198022430 3039 0.0767541 39594 1.20304
4 191154276 3365 0.0849876 39594 1.37967
5 180915260 2006 0.0506642 39594 0.869026
6 171115067 2757 0.0696318 39594 1.26144
7 159138663 2377 0.0600343 39594 1.17026
8 146364022 1651 0.0416982 39594 0.883437
9 141213431 1292 0.0326312 39594 0.717169
10 135534747 1198 0.0302571 39594 0.692382
11 135006516 1212 0.0306107 39594 0.703694
12 133851895 1667 0.0421023 39594 0.974591
13 115169878 1979 0.0499823 39594 1.34723
14 107349540 413 0.0104309 39594 0.30147
15 102531392 1186 0.029954 39594 0.904956
16 90354753 553 0.0139668 39594 0.479957
17 81195210 661 0.0166944 39594 0.637193
18 78077248 948 0.023943 39594 0.95012
19 59128983 233 0.00588473 39594 0.308101
20 63025520 625 0.0157852 39594 0.777597
21 48129895 365 0.00921857 39594 0.594746
22 51304566 294 0.00742537 39594 0.450022
X 155270560 2447 0.0618023 39594 1.23358
Y 59373566 23 0.000580896 39594 0.0304134
