1 249250621 4956 0.0788105 62885 0.98023
2 243199373 5834 0.0927725 62885 1.18332
3 198022430 4375 0.0695714 62885 1.09046
4 191154276 4660 0.0741035 62885 1.20298
5 180915260 4270 0.0679017 62885 1.1647
6 171115067 4102 0.0652302 62885 1.18171
7 159138663 4023 0.0639739 62885 1.24705
8 146364022 3482 0.0553709 62885 1.17311
9 141213431 2273 0.0361453 62885 0.794403
10 135534747 1739 0.0276537 62885 0.632807
11 135006516 2399 0.038149 62885 0.876989
12 133851895 1658 0.0263656 62885 0.610315
13 115169878 2551 0.0405661 62885 1.09343
14 107349540 1807 0.028735 62885 0.830491
15 102531392 1225 0.01948 62885 0.58852
16 90354753 1065 0.0169357 62885 0.581982
17 81195210 738 0.0117357 62885 0.447928
18 78077248 1046 0.0166335 62885 0.660061
19 59128983 910 0.0144709 62885 0.757637
20 63025520 578 0.00919138 62885 0.452777
21 48129895 850 0.0135167 62885 0.872048
22 51304566 279 0.00443667 62885 0.268889
X 155270560 4374 0.0695555 62885 1.38833
Y 59373566 43 0.000683788 62885 0.0358004
