1 249250621 8312 0.0647518 128367 0.805371
2 243199373 11034 0.0859567 128367 1.09639
3 198022430 10425 0.0812125 128367 1.27292
4 191154276 8490 0.0661385 128367 1.07368
5 180915260 6409 0.0499272 128367 0.856384
6 171115067 8914 0.0694415 128367 1.258
7 159138663 8251 0.0642766 128367 1.25296
8 146364022 7125 0.0555049 128367 1.17595
9 141213431 4609 0.0359049 128367 0.789118
10 135534747 6347 0.0494442 128367 1.13145
11 135006516 5657 0.044069 128367 1.01308
12 133851895 3934 0.0306465 128367 0.70941
13 115169878 9567 0.0745285 128367 2.00885
14 107349540 1506 0.011732 128367 0.339075
15 102531392 1838 0.0143183 128367 0.432578
16 90354753 1306 0.010174 128367 0.34962
17 81195210 1100 0.00856918 128367 0.327068
18 78077248 3837 0.0298909 128367 1.18615
19 59128983 1055 0.00821862 128367 0.430294
20 63025520 1158 0.00902101 128367 0.444385
21 48129895 1212 0.00944168 128367 0.609141
22 51304566 776 0.00604517 128367 0.366374
X 155270560 8362 0.0651414 128367 1.30023
Y 59373566 89 0.000693325 128367 0.0362997
