1 249250621 29 0.00111676 25968 0.01389
2 243199373 52 0.00200246 25968 0.0255416
3 198022430 24 0.000924214 25968 0.0144861
4 191154276 23 0.000885705 25968 0.0143783
5 180915260 23 0.000885705 25968 0.0151922
6 171115067 15 0.000577634 25968 0.0104644
7 159138663 37 0.00142483 25968 0.0277745
8 146364022 23 0.000885705 25968 0.0187649
9 141213431 14 0.000539125 25968 0.0118489
10 135534747 14 0.000539125 25968 0.012337
11 135006516 17 0.000654652 25968 0.0150495
12 133851895 24 0.000924214 25968 0.0213939
13 115169878 14 0.000539125 25968 0.0145317
14 107349540 6 0.000231054 25968 0.00667785
15 102531392 6 0.000231054 25968 0.00698047
16 90354753 9 0.00034658 25968 0.01191
17 81195210 3 0.000115527 25968 0.00440942
18 78077248 14 0.000539125 25968 0.0213939
19 59128983 2 7.70179e-05 25968 0.00403235
20 63025520 23 0.000885705 25968 0.0436308
21 48129895 1 3.85089e-05 25968 0.00248445
22 51304566 4 0.000154036 25968 0.0093355
X 155270560 34 0.0013093 25968 0.0261338
Y 59373566 0 0 25968 0
