1 249250621 23 0.00066189 34749 0.00823246
2 243199373 19 0.000546778 34749 0.00697421
3 198022430 17 0.000489223 34749 0.00766807
4 191154276 24 0.000690667 34749 0.0112121
5 180915260 11 0.000316556 34749 0.00542977
6 171115067 19 0.000546778 34749 0.0099054
7 159138663 24 0.000690667 34749 0.0134633
8 146364022 21 0.000604334 34749 0.0128037
9 141213431 10 0.000287778 34749 0.00632479
10 135534747 12 0.000345334 34749 0.00790237
11 135006516 12 0.000345334 34749 0.00793871
12 133851895 13 0.000374111 34749 0.00865999
13 115169878 13 0.000374111 34749 0.0100839
14 107349540 13 0.000374111 34749 0.0108125
15 102531392 5 0.000143889 34749 0.0043471
16 90354753 6 0.000172667 34749 0.00593357
17 81195210 1 2.87778e-05 34749 0.00109839
18 78077248 13 0.000374111 34749 0.0148457
19 59128983 2 5.75556e-05 34749 0.00301338
20 63025520 15 0.000431667 34749 0.0212644
21 48129895 2 5.75556e-05 34749 0.00371327
22 51304566 4 0.000115111 34749 0.00697644
X 155270560 11 0.000316556 34749 0.00631848
Y 59373566 0 0 34749 0
