1 249250621 6158 0.074743 82389 0.929639
2 243199373 6683 0.0811152 82389 1.03463
3 198022430 6015 0.0730073 82389 1.14432
4 191154276 6608 0.0802049 82389 1.30203
5 180915260 6083 0.0738327 82389 1.26643
6 171115067 4987 0.0605299 82389 1.09656
7 159138663 4898 0.0594497 82389 1.15886
8 146364022 3678 0.0446419 82389 0.945803
9 141213431 2291 0.0278071 82389 0.611145
10 135534747 4839 0.0587336 82389 1.34402
11 135006516 3010 0.036534 82389 0.839862
12 133851895 3275 0.0397505 82389 0.920149
13 115169878 4107 0.0498489 82389 1.34364
14 107349540 2128 0.0258287 82389 0.746494
15 102531392 1297 0.0157424 82389 0.475601
16 90354753 1645 0.0199663 82389 0.686126
17 81195210 803 0.00974645 82389 0.372002
18 78077248 2407 0.0292151 82389 1.15933
19 59128983 269 0.003265 82389 0.170942
20 63025520 368 0.00446662 82389 0.22003
21 48129895 1111 0.0134848 82389 0.869988
22 51304566 303 0.00367768 82389 0.222889
X 155270560 4250 0.0515846 82389 1.02963
Y 59373566 40 0.000485502 82389 0.0254189
