1 249250621 12388 0.0668339 185355 0.831268
2 243199373 14898 0.0803755 185355 1.0252
3 198022430 14951 0.0806614 185355 1.26429
4 191154276 14942 0.0806129 185355 1.30865
5 180915260 15140 0.0816811 185355 1.40105
6 171115067 12428 0.0670497 185355 1.21467
7 159138663 7120 0.0384128 185355 0.748787
8 146364022 8167 0.0440614 185355 0.933504
9 141213431 5907 0.0318686 185355 0.700408
10 135534747 9153 0.0493809 185355 1.13
11 135006516 7760 0.0418656 185355 0.962428
12 133851895 7164 0.0386502 185355 0.89468
13 115169878 9432 0.0508861 185355 1.37159
14 107349540 4886 0.0263602 185355 0.761856
15 102531392 3782 0.0204041 185355 0.616438
16 90354753 3804 0.0205228 185355 0.70525
17 81195210 3124 0.0168541 185355 0.643288
18 78077248 4491 0.0242292 185355 0.961475
19 59128983 763 0.00411643 185355 0.21552
20 63025520 1691 0.00912303 185355 0.449411
21 48129895 2020 0.010898 185355 0.703097
22 51304566 965 0.00520623 185355 0.315529
X 155270560 12218 0.0659168 185355 1.3157
Y 59373566 113 0.000609641 185355 0.0319184
