1 249250621 5724 0.0798427 71691 0.993068
2 243199373 6478 0.09036 71691 1.15255
3 198022430 5333 0.0743887 71691 1.16597
4 191154276 5833 0.0813631 71691 1.32083
5 180915260 4078 0.056883 71691 0.975695
6 171115067 5133 0.0715989 71691 1.29708
7 159138663 4627 0.0645409 71691 1.25811
8 146364022 4075 0.0568412 71691 1.20426
9 141213431 2287 0.0319008 71691 0.701116
10 135534747 2314 0.0322774 71691 0.738614
11 135006516 3023 0.0421671 71691 0.969358
12 133851895 2702 0.0376895 71691 0.872443
13 115169878 3944 0.0550139 71691 1.48285
14 107349540 1666 0.0232386 71691 0.671636
15 102531392 809 0.0112845 71691 0.340923
16 90354753 594 0.00828556 71691 0.284727
17 81195210 730 0.0101826 71691 0.388648
18 78077248 1840 0.0256657 71691 1.01848
19 59128983 718 0.0100152 71691 0.524356
20 63025520 888 0.0123865 71691 0.610172
21 48129895 844 0.0117727 71691 0.759532
22 51304566 335 0.00467283 71691 0.283202
X 155270560 3482 0.0485696 71691 0.969452
Y 59373566 38 0.000530053 71691 0.0277514
