1 249250621 8792 0.0789838 111314 0.982385
2 243199373 10542 0.0947051 111314 1.20797
3 198022430 8153 0.0732433 111314 1.14801
4 191154276 9692 0.087069 111314 1.41346
5 180915260 6710 0.0602799 111314 1.03396
6 171115067 7928 0.0712219 111314 1.29025
7 159138663 7041 0.0632535 111314 1.23301
8 146364022 5890 0.0529134 111314 1.12105
9 141213431 3197 0.0287206 111314 0.631221
10 135534747 3285 0.0295111 111314 0.675312
11 135006516 4322 0.0388271 111314 0.892577
12 133851895 3058 0.0274718 111314 0.635922
13 115169878 6857 0.0616005 111314 1.66039
14 107349540 2508 0.0225309 111314 0.651181
15 102531392 1947 0.0174911 111314 0.528431
16 90354753 1197 0.0107534 111314 0.369531
17 81195210 1035 0.00929802 111314 0.354886
18 78077248 2708 0.0243276 111314 0.96538
19 59128983 858 0.00770793 111314 0.403556
20 63025520 508 0.00456367 111314 0.224811
21 48129895 1768 0.015883 111314 1.02471
22 51304566 515 0.00462655 111314 0.280397
X 155270560 6270 0.0563271 111314 1.12429
Y 59373566 68 0.000610885 111314 0.0319835
