1 249250621 51 0.00137492 37093 0.017101
2 243199373 82 0.00221066 37093 0.0281972
3 198022430 75 0.00202194 37093 0.0316919
4 191154276 78 0.00210282 37093 0.0341367
5 180915260 71 0.00191411 37093 0.032832
6 171115067 77 0.00207586 37093 0.0376062
7 159138663 79 0.00212978 37093 0.0415162
8 146364022 66 0.00177931 37093 0.0376973
9 141213431 41 0.00110533 37093 0.024293
10 135534747 44 0.00118621 37093 0.0271443
11 135006516 37 0.000997493 37093 0.0229309
12 133851895 57 0.00153668 37093 0.0355713
13 115169878 51 0.00137492 37093 0.0370599
14 107349540 21 0.000566145 37093 0.0163626
15 102531392 16 0.000431348 37093 0.0130317
16 90354753 31 0.000835737 37093 0.0287195
17 81195210 7 0.000188715 37093 0.00720286
18 78077248 21 0.000566145 37093 0.0224661
19 59128983 8 0.000215674 37093 0.0112918
20 63025520 49 0.001321 37093 0.0650741
21 48129895 10 0.000269593 37093 0.0173931
22 51304566 6 0.000161756 37093 0.00980337
X 155270560 70 0.00188715 37093 0.0376676
Y 59373566 1 2.69593e-05 37093 0.00141148
