1 249250621 24171 0.10358 233356 1.28831
2 243199373 22789 0.0976577 233356 1.24563
3 198022430 15249 0.0653465 233356 1.02424
4 191154276 15120 0.0647937 233356 1.05185
5 180915260 11937 0.0511536 233356 0.87742
6 171115067 20493 0.0878186 233356 1.59092
7 159138663 17722 0.0759441 233356 1.48039
8 146364022 10425 0.0446742 233356 0.946488
9 141213431 4960 0.0212551 233356 0.467145
10 135534747 11004 0.0471554 233356 1.07907
11 135006516 6191 0.0265303 233356 0.609891
12 133851895 8598 0.036845 233356 0.852893
13 115169878 10514 0.0450556 233356 1.21444
14 107349540 5876 0.0251804 233356 0.727758
15 102531392 5229 0.0224078 233356 0.676974
16 90354753 3241 0.0138887 233356 0.477273
17 81195210 4928 0.0211179 233356 0.806029
18 78077248 4230 0.0181268 233356 0.719318
19 59128983 1779 0.00762355 233356 0.399138
20 63025520 1345 0.00576373 233356 0.283927
21 48129895 4205 0.0180197 233356 1.16256
22 51304566 1397 0.00598656 233356 0.362822
X 155270560 10354 0.04437 233356 0.885628
Y 59373566 131 0.000561374 233356 0.0293913
