1 249250621 11 0.000459329 23948 0.00571304
2 243199373 24 0.00100217 23948 0.0127828
3 198022430 11 0.000459329 23948 0.00719951
4 191154276 20 0.000835143 23948 0.0135575
5 180915260 12 0.000501086 23948 0.00859495
6 171115067 13 0.000542843 23948 0.00983411
7 159138663 17 0.000709871 23948 0.0138376
8 146364022 15 0.000626357 23948 0.0132703
9 141213431 9 0.000375814 23948 0.00825965
10 135534747 9 0.000375814 23948 0.00859987
11 135006516 19 0.000793386 23948 0.0182388
12 133851895 5 0.000208786 23948 0.004833
13 115169878 18 0.000751629 23948 0.0202595
14 107349540 4 0.000167029 23948 0.00482742
15 102531392 5 0.000208786 23948 0.00630773
16 90354753 3 0.000125271 23948 0.00430486
17 81195210 7 0.0002923 23948 0.0111565
18 78077248 7 0.0002923 23948 0.0115992
19 59128983 1 4.17571e-05 23948 0.00218624
20 63025520 11 0.000459329 23948 0.022627
21 48129895 2 8.35143e-05 23948 0.00538802
22 51304566 1 4.17571e-05 23948 0.00253074
X 155270560 14 0.0005846 23948 0.0116687
Y 59373566 1 4.17571e-05 23948 0.00218624
