1 249250621 7863 0.0750293 104799 0.933201
2 243199373 8620 0.0822527 104799 1.04914
3 198022430 7939 0.0757545 104799 1.18738
4 191154276 7916 0.0755351 104799 1.22622
5 180915260 8104 0.077329 104799 1.3264
6 171115067 5547 0.0529299 104799 0.958875
7 159138663 6066 0.0578822 104799 1.12831
8 146364022 5907 0.056365 104799 1.19417
9 141213431 2310 0.0220422 104799 0.484444
10 135534747 4192 0.0400004 104799 0.915341
11 135006516 4787 0.0456779 104799 1.05007
12 133851895 3664 0.0349622 104799 0.809309
13 115169878 5038 0.048073 104799 1.29577
14 107349540 2020 0.019275 104799 0.557081
15 102531392 1706 0.0162788 104799 0.491806
16 90354753 2477 0.0236357 104799 0.812224
17 81195210 1527 0.0145707 104799 0.556135
18 78077248 2466 0.0235308 104799 0.93376
19 59128983 1590 0.0151719 104799 0.79434
20 63025520 571 0.00544853 104799 0.2684
21 48129895 574 0.00547715 104799 0.353365
22 51304566 504 0.00480921 104799 0.291467
X 155270560 7089 0.0676438 104799 1.35018
Y 59373566 60 0.000572525 104799 0.0299751
