1 249250621 657 0.0141604 46397 0.176124
2 243199373 999 0.0215316 46397 0.274637
3 198022430 848 0.018277 46397 0.286474
4 191154276 700 0.0150872 46397 0.244922
5 180915260 542 0.0116818 46397 0.200374
6 171115067 736 0.0158631 46397 0.287375
7 159138663 373 0.00803931 46397 0.156712
8 146364022 533 0.0114878 46397 0.243386
9 141213431 326 0.00702632 46397 0.154425
10 135534747 337 0.0072634 46397 0.166211
11 135006516 225 0.00484945 46397 0.111482
12 133851895 198 0.00426752 46397 0.0987851
13 115169878 667 0.0143759 46397 0.387491
14 107349540 129 0.00278035 46397 0.080357
15 102531392 107 0.00230618 46397 0.0696732
16 90354753 97 0.00209065 46397 0.0718437
17 81195210 36 0.000775912 46397 0.029615
18 78077248 172 0.00370714 46397 0.147109
19 59128983 84 0.00181046 46397 0.0947886
20 63025520 43 0.000926784 46397 0.0456544
21 48129895 107 0.00230618 46397 0.148786
22 51304566 11 0.000237084 46397 0.0143687
X 155270560 268 0.00577624 46397 0.115294
Y 59373566 2 4.31062e-05 46397 0.00225687
