1 249250621 4654 0.0727972 63931 0.905438
2 243199373 4767 0.0745648 63931 0.951081
3 198022430 4565 0.0714051 63931 1.1192
4 191154276 6963 0.108914 63931 1.76809
5 180915260 3903 0.0610502 63931 1.04717
6 171115067 3911 0.0611753 63931 1.10825
7 159138663 3052 0.047739 63931 0.930584
8 146364022 2874 0.0449547 63931 0.95243
9 141213431 2036 0.0318468 63931 0.69993
10 135534747 1915 0.0299542 63931 0.68545
11 135006516 1207 0.0188797 63931 0.434017
12 133851895 3172 0.049616 63931 1.14852
13 115169878 3246 0.0507735 63931 1.36856
14 107349540 867 0.0135615 63931 0.391951
15 102531392 840 0.0131392 63931 0.396954
16 90354753 1260 0.0197087 63931 0.677277
17 81195210 815 0.0127481 63931 0.486569
18 78077248 1833 0.0286715 63931 1.13776
19 59128983 473 0.0073986 63931 0.387361
20 63025520 751 0.011747 63931 0.578672
21 48129895 759 0.0118722 63931 0.765947
22 51304566 211 0.00330043 63931 0.200026
X 155270560 4050 0.0633495 63931 1.26446
Y 59373566 56 0.000875944 63931 0.045861
