1 249250621 5983 0.080285 74522 0.99857
2 243199373 6748 0.0905504 74522 1.15498
3 198022430 5894 0.0790907 74522 1.23967
4 191154276 5431 0.0728778 74522 1.18308
5 180915260 5019 0.0673492 74522 1.15522
6 171115067 3805 0.0510587 74522 0.924977
7 159138663 4587 0.0615523 74522 1.19985
8 146364022 3759 0.0504415 74522 1.06868
9 141213431 2482 0.0333056 74522 0.731991
10 135534747 2924 0.0392367 74522 0.897866
11 135006516 2719 0.0364859 74522 0.838756
12 133851895 4301 0.0577145 74522 1.33598
13 115169878 5146 0.0690534 74522 1.86128
14 107349540 1483 0.0199002 74522 0.575149
15 102531392 981 0.0131639 74522 0.397701
16 90354753 647 0.008682 74522 0.298351
17 81195210 605 0.00811841 74522 0.309863
18 78077248 1595 0.0214031 74522 0.849328
19 59128983 520 0.00697781 74522 0.36533
20 63025520 551 0.00739379 74522 0.364226
21 48129895 724 0.00971525 74522 0.62679
22 51304566 342 0.00458925 74522 0.278136
X 155270560 4188 0.0561982 74522 1.12172
Y 59373566 48 0.000644105 74522 0.0337228
