1 249250621 5375 0.0850233 63218 1.0575
2 243199373 5442 0.0860831 63218 1.098
3 198022430 4608 0.0728906 63218 1.14249
4 191154276 4936 0.078079 63218 1.26752
5 180915260 4321 0.0683508 63218 1.1724
6 171115067 4547 0.0719257 63218 1.303
7 159138663 3342 0.0528647 63218 1.0305
8 146364022 2874 0.0454617 63218 0.963172
9 141213431 1733 0.0274131 63218 0.602485
10 135534747 2720 0.0430257 63218 0.98457
11 135006516 2864 0.0453036 63218 1.04146
12 133851895 2156 0.0341042 63218 0.789449
13 115169878 3994 0.0631782 63218 1.70292
14 107349540 756 0.0119586 63218 0.345625
15 102531392 1068 0.0168939 63218 0.51039
16 90354753 1320 0.0208801 63218 0.71753
17 81195210 1260 0.019931 63218 0.760726
18 78077248 1365 0.021592 63218 0.856823
19 59128983 298 0.00471385 63218 0.246798
20 63025520 694 0.0109779 63218 0.540783
21 48129895 794 0.0125597 63218 0.810304
22 51304566 200 0.00316366 63218 0.191737
X 155270560 3280 0.051884 63218 1.03561
Y 59373566 22 0.000348002 63218 0.01822
