1 249250621 27 0.000802449 33647 0.00998071
2 243199373 44 0.00130769 33647 0.0166798
3 198022430 24 0.000713288 33647 0.0111801
4 191154276 26 0.000772729 33647 0.0125443
5 180915260 22 0.000653847 33647 0.0112152
6 171115067 19 0.000564686 33647 0.0102298
7 159138663 36 0.00106993 33647 0.0208564
8 146364022 23 0.000683568 33647 0.0144824
9 141213431 11 0.000326924 33647 0.00718514
10 135534747 7 0.000208042 33647 0.00476069
11 135006516 15 0.000445805 33647 0.0102484
12 133851895 19 0.000564686 33647 0.0130714
13 115169878 16 0.000475525 33647 0.0128174
14 107349540 8 0.000237763 33647 0.00687175
15 102531392 3 8.9161e-05 33647 0.00269369
16 90354753 7 0.000208042 33647 0.00714922
17 81195210 5 0.000148602 33647 0.00567182
18 78077248 9 0.000267483 33647 0.0106144
19 59128983 10 0.000297203 33647 0.0155604
20 63025520 23 0.000683568 33647 0.0336733
21 48129895 5 0.000148602 33647 0.0095872
22 51304566 4 0.000118881 33647 0.00720493
X 155270560 20 0.000594407 33647 0.0118644
Y 59373566 0 0 33647 0
