1 249250621 39 0.000941847 41408 0.0117145
2 243199373 34 0.000821097 41408 0.0104732
3 198022430 16 0.000386399 41408 0.00605641
4 191154276 30 0.000724498 41408 0.0117613
5 180915260 22 0.000531298 41408 0.00911318
6 171115067 14 0.000338099 41408 0.00612498
7 159138663 37 0.000893547 41408 0.0174181
8 146364022 14 0.000338099 41408 0.00716311
9 141213431 10 0.000241499 41408 0.00530768
10 135534747 11 0.000265649 41408 0.00607893
11 135006516 17 0.000410549 41408 0.0094379
12 133851895 13 0.000313949 41408 0.00726734
13 115169878 28 0.000676198 41408 0.0182264
14 107349540 6 0.0001449 41408 0.00418785
15 102531392 10 0.000241499 41408 0.00729605
16 90354753 12 0.000289799 41408 0.00995873
17 81195210 3 7.24498e-05 41408 0.00276526
18 78077248 9 0.000217349 41408 0.00862497
19 59128983 2 4.82998e-05 41408 0.00252879
20 63025520 25 0.000603748 41408 0.0297413
21 48129895 3 7.24498e-05 41408 0.00467418
22 51304566 2 4.82998e-05 41408 0.00292726
X 155270560 15 0.000362249 41408 0.00723052
Y 59373566 3 7.24498e-05 41408 0.00379318
