1 249250621 13 0.000726704 17889 0.0090386
2 243199373 14 0.000782604 17889 0.00998219
3 198022430 9 0.000503102 17889 0.00788562
4 191154276 8 0.000447202 17889 0.00725978
5 180915260 7 0.000391302 17889 0.00671187
6 171115067 9 0.000503102 17889 0.00911418
7 159138663 15 0.000838504 17889 0.0163451
8 146364022 6 0.000335402 17889 0.00710597
9 141213431 10 0.000559003 17889 0.0122858
10 135534747 2 0.000111801 17889 0.00255836
11 135006516 6 0.000335402 17889 0.00771038
12 133851895 7 0.000391302 17889 0.00905791
13 115169878 8 0.000447202 17889 0.012054
14 107349540 7 0.000391302 17889 0.0113093
15 102531392 6 0.000335402 17889 0.010133
16 90354753 2 0.000111801 17889 0.00384194
17 81195210 0 0 17889 0
18 78077248 2 0.000111801 17889 0.00443653
19 59128983 1 5.59003e-05 17889 0.00292672
20 63025520 5 0.000279501 17889 0.0137685
21 48129895 2 0.000111801 17889 0.00721294
22 51304566 1 5.59003e-05 17889 0.0033879
X 155270560 10 0.000559003 17889 0.0111577
Y 59373566 0 0 17889 0
