1 249250621 14 0.000681265 20550 0.00847345
2 243199373 11 0.00053528 20550 0.00682755
3 198022430 10 0.000486618 20550 0.00762724
4 191154276 14 0.000681265 20550 0.0110595
5 180915260 7 0.000340633 20550 0.00584275
6 171115067 14 0.000681265 20550 0.0123418
7 159138663 14 0.000681265 20550 0.01328
8 146364022 8 0.000389294 20550 0.00824776
9 141213431 6 0.000291971 20550 0.00641694
10 135534747 5 0.000243309 20550 0.00556771
11 135006516 11 0.00053528 20550 0.0123053
12 133851895 12 0.000583942 20550 0.0135172
13 115169878 8 0.000389294 20550 0.0104931
14 107349540 4 0.000194647 20550 0.00562564
15 102531392 2 9.73236e-05 20550 0.00294029
16 90354753 0 0 20550 0
17 81195210 11 0.00053528 20550 0.0204305
18 78077248 5 0.000243309 20550 0.00965512
19 59128983 3 0.000145985 20550 0.00764321
20 63025520 13 0.000632603 20550 0.0311627
21 48129895 3 0.000145985 20550 0.00941841
22 51304566 4 0.000194647 20550 0.0117968
X 155270560 9 0.000437956 20550 0.00874164
Y 59373566 2 9.73236e-05 20550 0.00509548
