1 249250621 5941 0.0946863 62744 1.17769
2 243199373 7212 0.114943 62744 1.46611
3 198022430 4303 0.0685803 62744 1.07493
4 191154276 3500 0.0557822 62744 0.905556
5 180915260 4092 0.0652174 62744 1.11865
6 171115067 3951 0.0629702 62744 1.14076
7 159138663 1948 0.0310468 62744 0.605201
8 146364022 4553 0.0725647 62744 1.53739
9 141213431 1090 0.0173722 62744 0.381806
10 135534747 3725 0.0593682 62744 1.35854
11 135006516 54 0.00086064 62744 0.0197848
12 133851895 2832 0.0451358 62744 1.04481
13 115169878 33 0.000525947 62744 0.0141765
14 107349540 2415 0.0384897 62744 1.11242
15 102531392 983 0.0156668 62744 0.473318
16 90354753 1460 0.0232692 62744 0.799627
17 81195210 1277 0.0203525 62744 0.776815
18 78077248 1570 0.0250223 62744 0.992949
19 59128983 1051 0.0167506 62744 0.876995
20 63025520 17 0.000270942 62744 0.0133469
21 48129895 1124 0.0179141 62744 1.15575
22 51304566 724 0.011539 62744 0.69933
X 155270560 4939 0.0787167 62744 1.57119
Y 59373566 45 0.0007172 62744 0.0375497
