1 249250621 4094 0.0772744 52980 0.961125
2 243199373 4656 0.0878822 52980 1.12095
3 198022430 3916 0.0739147 52980 1.15854
4 191154276 6115 0.115421 52980 1.87372
5 180915260 3608 0.0681012 52980 1.16812
6 171115067 3817 0.0720461 52980 1.30518
7 159138663 3633 0.068573 52980 1.33671
8 146364022 2335 0.0440732 52980 0.933755
9 141213431 2326 0.0439034 52980 0.964909
10 135534747 1792 0.0338241 52980 0.774007
11 135006516 1626 0.0306908 52980 0.705536
12 133851895 2816 0.0531521 52980 1.23037
13 115169878 3013 0.0568705 52980 1.5329
14 107349540 1002 0.0189128 52980 0.546613
15 102531392 396 0.00747452 52980 0.225816
16 90354753 294 0.00554926 52980 0.190696
17 81195210 671 0.0126652 52980 0.483403
18 78077248 1486 0.0280483 52980 1.11303
19 59128983 283 0.00534164 52980 0.279667
20 63025520 375 0.00707814 52980 0.348677
21 48129895 736 0.013892 52980 0.89626
22 51304566 183 0.00345413 52980 0.209341
X 155270560 1662 0.0313703 52980 0.626154
Y 59373566 8 0.000151 52980 0.00790578
