1 249250621 4235 0.0734249 57678 0.913245
2 243199373 6955 0.120583 57678 1.53805
3 198022430 4504 0.0780887 57678 1.22396
4 191154276 4171 0.0723153 57678 1.17395
5 180915260 4099 0.071067 57678 1.21899
6 171115067 3382 0.0586359 57678 1.06224
7 159138663 3471 0.0601789 57678 1.17308
8 146364022 2441 0.0423212 57678 0.896635
9 141213431 1880 0.0325948 57678 0.716368
10 135534747 1510 0.0261798 57678 0.599081
11 135006516 2477 0.0429453 57678 0.987249
12 133851895 2617 0.0453726 57678 1.05029
13 115169878 2361 0.0409342 57678 1.10335
14 107349540 1388 0.0240646 57678 0.69551
15 102531392 1160 0.0201117 57678 0.607603
16 90354753 249 0.00431707 57678 0.148353
17 81195210 654 0.0113388 57678 0.432779
18 78077248 1877 0.0325427 57678 1.29138
19 59128983 756 0.0131073 57678 0.686243
20 63025520 436 0.00755921 57678 0.372375
21 48129895 344 0.00596415 57678 0.384784
22 51304566 198 0.00343285 57678 0.208052
X 155270560 3800 0.065883 57678 1.31503
Y 59373566 51 0.000884219 57678 0.0462942
