1 249250621 11613 0.0700207 165851 0.870904
2 243199373 13881 0.0836956 165851 1.06755
3 198022430 13859 0.083563 165851 1.30976
4 191154276 13085 0.0788961 165851 1.28078
5 180915260 11879 0.0716245 165851 1.22855
6 171115067 11255 0.0678621 165851 1.22939
7 159138663 9322 0.0562071 165851 1.09565
8 146364022 8154 0.0491646 165851 1.04162
9 141213431 5998 0.036165 165851 0.794835
10 135534747 7306 0.0440516 165851 1.00805
11 135006516 7347 0.0442988 165851 1.01836
12 133851895 5814 0.0350556 165851 0.811471
13 115169878 8158 0.0491887 165851 1.32584
14 107349540 2292 0.0138196 165851 0.399411
15 102531392 2318 0.0139764 165851 0.422248
16 90354753 2068 0.012469 165851 0.428489
17 81195210 2259 0.0136207 165851 0.519873
18 78077248 3051 0.018396 165851 0.730001
19 59128983 1468 0.00885132 165851 0.46342
20 63025520 1444 0.00870661 165851 0.428897
21 48129895 2217 0.0133674 165851 0.862414
22 51304566 793 0.0047814 165851 0.289782
X 155270560 8163 0.0492189 165851 0.982413
Y 59373566 91 0.000548685 165851 0.028727
