1 249250621 13503 0.0906588 148943 1.1276
2 243199373 12996 0.0872549 148943 1.11294
3 198022430 10721 0.0719806 148943 1.12822
4 191154276 7013 0.0470851 148943 0.764369
5 180915260 11104 0.074552 148943 1.27877
6 171115067 10241 0.0687578 148943 1.24561
7 159138663 9910 0.0665355 148943 1.29699
8 146364022 6623 0.0444667 148943 0.942091
9 141213431 4990 0.0335027 148943 0.736324
10 135534747 4869 0.0326904 148943 0.748063
11 135006516 5327 0.0357654 148943 0.822192
12 133851895 5523 0.0370813 148943 0.858363
13 115169878 7761 0.0521072 148943 1.40451
14 107349540 4303 0.0288902 148943 0.834978
15 102531392 2758 0.0185172 148943 0.559431
16 90354753 2125 0.0142672 148943 0.490282
17 81195210 1779 0.0119442 148943 0.455884
18 78077248 2974 0.0199674 148943 0.792356
19 59128983 942 0.00632457 148943 0.331129
20 63025520 1605 0.0107759 148943 0.530834
21 48129895 2929 0.0196652 148943 1.26873
22 51304566 1234 0.00828505 148943 0.502124
X 155270560 8815 0.0591837 148943 1.18131
Y 59373566 69 0.000463264 148943 0.0242547
