1 249250621 5949 0.0930011 63967 1.15673
2 243199373 5105 0.0798068 63967 1.01794
3 198022430 3131 0.0489471 63967 0.767196
4 191154276 4899 0.0765864 63967 1.24329
5 180915260 4233 0.0661747 63967 1.13507
6 171115067 3872 0.0605312 63967 1.09658
7 159138663 3931 0.0614536 63967 1.19793
8 146364022 2389 0.0373474 63967 0.791258
9 141213431 2346 0.0366752 63967 0.806047
10 135534747 2070 0.0323604 63967 0.740513
11 135006516 3326 0.0519956 63967 1.1953
12 133851895 2614 0.0408648 63967 0.945945
13 115169878 3532 0.055216 63967 1.4883
14 107349540 1202 0.0187909 63967 0.543091
15 102531392 1498 0.0234183 63967 0.707502
16 90354753 1166 0.0182281 63967 0.626397
17 81195210 984 0.0153829 63967 0.587135
18 78077248 1849 0.0289055 63967 1.14704
19 59128983 864 0.013507 63967 0.707171
20 63025520 1093 0.0170869 63967 0.841721
21 48129895 981 0.015336 63967 0.989421
22 51304566 220 0.00343927 63967 0.208441
X 155270560 2709 0.04235 63967 0.845309
Y 59373566 37 0.000578423 63967 0.0302839
