1 249250621 2864 0.0747449 38317 0.929663
2 243199373 2424 0.0632617 38317 0.80691
3 198022430 4024 0.105019 38317 1.64606
4 191154276 77 0.00200955 38317 0.0326226
5 180915260 1326 0.034606 38317 0.593586
6 171115067 5000 0.13049 38317 2.36396
7 159138663 2543 0.0663674 38317 1.29371
8 146364022 1858 0.0484902 38317 1.02734
9 141213431 1236 0.0322572 38317 0.70895
10 135534747 614 0.0160242 38317 0.366687
11 135006516 31 0.00080904 38317 0.0185986
12 133851895 3069 0.080095 38317 1.85405
13 115169878 4158 0.108516 38317 2.92495
14 107349540 703 0.0183469 38317 0.530259
15 102531392 618 0.0161286 38317 0.487269
16 90354753 332 0.00866456 38317 0.297751
17 81195210 260 0.0067855 38317 0.258989
18 78077248 661 0.0172508 38317 0.684557
19 59128983 212 0.00553279 38317 0.289675
20 63025520 294 0.00767283 38317 0.377972
21 48129895 456 0.0119007 38317 0.767789
22 51304566 252 0.00657672 38317 0.398589
X 155270560 2724 0.0710912 38317 1.41899
Y 59373566 33 0.000861237 38317 0.0450909
