1 249250621 14630 0.0850087 172100 1.05732
2 243199373 13505 0.0784718 172100 1.00092
3 198022430 11162 0.0648576 172100 1.01658
4 191154276 11029 0.0640848 172100 1.04034
5 180915260 11013 0.0639919 172100 1.09763
6 171115067 13560 0.0787914 172100 1.42738
7 159138663 10922 0.0634631 172100 1.2371
8 146364022 5929 0.0344509 172100 0.729892
9 141213431 6631 0.0385299 172100 0.846812
10 135534747 7648 0.0444393 172100 1.01692
11 135006516 7428 0.043161 172100 0.992206
12 133851895 8900 0.0517141 172100 1.19709
13 115169878 10540 0.0612435 172100 1.65077
14 107349540 3731 0.0216793 172100 0.626568
15 102531392 2700 0.0156886 172100 0.473974
16 90354753 1202 0.00698431 172100 0.240011
17 81195210 1976 0.0114817 172100 0.438233
18 78077248 3708 0.0215456 172100 0.854985
19 59128983 1233 0.00716444 172100 0.375102
20 63025520 1798 0.0104474 172100 0.514651
21 48129895 1417 0.00823359 172100 0.531199
22 51304566 596 0.0034631 172100 0.209885
X 155270560 10580 0.0614759 172100 1.22706
Y 59373566 123 0.000714701 172100 0.0374189
