1 249250621 10 0.000579441 17258 0.00720698
2 243199373 17 0.00098505 17258 0.0125644
3 198022430 5 0.000289721 17258 0.00454108
4 191154276 12 0.00069533 17258 0.0112878
5 180915260 11 0.000637386 17258 0.0109329
6 171115067 10 0.000579441 17258 0.0104971
7 159138663 14 0.000811218 17258 0.0158132
8 146364022 4 0.000231777 17258 0.00491052
9 141213431 8 0.000463553 17258 0.010188
10 135534747 5 0.000289721 17258 0.00662976
11 135006516 10 0.000579441 17258 0.0133205
12 133851895 9 0.000521497 17258 0.0120717
13 115169878 5 0.000289721 17258 0.00780918
14 107349540 3 0.000173832 17258 0.00502406
15 102531392 6 0.000347665 17258 0.0105035
16 90354753 5 0.000289721 17258 0.00995604
17 81195210 3 0.000173832 17258 0.00663483
18 78077248 3 0.000173832 17258 0.00689811
19 59128983 2 0.000115888 17258 0.00606745
20 63025520 11 0.000637386 17258 0.0313983
21 48129895 2 0.000115888 17258 0.00747666
22 51304566 3 0.000173832 17258 0.0105353
X 155270560 4 0.000231777 17258 0.00462628
Y 59373566 3 0.000173832 17258 0.00910117
