1 249250621 4417 0.0743402 59416 0.92463
2 243199373 5274 0.088764 59416 1.13219
3 198022430 5322 0.0895718 59416 1.40395
4 191154276 4722 0.0794735 59416 1.29015
5 180915260 3680 0.0619362 59416 1.06237
6 171115067 4104 0.0690723 59416 1.25131
7 159138663 4177 0.0703009 59416 1.37039
8 146364022 2280 0.0383735 59416 0.812998
9 141213431 2263 0.0380874 59416 0.837085
10 135534747 2797 0.0470749 59416 1.07723
11 135006516 1922 0.0323482 59416 0.743637
12 133851895 2236 0.037633 59416 0.871133
13 115169878 3242 0.0545644 59416 1.47074
14 107349540 1352 0.0227548 59416 0.657654
15 102531392 1160 0.0195234 59416 0.58983
16 90354753 917 0.0154336 59416 0.530363
17 81195210 657 0.0110576 59416 0.422047
18 78077248 1592 0.0267941 59416 1.06326
19 59128983 171 0.00287801 59416 0.150681
20 63025520 274 0.00461155 59416 0.22717
21 48129895 245 0.00412347 59416 0.26603
22 51304566 296 0.00498182 59416 0.301929
X 155270560 3450 0.0580652 59416 1.15899
Y 59373566 39 0.000656389 59416 0.0343659
