1 249250621 4478 0.102212 43811 1.27129
2 243199373 3527 0.0805049 43811 1.02685
3 198022430 3544 0.0808929 43811 1.26791
4 191154276 3072 0.0701194 43811 1.1383
5 180915260 2058 0.0469745 43811 0.805738
6 171115067 3338 0.0761909 43811 1.38027
7 159138663 2417 0.0551688 43811 1.07542
8 146364022 1184 0.0270252 43811 0.572567
9 141213431 1945 0.0443952 43811 0.97572
10 135534747 1584 0.0361553 43811 0.827352
11 135006516 1874 0.0427746 43811 0.983325
12 133851895 2253 0.0514254 43811 1.1904
13 115169878 1794 0.0409486 43811 1.10374
14 107349540 660 0.0150647 43811 0.435396
15 102531392 772 0.0176211 43811 0.532361
16 90354753 1161 0.0265002 43811 0.91066
17 81195210 595 0.0135811 43811 0.518361
18 78077248 871 0.0198809 43811 0.788923
19 59128983 534 0.0121887 43811 0.638153
20 63025520 482 0.0110018 43811 0.541961
21 48129895 226 0.00515852 43811 0.332808
22 51304566 273 0.00623131 43811 0.377655
X 155270560 2343 0.0534797 43811 1.06746
Y 59373566 25 0.000570633 43811 0.0298761
