1 249250621 143 0.00145064 98577 0.0180428
2 243199373 154 0.00156223 98577 0.0199264
3 198022430 110 0.00111588 98577 0.0174903
4 191154276 95 0.000963714 98577 0.0156447
5 180915260 117 0.00118689 98577 0.0203583
6 171115067 120 0.00121732 98577 0.0220529
7 159138663 146 0.00148108 98577 0.0288709
8 146364022 75 0.000760827 98577 0.0161192
9 141213431 78 0.00079126 98577 0.0173903
10 135534747 61 0.000618806 98577 0.0141603
11 135006516 65 0.000659383 98577 0.0151582
12 133851895 70 0.000710105 98577 0.0164376
13 115169878 87 0.000882559 98577 0.0237886
14 107349540 48 0.000486929 98577 0.0140731
15 102531392 36 0.000365197 98577 0.0110331
16 90354753 41 0.000415919 98577 0.0142927
17 81195210 18 0.000182598 98577 0.0069694
18 78077248 38 0.000385485 98577 0.015297
19 59128983 12 0.000121732 98577 0.00637342
20 63025520 52 0.000527506 98577 0.0259855
21 48129895 24 0.000243464 98577 0.0157074
22 51304566 10 0.000101444 98577 0.00614809
X 155270560 94 0.000953569 98577 0.0190333
Y 59373566 5 5.07218e-05 98577 0.00265559
