1 249250621 26 0.000805352 32284 0.0100168
2 243199373 35 0.00108413 32284 0.0138282
3 198022430 24 0.000743402 32284 0.0116521
4 191154276 20 0.000619502 32284 0.0100568
5 180915260 23 0.000712427 32284 0.01222
6 171115067 18 0.000557552 32284 0.0101006
7 159138663 28 0.000867303 32284 0.0169065
8 146364022 18 0.000557552 32284 0.0118125
9 141213431 11 0.000340726 32284 0.00748848
10 135534747 18 0.000557552 32284 0.0127586
11 135006516 22 0.000681452 32284 0.0156656
12 133851895 22 0.000681452 32284 0.0157744
13 115169878 20 0.000619502 32284 0.0166982
14 107349540 8 0.000247801 32284 0.00716187
15 102531392 12 0.000371701 32284 0.0112296
16 90354753 8 0.000247801 32284 0.00851549
17 81195210 2 6.19502e-05 32284 0.00236451
18 78077248 7 0.000216826 32284 0.00860419
19 59128983 5 0.000154875 32284 0.00810866
20 63025520 23 0.000712427 32284 0.0350949
21 48129895 2 6.19502e-05 32284 0.00399679
22 51304566 4 0.0001239 32284 0.00750911
X 155270560 18 0.000557552 32284 0.0111288
Y 59373566 1 3.09751e-05 32284 0.00162173
