1 249250621 29 0.000825976 35110 0.0102733
2 243199373 43 0.00122472 35110 0.0156215
3 198022430 28 0.000797494 35110 0.0124999
4 191154276 25 0.000712048 35110 0.0115592
5 180915260 23 0.000655084 35110 0.0112364
6 171115067 23 0.000655084 35110 0.0118675
7 159138663 38 0.00108231 35110 0.0210977
8 146364022 31 0.000882939 35110 0.0187063
9 141213431 10 0.000284819 35110 0.00625976
10 135534747 14 0.000398747 35110 0.00912464
11 135006516 20 0.000569638 35110 0.0130951
12 133851895 15 0.000427229 35110 0.00988955
13 115169878 20 0.000569638 35110 0.0153541
14 107349540 12 0.000341783 35110 0.00987812
15 102531392 3 8.54457e-05 35110 0.00258144
16 90354753 10 0.000284819 35110 0.0097876
17 81195210 15 0.000427229 35110 0.0163064
18 78077248 15 0.000427229 35110 0.0169535
19 59128983 9 0.000256337 35110 0.0134208
20 63025520 15 0.000427229 35110 0.0210457
21 48129895 2 5.69638e-05 35110 0.00367509
22 51304566 4 0.000113928 35110 0.00690471
X 155270560 20 0.000569638 35110 0.01137
Y 59373566 1 2.84819e-05 35110 0.0014912
