1 249250621 7596 0.103282 73546 1.28461
2 243199373 6910 0.0939548 73546 1.1984
3 198022430 5503 0.0748239 73546 1.17279
4 191154276 4807 0.0653605 73546 1.06105
5 180915260 4401 0.0598401 73546 1.02642
6 171115067 5478 0.074484 73546 1.34935
7 159138663 3530 0.0479972 73546 0.935617
8 146364022 3642 0.04952 73546 1.04915
9 141213431 3410 0.0463655 73546 1.01902
10 135534747 2331 0.0316944 73546 0.725273
11 135006516 1768 0.0240394 73546 0.552629
12 133851895 3079 0.041865 73546 0.969096
13 115169878 2732 0.0371468 73546 1.00126
14 107349540 2278 0.0309738 73546 0.895197
15 102531392 1520 0.0206673 73546 0.624391
16 90354753 1076 0.0146303 73546 0.502759
17 81195210 341 0.00463655 73546 0.176968
18 78077248 2107 0.0286487 73546 1.13685
19 59128983 790 0.0107416 73546 0.562386
20 63025520 958 0.0130259 73546 0.641668
21 48129895 116 0.00157724 73546 0.101758
22 51304566 332 0.00451418 73546 0.273587
X 155270560 5500 0.0747831 73546 1.49268
Y 59373566 42 0.000571071 73546 0.029899
