1 249250621 2989 0.0754588 39611 0.938543
2 243199373 4197 0.105955 39611 1.35147
3 198022430 3137 0.0791952 39611 1.2413
4 191154276 2182 0.0550857 39611 0.894249
5 180915260 2897 0.0731363 39611 1.25448
6 171115067 2437 0.0615233 39611 1.11455
7 159138663 1891 0.0477393 39611 0.93059
8 146364022 1260 0.0318093 39611 0.673927
9 141213431 1462 0.0369089 39611 0.811185
10 135534747 1557 0.0393073 39611 0.89948
11 135006516 1589 0.0401151 39611 0.922187
12 133851895 1955 0.049355 39611 1.14248
13 115169878 2533 0.0639469 39611 1.72364
14 107349540 1133 0.0286032 39611 0.826681
15 102531392 701 0.0176971 39611 0.534656
16 90354753 510 0.0128752 39611 0.442447
17 81195210 478 0.0120674 39611 0.460586
18 78077248 880 0.0222161 39611 0.881589
19 59128983 138 0.00348388 39611 0.182402
20 63025520 390 0.00984575 39611 0.485012
21 48129895 122 0.00307995 39611 0.198707
22 51304566 89 0.00224685 39611 0.136173
X 155270560 3034 0.0765949 39611 1.52884
Y 59373566 22 0.000555401 39611 0.0290786
