1 249250621 1899 0.0773618 24547 0.962211
2 243199373 2812 0.114556 24547 1.46117
3 198022430 1786 0.0727584 24547 1.14041
4 191154276 2567 0.104575 24547 1.69764
5 180915260 2184 0.0889722 24547 1.52611
6 171115067 923 0.0376013 24547 0.681184
7 159138663 1356 0.055241 24547 1.07682
8 146364022 776 0.0316128 24547 0.669763
9 141213431 553 0.0225282 24547 0.495126
10 135534747 323 0.0131584 24547 0.301108
11 135006516 471 0.0191877 24547 0.441096
12 133851895 1448 0.0589889 24547 1.36548
13 115169878 1312 0.0534485 24547 1.44066
14 107349540 1045 0.0425714 24547 1.23039
15 102531392 316 0.0128733 24547 0.38892
16 90354753 315 0.0128325 24547 0.44098
17 81195210 259 0.0105512 24547 0.402717
18 78077248 736 0.0299833 24547 1.18981
19 59128983 311 0.0126696 24547 0.663328
20 63025520 519 0.0211431 24547 1.04153
21 48129895 517 0.0210616 24547 1.35882
22 51304566 80 0.00325905 24547 0.197518
X 155270560 731 0.0297796 24547 0.594403
Y 59373566 3 0.000122215 24547 0.00639867
