1 249250621 6575 0.0492664 133458 0.612767
2 243199373 7591 0.0568793 133458 0.725502
3 198022430 5020 0.0376148 133458 0.589574
4 191154276 8556 0.0641101 133458 1.04075
5 180915260 6526 0.0488993 133458 0.838753
6 171115067 6679 0.0500457 133458 0.906625
7 159138663 6088 0.0456173 133458 0.889227
8 146364022 3204 0.0240076 133458 0.508635
9 141213431 2871 0.0215124 133458 0.4728
10 135534747 2674 0.0200363 133458 0.458496
11 135006516 3349 0.025094 133458 0.576874
12 133851895 3605 0.0270122 133458 0.625283
13 115169878 4456 0.0333888 133458 0.899967
14 107349540 2021 0.0151433 133458 0.437669
15 102531392 1535 0.0115017 133458 0.347485
16 90354753 942 0.0070584 133458 0.242557
17 81195210 822 0.00615924 133458 0.235086
18 78077248 1454 0.0108948 133458 0.432334
19 59128983 499 0.003739 133458 0.195759
20 63025520 1031 0.00772528 133458 0.380556
21 48129895 1207 0.00904404 133458 0.583487
22 51304566 214 0.0016035 133458 0.0971819
X 155270560 4187 0.0313732 133458 0.626211
Y 59373566 43 0.000322199 133458 0.016869
