1 249250621 19799 0.095455 207417 1.18725
2 243199373 17116 0.0825198 207417 1.05255
3 198022430 15365 0.0740778 207417 1.16109
4 191154276 8649 0.0416986 207417 0.676925
5 180915260 11104 0.0535347 207417 0.918262
6 171115067 12365 0.0596142 207417 1.07997
7 159138663 16562 0.0798488 207417 1.55651
8 146364022 7083 0.0341486 207417 0.723487
9 141213431 9241 0.0445528 207417 0.979182
10 135534747 9124 0.0439887 207417 1.00661
11 135006516 11686 0.0563406 207417 1.29519
12 133851895 9930 0.0478746 207417 1.10821
13 115169878 10498 0.050613 207417 1.36423
14 107349540 5882 0.0283583 207417 0.819605
15 102531392 4787 0.0230791 207417 0.697254
16 90354753 3738 0.0180217 207417 0.619301
17 81195210 3630 0.017501 207417 0.667976
18 78077248 4448 0.0214447 207417 0.850981
19 59128983 1938 0.0093435 207417 0.489188
20 63025520 2126 0.0102499 207417 0.50492
21 48129895 1604 0.00773321 207417 0.498917
22 51304566 1250 0.00602651 207417 0.365243
X 155270560 10145 0.0489111 207417 0.97627
Y 59373566 110 0.000530333 207417 0.0277661
