1 249250621 6218 0.0545066 114078 0.677942
2 243199373 6665 0.0584249 114078 0.745216
3 198022430 5382 0.0471782 114078 0.739471
4 191154276 6774 0.0593804 114078 0.963968
5 180915260 4740 0.0415505 114078 0.712702
6 171115067 3890 0.0340995 114078 0.617744
7 159138663 2939 0.0257631 114078 0.502204
8 146364022 3306 0.0289802 114078 0.613987
9 141213431 2459 0.0215554 114078 0.473746
10 135534747 2112 0.0185136 114078 0.423653
11 135006516 2702 0.0236855 114078 0.544495
12 133851895 3555 0.0311629 114078 0.721363
13 115169878 3629 0.0318116 114078 0.857455
14 107349540 1482 0.0129911 114078 0.375466
15 102531392 1064 0.00932695 114078 0.281781
16 90354753 1809 0.0158576 114078 0.544934
17 81195210 694 0.00608356 114078 0.232197
18 78077248 1518 0.0133067 114078 0.528043
19 59128983 436 0.00382195 114078 0.200102
20 63025520 1158 0.0101509 114078 0.500047
21 48129895 874 0.00766142 114078 0.494285
22 51304566 241 0.00211259 114078 0.128036
X 155270560 3828 0.033556 114078 0.66978
Y 59373566 39 0.000341871 114078 0.017899
