1 249250621 9540 0.0719739 132548 0.895198
2 243199373 11512 0.0868516 132548 1.1078
3 198022430 7716 0.0582129 132548 0.912427
4 191154276 10093 0.076146 132548 1.23614
5 180915260 7339 0.0553686 132548 0.949719
6 171115067 11219 0.084641 132548 1.53335
7 159138663 7306 0.0551197 132548 1.07446
8 146364022 5646 0.0425959 132548 0.902455
9 141213431 4071 0.0307134 132548 0.67502
10 135534747 6823 0.0514757 132548 1.17793
11 135006516 4996 0.037692 132548 0.866483
12 133851895 6577 0.0496198 132548 1.14861
13 115169878 7140 0.0538673 132548 1.45195
14 107349540 2744 0.0207019 132548 0.598322
15 102531392 1520 0.0114675 132548 0.346451
16 90354753 1285 0.0096946 132548 0.333148
17 81195210 1024 0.0077255 132548 0.294867
18 78077248 3547 0.0267601 132548 1.06191
19 59128983 763 0.00575641 132548 0.301382
20 63025520 1558 0.0117542 132548 0.579026
21 48129895 841 0.00634487 132548 0.409347
22 51304566 426 0.00321393 132548 0.194784
X 155270560 9191 0.0693409 132548 1.38405
Y 59373566 123 0.000927966 132548 0.0485846
