1 249250621 16144 0.0883025 182826 1.09829
2 243199373 13383 0.0732007 182826 0.933683
3 198022430 13655 0.0746885 182826 1.17067
4 191154276 14584 0.0797698 182826 1.29496
5 180915260 13059 0.0714286 182826 1.22519
6 171115067 8251 0.0451303 182826 0.817579
7 159138663 11245 0.0615066 182826 1.19896
8 146364022 8356 0.0457047 182826 0.968319
9 141213431 6363 0.0348036 182826 0.764914
10 135534747 7195 0.0393544 182826 0.900557
11 135006516 8001 0.0437629 182826 1.00604
12 133851895 9006 0.04926 182826 1.14028
13 115169878 9597 0.0524925 182826 1.41489
14 107349540 3685 0.0201558 182826 0.582537
15 102531392 2820 0.0154245 182826 0.465997
16 90354753 3464 0.018947 182826 0.651099
17 81195210 2899 0.0158566 182826 0.605214
18 78077248 3694 0.020205 182826 0.801786
19 59128983 856 0.00468205 182826 0.245133
20 63025520 1947 0.0106495 182826 0.524604
21 48129895 1372 0.0075044 182826 0.484155
22 51304566 1582 0.00865304 182826 0.524426
X 155270560 10439 0.057098 182826 1.13968
Y 59373566 96 0.000525089 182826 0.0274916
