1 249250621 7383 0.0865909 85263 1.077
2 243199373 7645 0.0896637 85263 1.14367
3 198022430 4276 0.0501507 85263 0.786061
4 191154276 5667 0.0664649 85263 1.07898
5 180915260 5925 0.0694909 85263 1.19195
6 171115067 5283 0.0619612 85263 1.12249
7 159138663 4420 0.0518396 85263 1.01052
8 146364022 4088 0.0479458 85263 1.0158
9 141213431 3813 0.0447205 85263 0.982867
10 135534747 3364 0.0394544 85263 0.902847
11 135006516 2531 0.0296846 85263 0.682405
12 133851895 4739 0.055581 85263 1.2866
13 115169878 4928 0.0577976 85263 1.55789
14 107349540 2468 0.0289457 85263 0.836582
15 102531392 1633 0.0191525 85263 0.578626
16 90354753 1344 0.015763 85263 0.541684
17 81195210 1479 0.0173463 85263 0.662074
18 78077248 1902 0.0223074 85263 0.885216
19 59128983 474 0.00555927 85263 0.291061
20 63025520 881 0.0103327 85263 0.509002
21 48129895 1247 0.0146253 85263 0.94357
22 51304566 207 0.00242778 85263 0.147138
X 155270560 5225 0.061281 85263 1.22317
Y 59373566 63 0.00073889 85263 0.0386854
