1 249250621 5719 0.0811678 70459 1.00955
2 243199373 6339 0.0899672 70459 1.14754
3 198022430 4893 0.0694446 70459 1.08847
4 191154276 6948 0.0986105 70459 1.60082
5 180915260 5184 0.0735747 70459 1.262
6 171115067 4774 0.0677557 70459 1.22746
7 159138663 3305 0.0469067 70459 0.914361
8 146364022 3332 0.0472899 70459 1.0019
9 141213431 2056 0.0291801 70459 0.641321
10 135534747 2494 0.0353965 70459 0.809988
11 135006516 3636 0.0516045 70459 1.18631
12 133851895 3055 0.0433585 70459 1.00367
13 115169878 3421 0.0485531 70459 1.30871
14 107349540 1610 0.0228502 70459 0.660409
15 102531392 1178 0.0167189 70459 0.505104
16 90354753 1108 0.0157255 70459 0.540394
17 81195210 880 0.0124895 70459 0.4767
18 78077248 2253 0.031976 70459 1.26889
19 59128983 617 0.00875687 70459 0.458475
20 63025520 795 0.0112832 70459 0.555821
21 48129895 580 0.00823174 70459 0.53108
22 51304566 262 0.00371847 70459 0.225362
X 155270560 3007 0.0426773 70459 0.851842
Y 59373566 19 0.00026966 70459 0.0141183
