1 249250621 5064 0.0644611 78559 0.801755
2 243199373 7183 0.0914345 78559 1.16626
3 198022430 6785 0.0863682 78559 1.35373
4 191154276 5729 0.0729261 78559 1.18386
5 180915260 5720 0.0728115 78559 1.24891
6 171115067 3732 0.0475057 78559 0.86061
7 159138663 6188 0.0787688 78559 1.53545
8 146364022 3945 0.050217 78559 1.06392
9 141213431 3003 0.038226 78559 0.840133
10 135534747 3573 0.0454817 78559 1.04077
11 135006516 2120 0.0269861 78559 0.62037
12 133851895 3751 0.0477476 78559 1.10527
13 115169878 3034 0.0386207 78559 1.04099
14 107349540 2306 0.0293537 78559 0.848374
15 102531392 767 0.00976336 78559 0.294966
16 90354753 1279 0.0162808 78559 0.559476
17 81195210 969 0.0123347 78559 0.470789
18 78077248 1235 0.0157207 78559 0.623836
19 59128983 543 0.006912 78559 0.361885
20 63025520 506 0.00644102 78559 0.317292
21 48129895 662 0.00842679 78559 0.543664
22 51304566 355 0.0045189 78559 0.273873
X 155270560 5020 0.063901 78559 1.27547
Y 59373566 47 0.000598276 78559 0.0313234
