1 249250621 18 0.00240192 7494 0.0298746
2 243199373 24 0.00320256 7494 0.040849
3 198022430 44 0.00587136 7494 0.0920276
4 191154276 22 0.00293568 7494 0.0476572
5 180915260 19 0.00253536 7494 0.0434882
6 171115067 16 0.00213504 7494 0.0386783
7 159138663 13 0.00173472 7494 0.0338152
8 146364022 18 0.00240192 7494 0.0508882
9 141213431 14 0.00186816 7494 0.0410585
10 135534747 8 0.00106752 7494 0.0244284
11 135006516 17 0.00226848 7494 0.052149
12 133851895 11 0.00146784 7494 0.0339778
13 115169878 16 0.00213504 7494 0.0575483
14 107349540 8 0.00106752 7494 0.0308532
15 102531392 366 0.0488391 7494 1.4755
16 90354753 14 0.00186816 7494 0.064198
17 81195210 2 0.00026688 7494 0.0101863
18 78077248 0 0 7494 0
19 59128983 1 0.00013344 7494 0.00698639
20 63025520 4 0.00053376 7494 0.0262936
21 48129895 7 0.000934081 7494 0.0602633
22 51304566 2 0.00026688 7494 0.0161746
X 155270560 6712 0.89565 7494 17.8772
Y 59373566 57 0.00760608 7494 0.398224
