1 249250621 20778 0.0866107 239901 1.07725
2 243199373 18425 0.0768025 239901 0.979624
3 198022430 14447 0.0602207 239901 0.943898
4 191154276 19085 0.0795536 239901 1.29146
5 180915260 16294 0.0679197 239901 1.165
6 171115067 16115 0.0671735 239901 1.21691
7 159138663 14995 0.0625049 239901 1.21842
8 146364022 12738 0.0530969 239901 1.12493
9 141213431 8708 0.0362983 239901 0.797765
10 135534747 6622 0.0276031 239901 0.631649
11 135006516 6814 0.0284034 239901 0.652951
12 133851895 10656 0.0444183 239901 1.0282
13 115169878 14137 0.0589285 239901 1.58837
14 107349540 4498 0.0187494 239901 0.54189
15 102531392 4175 0.017403 239901 0.525771
16 90354753 5517 0.022997 239901 0.790274
17 81195210 2539 0.0105835 239901 0.403952
18 78077248 5564 0.0231929 239901 0.920353
19 59128983 1076 0.00448518 239901 0.234826
20 63025520 1984 0.00827008 239901 0.407393
21 48129895 2144 0.00893702 239901 0.576582
22 51304566 832 0.0034681 239901 0.210188
X 155270560 16043 0.0668734 239901 1.3348
Y 59373566 165 0.000687784 239901 0.0360096
