1 249250621 16 0.000735091 21766 0.00914293
2 243199373 15 0.000689148 21766 0.00879016
3 198022430 7 0.000321602 21766 0.00504079
4 191154276 13 0.000597262 21766 0.00969581
5 180915260 8 0.000367546 21766 0.00630439
6 171115067 22 0.00101075 21766 0.0183107
7 159138663 16 0.000735091 21766 0.0143293
8 146364022 9 0.000413489 21766 0.00876036
9 141213431 7 0.000321602 21766 0.00706819
10 135534747 12 0.000551319 21766 0.012616
11 135006516 3 0.00013783 21766 0.0031685
12 133851895 9 0.000413489 21766 0.0095715
13 115169878 14 0.000643205 21766 0.0173371
14 107349540 4 0.000183773 21766 0.00531135
15 102531392 5 0.000229716 21766 0.00694006
16 90354753 7 0.000321602 21766 0.0110516
17 81195210 5 0.000229716 21766 0.00876779
18 78077248 3 0.00013783 21766 0.00546943
19 59128983 6 0.000275659 21766 0.0144324
20 63025520 15 0.000689148 21766 0.0339482
21 48129895 2 9.18864e-05 21766 0.00592816
22 51304566 3 0.00013783 21766 0.00835331
X 155270560 14 0.000643205 21766 0.0128384
Y 59373566 1 4.59432e-05 21766 0.0024054
