1 249250621 3326 0.06437 51670 0.800622
2 243199373 2751 0.0532417 51670 0.679104
3 198022430 3209 0.0621057 51670 0.973443
4 191154276 3155 0.0610606 51670 0.991243
5 180915260 2717 0.0525837 51670 0.90195
6 171115067 2308 0.0446681 51670 0.809204
7 159138663 2370 0.045868 51670 0.894113
8 146364022 1285 0.0248694 51670 0.526893
9 141213431 1322 0.0255854 51670 0.562317
10 135534747 1607 0.0311012 51670 0.711698
11 135006516 1080 0.0209019 51670 0.480503
12 133851895 1789 0.0346236 51670 0.801472
13 115169878 1985 0.0384169 51670 1.0355
14 107349540 979 0.0189472 51670 0.547606
15 102531392 689 0.0133346 51670 0.402859
16 90354753 655 0.0126766 51670 0.435622
17 81195210 423 0.00818657 51670 0.312464
18 78077248 936 0.018115 51670 0.718848
19 59128983 290 0.00561254 51670 0.29385
20 63025520 304 0.00588349 51670 0.289827
21 48129895 450 0.00870912 51670 0.561878
22 51304566 144 0.00278692 51670 0.168904
X 155270560 2194 0.0424618 51670 0.84754
Y 59373566 14 0.00027095 51670 0.0141859
