1 249250621 1498 0.0937422 15980 1.16595
2 243199373 1039 0.0650188 15980 0.829321
3 198022430 1321 0.0826658 15980 1.2957
4 191154276 1198 0.0749687 15980 1.21702
5 180915260 1160 0.0725907 15980 1.24512
6 171115067 699 0.0437422 15980 0.792431
7 159138663 1027 0.0642678 15980 1.25278
8 146364022 587 0.0367334 15980 0.77825
9 141213431 601 0.0376095 15980 0.826583
10 135534747 506 0.0316646 15980 0.72459
11 135006516 832 0.0520651 15980 1.1969
12 133851895 447 0.0279725 15980 0.647511
13 115169878 668 0.0418023 15980 1.12675
14 107349540 353 0.0220901 15980 0.638443
15 102531392 220 0.0137672 15980 0.415928
16 90354753 378 0.0236546 15980 0.812872
17 81195210 136 0.00851064 15980 0.324834
18 78077248 464 0.0290363 15980 1.15223
19 59128983 145 0.00907384 15980 0.47507
20 63025520 169 0.0105757 15980 0.520971
21 48129895 118 0.00738423 15980 0.476402
22 51304566 37 0.00231539 15980 0.140327
X 155270560 981 0.0613892 15980 1.22533
Y 59373566 22 0.00137672 15980 0.0720796
