1 249250621 8838 0.085065 103897 1.05802
2 243199373 8550 0.082293 103897 1.04966
3 198022430 7282 0.0700886 103897 1.09857
4 191154276 8405 0.0808974 103897 1.31327
5 180915260 6772 0.0651799 103897 1.11801
6 171115067 5302 0.0510313 103897 0.92448
7 159138663 5776 0.0555935 103897 1.08369
8 146364022 4772 0.0459301 103897 0.973095
9 141213431 3938 0.0379029 103897 0.833031
10 135534747 3775 0.0363341 103897 0.831443
11 135006516 5549 0.0534087 103897 1.22779
12 133851895 4525 0.0435527 103897 1.00817
13 115169878 4503 0.043341 103897 1.16822
14 107349540 2699 0.0259777 103897 0.750799
15 102531392 1213 0.011675 103897 0.35272
16 90354753 2144 0.0206358 103897 0.709135
17 81195210 1120 0.0107799 103897 0.411447
18 78077248 1848 0.0177868 103897 0.705827
19 59128983 843 0.00811381 103897 0.424807
20 63025520 1126 0.0108377 103897 0.533875
21 48129895 1591 0.0153132 103897 0.987951
22 51304566 270 0.00259873 103897 0.157499
X 155270560 6356 0.061176 103897 1.22108
Y 59373566 56 0.000538995 103897 0.0282197
