1 249250621 6561 0.0801961 81812 0.997463
2 243199373 7105 0.0868455 81812 1.10772
3 198022430 6382 0.0780081 81812 1.2227
4 191154276 6144 0.075099 81812 1.21914
5 180915260 6832 0.0835085 81812 1.43239
6 171115067 5322 0.0650516 81812 1.17847
7 159138663 3953 0.0483181 81812 0.941873
8 146364022 3819 0.0466802 81812 0.988987
9 141213431 3571 0.0436489 81812 0.959315
10 135534747 3393 0.0414731 81812 0.949042
11 135006516 3210 0.0392363 81812 0.901984
12 133851895 2012 0.024593 81812 0.569282
13 115169878 4503 0.0550408 81812 1.48358
14 107349540 1781 0.0217694 81812 0.629174
15 102531392 818 0.00999853 81812 0.30207
16 90354753 1758 0.0214883 81812 0.738429
17 81195210 749 0.00915514 81812 0.349433
18 78077248 1698 0.0207549 81812 0.823607
19 59128983 884 0.0108053 81812 0.56572
20 63025520 615 0.00751723 81812 0.370307
21 48129895 409 0.00499927 81812 0.322533
22 51304566 413 0.00504816 81812 0.305949
X 155270560 4441 0.054283 81812 1.08349
Y 59373566 52 0.000635604 81812 0.0332777
