1 249250621 8 0.000712695 11225 0.00886436
2 243199373 8 0.000712695 11225 0.0090905
3 198022430 23 0.002049 11225 0.032116
4 191154276 8 0.000712695 11225 0.0115697
5 180915260 14 0.00124722 11225 0.0213931
6 171115067 12 0.00106904 11225 0.0193667
7 159138663 8 0.000712695 11225 0.0138927
8 146364022 2 0.000178174 11225 0.00377487
9 141213431 9 0.000801782 11225 0.0176216
10 135534747 5 0.000445434 11225 0.010193
11 135006516 6 0.000534521 11225 0.0122878
12 133851895 11 0.000979955 11225 0.0226842
13 115169878 9 0.000801782 11225 0.0216114
14 107349540 2 0.000178174 11225 0.00514953
15 102531392 2 0.000178174 11225 0.00538289
16 90354753 0 0 11225 0
17 81195210 0 0 11225 0
18 78077248 3 0.000267261 11225 0.0106056
19 59128983 1 8.90869e-05 11225 0.00466423
20 63025520 3 0.000267261 11225 0.0131655
21 48129895 0 0 11225 0
22 51304566 0 0 11225 0
X 155270560 8 0.000712695 11225 0.0142254
Y 59373566 1 8.90869e-05 11225 0.00466423
