1 249250621 4862 0.10588 45920 1.31691
2 243199373 3805 0.0828615 45920 1.05691
3 198022430 4125 0.0898301 45920 1.408
4 191154276 4218 0.0918554 45920 1.49116
5 180915260 4367 0.0951002 45920 1.63122
6 171115067 3980 0.0866725 45920 1.57015
7 159138663 654 0.0142422 45920 0.277625
8 146364022 1619 0.035257 45920 0.74697
9 141213431 1999 0.0435322 45920 0.956752
10 135534747 61 0.0013284 45920 0.0303981
11 135006516 1747 0.0380444 45920 0.874584
12 133851895 1836 0.0399826 45920 0.925523
13 115169878 2941 0.0640462 45920 1.72631
14 107349540 146 0.00317944 45920 0.0918914
15 102531392 378 0.00823171 45920 0.248692
16 90354753 757 0.0164852 45920 0.566501
17 81195210 202 0.00439895 45920 0.167899
18 78077248 1588 0.0345819 45920 1.3723
19 59128983 419 0.00912456 45920 0.477726
20 63025520 498 0.0108449 45920 0.534234
21 48129895 566 0.0123258 45920 0.795212
22 51304566 183 0.00398519 45920 0.241527
X 155270560 2059 0.0448389 45920 0.894987
Y 59373566 22 0.000479094 45920 0.0250835
