1 249250621 6975 0.0986814 70682 1.22738
2 243199373 6480 0.0916782 70682 1.16937
3 198022430 2827 0.039996 70682 0.626897
4 191154276 4939 0.0698763 70682 1.13436
5 180915260 4189 0.0592654 70682 1.01656
6 171115067 4132 0.058459 70682 1.05904
7 159138663 6604 0.0934326 70682 1.8213
8 146364022 3884 0.0549503 70682 1.1642
9 141213431 2084 0.0294842 70682 0.648004
10 135534747 2637 0.0373079 70682 0.853729
11 135006516 1662 0.0235138 70682 0.540546
12 133851895 3449 0.048796 70682 1.12954
13 115169878 3741 0.0529272 70682 1.42661
14 107349540 1182 0.0167228 70682 0.483318
15 102531392 1350 0.0190996 70682 0.577028
16 90354753 860 0.0121672 70682 0.418116
17 81195210 1174 0.0166096 70682 0.633954
18 78077248 1941 0.027461 70682 1.08972
19 59128983 743 0.0105119 70682 0.55036
20 63025520 851 0.0120398 70682 0.593096
21 48129895 195 0.00275884 70682 0.177989
22 51304566 333 0.00471124 70682 0.28553
X 155270560 4646 0.065731 70682 1.312
Y 59373566 37 0.000523471 70682 0.0274069
