1 249250621 30 0.000847194 35411 0.0105372
2 243199373 33 0.000931914 35411 0.0118867
3 198022430 30 0.000847194 35411 0.0132789
4 191154276 24 0.000677755 35411 0.0110025
5 180915260 25 0.000705995 35411 0.0121097
6 171115067 26 0.000734235 35411 0.0133014
7 159138663 35 0.000988393 35411 0.0192669
8 146364022 12 0.000338878 35411 0.00717961
9 141213431 11 0.000310638 35411 0.00682721
10 135534747 8 0.000225918 35411 0.00516976
11 135006516 27 0.000762475 35411 0.0175282
12 133851895 16 0.000451837 35411 0.0104592
13 115169878 23 0.000649516 35411 0.0175072
14 107349540 12 0.000338878 35411 0.00979415
15 102531392 4 0.000112959 35411 0.00341267
16 90354753 2 5.64796e-05 35411 0.00194088
17 81195210 5 0.000141199 35411 0.00538928
18 78077248 11 0.000310638 35411 0.0123269
19 59128983 3 8.47194e-05 35411 0.00443557
20 63025520 5 0.000141199 35411 0.00695562
21 48129895 4 0.000112959 35411 0.00728769
22 51304566 1 2.82398e-05 35411 0.0017115
X 155270560 18 0.000508317 35411 0.010146
Y 59373566 1 2.82398e-05 35411 0.00147852
