1 249250621 45 0.00110467 40736 0.0137397
2 243199373 66 0.00162019 40736 0.0206657
3 198022430 28 0.000687353 40736 0.0107736
4 191154276 36 0.000883739 40736 0.0143464
5 180915260 43 0.00105558 40736 0.018106
6 171115067 38 0.000932836 40736 0.0168992
7 159138663 54 0.00132561 40736 0.0258403
8 146364022 46 0.00112922 40736 0.0239242
9 141213431 20 0.000490966 40736 0.0107905
10 135534747 19 0.000466418 40736 0.0106732
11 135006516 12 0.00029458 40736 0.00677195
12 133851895 34 0.000834643 40736 0.0193204
13 115169878 32 0.000785546 40736 0.0211737
14 107349540 9 0.000220935 40736 0.0063854
15 102531392 13 0.000319128 40736 0.00964133
16 90354753 19 0.000466418 40736 0.0160281
17 81195210 19 0.000466418 40736 0.0178022
18 78077248 20 0.000490966 40736 0.0194828
19 59128983 1 2.45483e-05 40736 0.00128525
20 63025520 33 0.000810094 40736 0.0399061
21 48129895 2 4.90966e-05 40736 0.00316752
22 51304566 6 0.00014729 40736 0.00892666
X 155270560 21 0.000515515 40736 0.0102897
Y 59373566 4 9.81932e-05 40736 0.00514101
