1 249250621 8778 0.0895733 97998 1.1141
2 243199373 8750 0.0892875 97998 1.13887
3 198022430 5848 0.0596747 97998 0.93534
4 191154276 5974 0.0609604 97998 0.989617
5 180915260 7390 0.0754097 97998 1.29348
6 171115067 7879 0.0803996 97998 1.45651
7 159138663 4681 0.0477663 97998 0.931117
8 146364022 4498 0.0458989 97998 0.972434
9 141213431 3317 0.0338476 97998 0.743904
10 135534747 3796 0.0387355 97998 0.886396
11 135006516 4926 0.0502663 97998 1.15555
12 133851895 4286 0.0437356 97998 1.0124
13 115169878 5195 0.0530113 97998 1.42888
14 107349540 2667 0.0272148 97998 0.786556
15 102531392 980 0.0100002 97998 0.302121
16 90354753 1426 0.0145513 97998 0.500045
17 81195210 763 0.00778587 97998 0.297171
18 78077248 2428 0.024776 97998 0.983175
19 59128983 938 0.00957162 97998 0.501132
20 63025520 558 0.00569399 97998 0.280492
21 48129895 849 0.00866344 97998 0.558932
22 51304566 441 0.00450009 97998 0.272733
X 155270560 5292 0.0540011 97998 1.07787
Y 59373566 53 0.000540827 97998 0.0283156
