1 249250621 7 0.000860691 8133 0.0107051
2 243199373 14 0.00172138 8133 0.0219564
3 198022430 4 0.000491823 8133 0.00770883
4 191154276 8 0.000983647 8133 0.0159683
5 180915260 5 0.000614779 8133 0.0105451
6 171115067 8 0.000983647 8133 0.0178197
7 159138663 5 0.000614779 8133 0.011984
8 146364022 4 0.000491823 8133 0.01042
9 141213431 6 0.000737735 8133 0.016214
10 135534747 2 0.000245912 8133 0.00562727
11 135006516 4 0.000491823 8133 0.0113063
12 133851895 0 0 8133 0
13 115169878 4 0.000491823 8133 0.0132567
14 107349540 3 0.000368868 8133 0.0106609
15 102531392 1 0.000122956 8133 0.00371468
16 90354753 0 0 8133 0
17 81195210 0 0 8133 0
18 78077248 0 0 8133 0
19 59128983 3 0.000368868 8133 0.0193124
20 63025520 1 0.000122956 8133 0.00605694
21 48129895 1 0.000122956 8133 0.00793264
22 51304566 0 0 8133 0
X 155270560 7 0.000860691 8133 0.0171795
Y 59373566 2 0.000245912 8133 0.012875
