1 249250621 6318 0.0894268 70650 1.11227
2 243199373 6436 0.091097 70650 1.16195
3 198022430 3551 0.0502619 70650 0.787803
4 191154276 5638 0.0798018 70650 1.29548
5 180915260 6351 0.0898938 70650 1.54192
6 171115067 3685 0.0521585 70650 0.944901
7 159138663 3821 0.0540835 70650 1.05426
8 146364022 3816 0.0540127 70650 1.14434
9 141213431 2176 0.0307997 70650 0.676917
10 135534747 1790 0.0253362 70650 0.579775
11 135006516 3588 0.0507856 70650 1.16748
12 133851895 2704 0.0382732 70650 0.885953
13 115169878 4365 0.0617834 70650 1.66532
14 107349540 2288 0.032385 70650 0.935983
15 102531392 752 0.010644 70650 0.321572
16 90354753 511 0.00723284 70650 0.248551
17 81195210 945 0.0133758 70650 0.510527
18 78077248 1475 0.0208776 70650 0.828475
19 59128983 203 0.00287332 70650 0.150436
20 63025520 412 0.00583156 70650 0.287269
21 48129895 911 0.0128946 70650 0.831906
22 51304566 401 0.00567587 70650 0.343992
X 155270560 4294 0.0607785 70650 1.21314
Y 59373566 56 0.00079264 70650 0.0414995
