1 249250621 12 0.00116539 10297 0.0144949
2 243199373 20 0.00194231 10297 0.0247744
3 198022430 14 0.00135962 10297 0.0213106
4 191154276 9 0.000874041 10297 0.014189
5 180915260 10 0.000971157 10297 0.0166579
6 171115067 11 0.00106827 10297 0.0193528
7 159138663 26 0.00252501 10297 0.0492204
8 146364022 3 0.000291347 10297 0.00617261
9 141213431 8 0.000776925 10297 0.0170753
10 135534747 14 0.00135962 10297 0.0311126
11 135006516 9 0.000874041 10297 0.0200929
12 133851895 12 0.00116539 10297 0.0269766
13 115169878 8 0.000776925 10297 0.0209414
14 107349540 3 0.000291347 10297 0.00842043
15 102531392 1 9.71157e-05 10297 0.00293401
16 90354753 6 0.000582694 10297 0.0200238
17 81195210 5 0.000485578 10297 0.0185335
18 78077248 0 0 10297 0
19 59128983 1 9.71157e-05 10297 0.00508459
20 63025520 6 0.000582694 10297 0.0287041
21 48129895 1 9.71157e-05 10297 0.00626553
22 51304566 4 0.000388463 10297 0.0235432
X 155270560 6 0.000582694 10297 0.0116306
Y 59373566 3 0.000291347 10297 0.0152538
