1 249250621 5497 0.120965 45443 1.50454
2 243199373 3822 0.0841054 45443 1.07277
3 198022430 3013 0.0663028 45443 1.03923
4 191154276 3176 0.0698898 45443 1.13457
5 180915260 2786 0.0613076 45443 1.05159
6 171115067 3423 0.0753251 45443 1.36459
7 159138663 2928 0.0644324 45443 1.25599
8 146364022 1798 0.039566 45443 0.838264
9 141213431 851 0.0187268 45443 0.411577
10 135534747 1052 0.0231499 45443 0.529746
11 135006516 2064 0.0454195 45443 1.04413
12 133851895 1659 0.0365073 45443 0.845076
13 115169878 2004 0.0440992 45443 1.18866
14 107349540 1573 0.0346148 45443 1.00043
15 102531392 929 0.0204432 45443 0.617619
16 90354753 644 0.0141716 45443 0.486997
17 81195210 781 0.0171864 45443 0.655968
18 78077248 863 0.0189908 45443 0.753604
19 59128983 379 0.00834012 45443 0.436655
20 63025520 575 0.0126532 45443 0.623311
21 48129895 390 0.00858218 45443 0.553689
22 51304566 259 0.00569945 45443 0.345421
X 155270560 2552 0.0561583 45443 1.12092
Y 59373566 27 0.000594151 45443 0.0311074
