1 249250621 5206 0.0861022 60463 1.07092
2 243199373 4111 0.067992 60463 0.867245
3 198022430 3264 0.0539834 60463 0.846135
4 191154276 4699 0.077717 60463 1.26164
5 180915260 4221 0.0698113 60463 1.19745
6 171115067 4354 0.072011 60463 1.30455
7 159138663 3016 0.0498817 60463 0.972354
8 146364022 2581 0.0426873 60463 0.904391
9 141213431 2685 0.0444073 60463 0.975985
10 135534747 1722 0.0284802 60463 0.651721
11 135006516 3630 0.0600367 60463 1.38015
12 133851895 2584 0.0427369 60463 0.98928
13 115169878 2149 0.0355424 60463 0.958016
14 107349540 1258 0.0208061 60463 0.601333
15 102531392 1013 0.016754 60463 0.506165
16 90354753 343 0.00567289 60463 0.194945
17 81195210 989 0.0163571 60463 0.624317
18 78077248 1505 0.0248913 60463 0.987748
19 59128983 976 0.0161421 60463 0.845136
20 63025520 711 0.0117593 60463 0.579274
21 48129895 236 0.00390321 60463 0.25182
22 51304566 340 0.00562327 60463 0.340804
X 155270560 4332 0.0716471 60463 1.43008
Y 59373566 36 0.000595405 60463 0.0311731
