1 249250621 41 0.00100483 40803 0.0124979
2 243199373 58 0.00142146 40803 0.0181309
3 198022430 39 0.000955812 40803 0.0149814
4 191154276 53 0.00129892 40803 0.0210864
5 180915260 34 0.000833272 40803 0.0142928
6 171115067 43 0.00105384 40803 0.0190914
7 159138663 36 0.000882288 40803 0.0171986
8 146364022 31 0.000759748 40803 0.0160964
9 141213431 19 0.000465652 40803 0.0102341
10 135534747 18 0.000441144 40803 0.0100948
11 135006516 27 0.000661716 40803 0.0152119
12 133851895 19 0.000465652 40803 0.010779
13 115169878 33 0.000808764 40803 0.0217996
14 107349540 21 0.000514668 40803 0.0148748
15 102531392 8 0.000196064 40803 0.00592338
16 90354753 18 0.000441144 40803 0.0151596
17 81195210 6 0.000147048 40803 0.00561252
18 78077248 8 0.000196064 40803 0.00778032
19 59128983 11 0.000269588 40803 0.0141146
20 63025520 35 0.00085778 40803 0.0422552
21 48129895 6 0.000147048 40803 0.00948697
22 51304566 9 0.000220572 40803 0.013368
X 155270560 26 0.000637208 40803 0.0127187
Y 59373566 1 2.4508e-05 40803 0.00128314
