1 249250621 5725 0.0880295 65035 1.09489
2 243199373 3565 0.0548166 65035 0.699192
3 198022430 5360 0.0824172 65035 1.29181
4 191154276 5905 0.0907973 65035 1.47398
5 180915260 3409 0.0524179 65035 0.899107
6 171115067 3937 0.0605366 65035 1.09668
7 159138663 2784 0.0428077 65035 0.834458
8 146364022 2763 0.0424848 65035 0.900102
9 141213431 2451 0.0376874 65035 0.828294
10 135534747 1798 0.0276467 65035 0.632646
11 135006516 3160 0.0485892 65035 1.11699
12 133851895 3678 0.0565542 65035 1.30912
13 115169878 3081 0.0473745 65035 1.27694
14 107349540 1785 0.0274468 65035 0.793259
15 102531392 659 0.010133 65035 0.306133
16 90354753 1163 0.0178827 65035 0.614525
17 81195210 560 0.00861075 65035 0.328655
18 78077248 1902 0.0292458 65035 1.16055
19 59128983 289 0.00444376 65035 0.232658
20 63025520 813 0.012501 65035 0.615811
21 48129895 799 0.0122857 65035 0.792625
22 51304566 332 0.00510494 65035 0.309391
X 155270560 4769 0.0733297 65035 1.46367
Y 59373566 46 0.000707311 65035 0.037032
