1 249250621 4141 0.0914633 45275 1.1376
2 243199373 3200 0.0706792 45275 0.90152
3 198022430 3047 0.0672998 45275 1.05486
4 191154276 3114 0.0687797 45275 1.11655
5 180915260 3686 0.0814136 45275 1.39646
6 171115067 2601 0.0574489 45275 1.04074
7 159138663 2909 0.0642518 45275 1.25247
8 146364022 2190 0.0483711 45275 1.02481
9 141213431 1324 0.0292435 45275 0.642715
10 135534747 1721 0.0380121 45275 0.869843
11 135006516 1194 0.0263722 45275 0.606257
12 133851895 1996 0.0440861 45275 1.02051
13 115169878 2409 0.0532082 45275 1.43418
14 107349540 1480 0.0326891 45275 0.944772
15 102531392 679 0.0149972 45275 0.453089
16 90354753 841 0.0185754 45275 0.638329
17 81195210 1001 0.0221093 45275 0.843868
18 78077248 1279 0.0282496 45275 1.12102
19 59128983 288 0.00636113 45275 0.333043
20 63025520 728 0.0160795 45275 0.792094
21 48129895 911 0.0201215 45275 1.29816
22 51304566 159 0.00351187 45275 0.212841
X 155270560 2342 0.0517283 45275 1.0325
Y 59373566 23 0.000508007 45275 0.0265972
