1 249250621 18 0.000837716 21487 0.0104194
2 243199373 16 0.000744636 21487 0.00949791
3 198022430 8 0.000372318 21487 0.00583571
4 191154276 8 0.000372318 21487 0.00604413
5 180915260 6 0.000279239 21487 0.00478968
6 171115067 4 0.000186159 21487 0.00337245
7 159138663 19 0.000884256 21487 0.017237
8 146364022 14 0.000651557 21487 0.0138042
9 141213431 12 0.000558477 21487 0.0122742
10 135534747 1 4.65398e-05 21487 0.00106498
11 135006516 9 0.000418858 21487 0.00962892
12 133851895 11 0.000511937 21487 0.0118504
13 115169878 12 0.000558477 21487 0.0150533
14 107349540 3 0.000139619 21487 0.00403524
15 102531392 1 4.65398e-05 21487 0.00140604
16 90354753 3 0.000139619 21487 0.00479791
17 81195210 9 0.000418858 21487 0.0159869
18 78077248 4 0.000186159 21487 0.00738726
19 59128983 3 0.000139619 21487 0.00730991
20 63025520 6 0.000279239 21487 0.0137556
21 48129895 4 0.000186159 21487 0.0120103
22 51304566 0 0 21487 0
X 155270560 12 0.000558477 21487 0.0111472
Y 59373566 2 9.30795e-05 21487 0.00487327
