1 249250621 5707 0.0919475 62068 1.14363
2 243199373 4618 0.0744023 62068 0.949009
3 198022430 4154 0.0669266 62068 1.04901
4 191154276 4771 0.0768673 62068 1.24785
5 180915260 4001 0.0644616 62068 1.10569
6 171115067 3729 0.0600793 62068 1.08839
7 159138663 2632 0.0424051 62068 0.82661
8 146364022 4652 0.0749501 62068 1.58792
9 141213431 2892 0.0465941 62068 1.02405
10 135534747 2685 0.043259 62068 0.989909
11 135006516 2547 0.0410356 62068 0.943348
12 133851895 2332 0.0375717 62068 0.869715
13 115169878 2525 0.0406812 62068 1.09653
14 107349540 1801 0.0290166 62068 0.838629
15 102531392 1591 0.0256332 62068 0.774416
16 90354753 1396 0.0224915 62068 0.772902
17 81195210 1561 0.0251498 62068 0.959917
18 78077248 1182 0.0190436 62068 0.7557
19 59128983 563 0.0090707 62068 0.474906
20 63025520 604 0.00973126 62068 0.479373
21 48129895 337 0.00542953 62068 0.350292
22 51304566 375 0.00604176 62068 0.366167
X 155270560 3531 0.0568892 62068 1.13551
Y 59373566 39 0.000628343 62068 0.0328975
