1 249250621 3996 0.091822 43519 1.14206
2 243199373 2973 0.068315 43519 0.871365
3 198022430 2429 0.0558147 43519 0.874839
4 191154276 2009 0.0461637 43519 0.749411
5 180915260 3841 0.0882603 43519 1.5139
6 171115067 2420 0.0556079 43519 1.00739
7 159138663 2087 0.0479561 43519 0.934816
8 146364022 2946 0.0676946 43519 1.43421
9 141213431 1509 0.0346745 43519 0.762077
10 135534747 898 0.0206347 43519 0.472189
11 135006516 1542 0.0354328 43519 0.814547
12 133851895 2165 0.0497484 43519 1.15158
13 115169878 3919 0.0900526 43519 2.42729
14 107349540 1004 0.0230704 43519 0.666774
15 102531392 643 0.0147752 43519 0.446379
16 90354753 1372 0.0315265 43519 1.08338
17 81195210 578 0.0132816 43519 0.50693
18 78077248 1479 0.0339852 43519 1.34862
19 59128983 287 0.00659482 43519 0.345279
20 63025520 273 0.00627312 43519 0.309021
21 48129895 584 0.0134194 43519 0.865769
22 51304566 174 0.00399825 43519 0.242318
X 155270560 1829 0.0420276 43519 0.838875
Y 59373566 53 0.00121786 43519 0.0637622
