1 249250621 84 0.000743626 112960 0.00924908
2 243199373 108 0.000956091 112960 0.012195
3 198022430 72 0.000637394 112960 0.0099905
4 191154276 75 0.000663952 112960 0.0107784
5 180915260 80 0.000708215 112960 0.0121478
6 171115067 58 0.000513456 112960 0.00930174
7 159138663 123 0.00108888 112960 0.0212258
8 146364022 76 0.000672805 112960 0.0142543
9 141213431 45 0.000398371 112960 0.00875541
10 135534747 48 0.000424929 112960 0.00972378
11 135006516 58 0.000513456 112960 0.0118036
12 133851895 58 0.000513456 112960 0.0118856
13 115169878 58 0.000513456 112960 0.0138398
14 107349540 35 0.000309844 112960 0.00895503
15 102531392 19 0.000168201 112960 0.00508161
16 90354753 40 0.000354108 112960 0.0121686
17 81195210 13 0.000115085 112960 0.00439256
18 78077248 32 0.000283286 112960 0.0112415
19 59128983 15 0.00013279 112960 0.00695238
20 63025520 48 0.000424929 112960 0.0209325
21 48129895 16 0.000141643 112960 0.00913826
22 51304566 8 7.08215e-05 112960 0.00429221
X 155270560 79 0.000699363 112960 0.0139593
Y 59373566 7 6.19688e-05 112960 0.00324444
