1 249250621 3494 0.0887568 39366 1.10394
2 243199373 2813 0.0714576 39366 0.911449
3 198022430 1644 0.0417619 39366 0.654576
4 191154276 3974 0.10095 39366 1.6388
5 180915260 2095 0.0532185 39366 0.912839
6 171115067 1879 0.0477315 39366 0.864702
7 159138663 2509 0.0637352 39366 1.2424
8 146364022 2343 0.0595184 39366 1.26098
9 141213431 1088 0.0276381 39366 0.60743
10 135534747 1601 0.0406696 39366 0.930655
11 135006516 1276 0.0324138 39366 0.745144
12 133851895 1120 0.0284509 39366 0.658587
13 115169878 3072 0.0780369 39366 2.10342
14 107349540 493 0.0125235 39366 0.361951
15 102531392 532 0.0135142 39366 0.408284
16 90354753 1129 0.0286796 39366 0.985552
17 81195210 256 0.00650307 39366 0.248209
18 78077248 901 0.0228878 39366 0.908245
19 59128983 309 0.00784941 39366 0.410964
20 63025520 276 0.00701113 39366 0.345376
21 48129895 679 0.0172484 39366 1.1128
22 51304566 226 0.00574099 39366 0.347939
X 155270560 2757 0.0700351 39366 1.39791
Y 59373566 30 0.000762079 39366 0.0398994
