1 249250621 4002 0.140911 28401 1.75262
2 243199373 1837 0.0646808 28401 0.82501
3 198022430 1823 0.0641879 28401 1.00608
4 191154276 1403 0.0493997 28401 0.801943
5 180915260 1620 0.0570402 28401 0.978392
6 171115067 1426 0.0502095 28401 0.909592
7 159138663 2007 0.0706665 28401 1.37752
8 146364022 1637 0.0576388 28401 1.22116
9 141213431 542 0.0190838 28401 0.419425
10 135534747 1017 0.0358086 28401 0.819419
11 135006516 1387 0.0488363 28401 1.12267
12 133851895 842 0.0296468 28401 0.68627
13 115169878 1357 0.04778 28401 1.28787
14 107349540 465 0.0163727 28401 0.473198
15 102531392 1014 0.035703 28401 1.07864
16 90354753 257 0.00904898 28401 0.310961
17 81195210 350 0.0123235 28401 0.470363
18 78077248 638 0.022464 28401 0.891428
19 59128983 181 0.00637302 28401 0.333666
20 63025520 156 0.00549276 28401 0.27058
21 48129895 91 0.00320411 28401 0.206717
22 51304566 123 0.00433083 28401 0.262475
X 155270560 1781 0.0627091 28401 1.25168
Y 59373566 21 0.000739411 28401 0.0387126
