1 249250621 3844 0.0790199 48646 0.982834
2 243199373 4638 0.0953419 48646 1.2161
3 198022430 3338 0.0686182 48646 1.07552
4 191154276 5062 0.104058 48646 1.68925
5 180915260 3653 0.0750935 48646 1.28805
6 171115067 2666 0.0548041 48646 0.992828
7 159138663 3632 0.0746618 48646 1.4554
8 146364022 1522 0.0312873 48646 0.662866
9 141213431 1091 0.0224273 48646 0.492908
10 135534747 2342 0.0481437 48646 1.10169
11 135006516 1857 0.0381737 48646 0.877557
12 133851895 1109 0.0227974 48646 0.527716
13 115169878 2701 0.0555236 48646 1.49659
14 107349540 1472 0.0302594 48646 0.87455
15 102531392 502 0.0103195 48646 0.311766
16 90354753 455 0.00935329 48646 0.321419
17 81195210 709 0.0145747 48646 0.556286
18 78077248 1313 0.0269909 48646 1.07107
19 59128983 222 0.00456358 48646 0.238931
20 63025520 340 0.00698927 48646 0.344299
21 48129895 354 0.00727706 48646 0.469488
22 51304566 93 0.00191177 48646 0.115865
X 155270560 3119 0.0641163 48646 1.27977
Y 59373566 36 0.00074004 48646 0.0387456
