1 249250621 6649 0.0816069 81476 1.01501
2 243199373 6271 0.0769675 81476 0.981728
3 198022430 6234 0.0765133 81476 1.19927
4 191154276 6455 0.0792258 81476 1.28613
5 180915260 5350 0.0656635 81476 1.1263
6 171115067 5182 0.0636016 81476 1.1522
7 159138663 4900 0.0601404 81476 1.17233
8 146364022 3081 0.0378148 81476 0.801161
9 141213431 3471 0.0426015 81476 0.936297
10 135534747 2786 0.0341941 81476 0.782474
11 135006516 2099 0.0257622 81476 0.592234
12 133851895 3261 0.0400241 81476 0.926483
13 115169878 4227 0.0518803 81476 1.39839
14 107349540 2014 0.0247189 81476 0.71442
15 102531392 1527 0.0187417 81476 0.566215
16 90354753 426 0.00522853 81476 0.179675
17 81195210 753 0.00924199 81476 0.352748
18 78077248 1720 0.0211105 81476 0.837719
19 59128983 727 0.00892287 81476 0.467166
20 63025520 562 0.00689774 81476 0.33979
21 48129895 569 0.00698365 81476 0.450558
22 51304566 380 0.00466395 81476 0.282664
X 155270560 6573 0.0806741 81476 1.61026
Y 59373566 60 0.000736413 81476 0.0385557
