1 249250621 4583 0.0959369 47771 1.19324
2 243199373 4584 0.0959578 47771 1.22395
3 198022430 1604 0.0335769 47771 0.526283
4 191154276 2253 0.0471625 47771 0.765625
5 180915260 3285 0.0687656 47771 1.17951
6 171115067 4103 0.0858889 47771 1.55596
7 159138663 2123 0.0444412 47771 0.8663
8 146364022 2809 0.0588014 47771 1.24579
9 141213431 2316 0.0484813 47771 1.06552
10 135534747 2137 0.0447343 47771 1.02367
11 135006516 1210 0.0253292 47771 0.58228
12 133851895 1457 0.0304997 47771 0.706011
13 115169878 2277 0.0476649 47771 1.28477
14 107349540 1380 0.0288878 47771 0.834908
15 102531392 901 0.0188608 47771 0.569813
16 90354753 541 0.0113249 47771 0.389171
17 81195210 682 0.0142764 47771 0.544902
18 78077248 1356 0.0283854 47771 1.12641
19 59128983 462 0.00967114 47771 0.506342
20 63025520 351 0.00734755 47771 0.361948
21 48129895 824 0.017249 47771 1.11284
22 51304566 167 0.00349584 47771 0.211869
X 155270560 3761 0.0787298 47771 1.57145
Y 59373566 28 0.00058613 47771 0.0306874
