1 249250621 8441 0.0956964 88206 1.19025
2 243199373 5336 0.0604948 88206 0.771617
3 198022430 7845 0.0889395 88206 1.39404
4 191154276 4908 0.0556425 88206 0.903287
5 180915260 6099 0.069145 88206 1.18602
6 171115067 7034 0.0797451 88206 1.44466
7 159138663 4302 0.0487722 88206 0.950725
8 146364022 4501 0.0510283 88206 1.08111
9 141213431 3437 0.0389656 88206 0.856387
10 135534747 2786 0.0315852 88206 0.722772
11 135006516 2740 0.0310636 88206 0.714107
12 133851895 4437 0.0503027 88206 1.16441
13 115169878 4548 0.0515611 88206 1.38979
14 107349540 3507 0.0397592 88206 1.14911
15 102531392 1822 0.0206562 88206 0.624054
16 90354753 649 0.00735778 88206 0.252845
17 81195210 1834 0.0207922 88206 0.793597
18 78077248 2514 0.0285015 88206 1.13101
19 59128983 888 0.0100673 88206 0.527086
20 63025520 644 0.00730109 88206 0.35966
21 48129895 809 0.00917171 88206 0.591723
22 51304566 527 0.00597465 88206 0.3621
X 155270560 4925 0.0558352 88206 1.11448
Y 59373566 41 0.000464821 88206 0.0243362
