1 249250621 48 0.000909315 52787 0.0113099
2 243199373 41 0.000776706 52787 0.00990697
3 198022430 41 0.000776706 52787 0.0121741
4 191154276 37 0.00070093 52787 0.0113787
5 180915260 22 0.000416769 52787 0.0071487
6 171115067 29 0.000549378 52787 0.00995249
7 159138663 39 0.000738818 52787 0.0144019
8 146364022 28 0.000530434 52787 0.011238
9 141213431 20 0.000378881 52787 0.00832706
10 135534747 19 0.000359937 52787 0.00823655
11 135006516 23 0.000435713 52787 0.0100164
12 133851895 17 0.000322049 52787 0.00745484
13 115169878 35 0.000663042 52787 0.0178718
14 107349540 8 0.000151552 52787 0.00438013
15 102531392 16 0.000303105 52787 0.00915725
16 90354753 9 0.000170497 52787 0.00585899
17 81195210 9 0.000170497 52787 0.0065075
18 78077248 11 0.000208385 52787 0.00826923
19 59128983 12 0.000227329 52787 0.011902
20 63025520 26 0.000492546 52787 0.0242633
21 48129895 3 5.68322e-05 52787 0.00366659
22 51304566 4 7.57762e-05 52787 0.0045925
X 155270560 20 0.000378881 52787 0.0075625
Y 59373566 3 5.68322e-05 52787 0.00297551
