1 249250621 23 0.000519798 44248 0.00646514
2 243199373 33 0.000745796 44248 0.00951271
3 198022430 30 0.000677997 44248 0.0106269
4 191154276 14 0.000316398 44248 0.00513634
5 180915260 20 0.000451998 44248 0.00775296
6 171115067 23 0.000519798 44248 0.00941662
7 159138663 25 0.000564997 44248 0.0110136
8 146364022 17 0.000384198 44248 0.00813979
9 141213431 14 0.000316398 44248 0.00695381
10 135534747 14 0.000316398 44248 0.00724024
11 135006516 10 0.000225999 44248 0.00519538
12 133851895 10 0.000225999 44248 0.00523146
13 115169878 11 0.000248599 44248 0.00670078
14 107349540 3 6.77997e-05 44248 0.00195953
15 102531392 6 0.000135599 44248 0.00409666
16 90354753 18 0.000406798 44248 0.0139793
17 81195210 9 0.000203399 44248 0.00776332
18 78077248 9 0.000203399 44248 0.00807139
19 59128983 6 0.000135599 44248 0.00709944
20 63025520 26 0.000587597 44248 0.0289457
21 48129895 3 6.77997e-05 44248 0.00437417
22 51304566 3 6.77997e-05 44248 0.00410907
X 155270560 15 0.000338998 44248 0.00676643
Y 59373566 0 0 44248 0
