1 249250621 5788 0.0835101 69309 1.03868
2 243199373 5290 0.0763249 69309 0.973531
3 198022430 5785 0.0834668 69309 1.30826
4 191154276 5991 0.086439 69309 1.40323
5 180915260 4511 0.0650853 69309 1.11639
6 171115067 4738 0.0683605 69309 1.23842
7 159138663 4045 0.0583618 69309 1.13766
8 146364022 3435 0.0495607 69309 1.05001
9 141213431 2439 0.0351902 69309 0.773412
10 135534747 2686 0.038754 69309 0.886819
11 135006516 2258 0.0325787 69309 0.748937
12 133851895 2516 0.0363012 69309 0.840306
13 115169878 4181 0.0603241 69309 1.62599
14 107349540 1320 0.0190451 69309 0.550438
15 102531392 1190 0.0171695 69309 0.518716
16 90354753 1258 0.0181506 69309 0.623732
17 81195210 972 0.0140242 69309 0.535273
18 78077248 2170 0.0313091 69309 1.24242
19 59128983 254 0.00366475 69309 0.191872
20 63025520 871 0.0125669 69309 0.61906
21 48129895 849 0.0122495 69309 0.79029
22 51304566 401 0.00578568 69309 0.350648
X 155270560 2684 0.0387251 69309 0.772957
Y 59373566 26 0.000375132 69309 0.0196404
