1 249250621 8456 0.0782188 108107 0.972871
2 243199373 9044 0.0836579 108107 1.06706
3 198022430 9343 0.0864236 108107 1.3546
4 191154276 8883 0.0821686 108107 1.33391
5 180915260 6461 0.0597649 108107 1.02513
6 171115067 7503 0.0694035 108107 1.25731
7 159138663 6581 0.0608749 108107 1.18664
8 146364022 4662 0.0431239 108107 0.913643
9 141213431 2762 0.0255488 108107 0.561511
10 135534747 3472 0.0321163 108107 0.734927
11 135006516 3097 0.0286475 108107 0.658564
12 133851895 3239 0.0299611 108107 0.693543
13 115169878 6989 0.0646489 108107 1.74256
14 107349540 2552 0.0236062 108107 0.682261
15 102531392 1899 0.0175659 108107 0.530693
16 90354753 1753 0.0162154 108107 0.557231
17 81195210 1535 0.0141989 108107 0.541943
18 78077248 2768 0.0256043 108107 1.01604
19 59128983 1221 0.0112944 108107 0.591328
20 63025520 1254 0.0115996 108107 0.57141
21 48129895 1666 0.0154107 108107 0.994236
22 51304566 540 0.00499505 108107 0.30273
X 155270560 6522 0.0603291 108107 1.20417
Y 59373566 56 0.000518005 108107 0.0271207
