1 249250621 14 0.000905504 15461 0.0112625
2 243199373 16 0.00103486 15461 0.0131998
3 198022430 8 0.000517431 15461 0.0081102
4 191154276 15 0.000970183 15461 0.0157497
5 180915260 9 0.00058211 15461 0.00998473
6 171115067 5 0.000323394 15461 0.00585859
7 159138663 14 0.000905504 15461 0.0176512
8 146364022 9 0.00058211 15461 0.0123328
9 141213431 9 0.00058211 15461 0.0127936
10 135534747 5 0.000323394 15461 0.00740033
11 135006516 6 0.000388073 15461 0.00892122
12 133851895 9 0.00058211 15461 0.0134748
13 115169878 8 0.000517431 15461 0.0139469
14 107349540 4 0.000258715 15461 0.00747733
15 102531392 4 0.000258715 15461 0.00781618
16 90354753 6 0.000388073 15461 0.0133358
17 81195210 6 0.000388073 15461 0.014812
18 78077248 3 0.000194037 15461 0.00769987
19 59128983 1 6.46789e-05 15461 0.00338633
20 63025520 8 0.000517431 15461 0.0254892
21 48129895 0 0 15461 0
22 51304566 1 6.46789e-05 15461 0.00391993
X 155270560 12 0.000776146 15461 0.0154919
Y 59373566 0 0 15461 0
