1 249250621 34 0.00114029 29817 0.0141827
2 243199373 40 0.00134152 29817 0.0171112
3 198022430 26 0.000871986 29817 0.0136675
4 191154276 32 0.00107321 29817 0.0174223
5 180915260 39 0.00130798 29817 0.0224353
6 171115067 16 0.000536607 29817 0.00972113
7 159138663 38 0.00127444 29817 0.0248429
8 146364022 32 0.00107321 29817 0.0227376
9 141213431 12 0.000402455 29817 0.00884516
10 135534747 6 0.000201227 29817 0.00460475
11 135006516 15 0.000503069 29817 0.0115648
12 133851895 14 0.000469531 29817 0.0108688
13 115169878 39 0.00130798 29817 0.0352555
14 107349540 10 0.000335379 29817 0.00969304
15 102531392 15 0.000503069 29817 0.0151985
16 90354753 9 0.000301841 29817 0.0103726
17 81195210 7 0.000234765 29817 0.00896051
18 78077248 2 6.70758e-05 29817 0.00266174
19 59128983 3 0.000100614 29817 0.00526774
20 63025520 30 0.00100614 29817 0.0495634
21 48129895 0 0 29817 0
22 51304566 4 0.000134152 29817 0.0081304
X 155270560 12 0.000402455 29817 0.00803303
Y 59373566 2 6.70758e-05 29817 0.00351182
