1 249250621 8 0.000406607 19675 0.00505731
2 243199373 15 0.000762389 19675 0.00972435
3 198022430 10 0.000508259 19675 0.00796645
4 191154276 18 0.000914867 19675 0.0148517
5 180915260 8 0.000406607 19675 0.0069744
6 171115067 10 0.000508259 19675 0.00920759
7 159138663 12 0.000609911 19675 0.0118891
8 146364022 4 0.000203304 19675 0.00430728
9 141213431 4 0.000203304 19675 0.00446821
10 135534747 7 0.000355781 19675 0.00814145
11 135006516 6 0.000304956 19675 0.00701047
12 133851895 9 0.000457433 19675 0.0105887
13 115169878 9 0.000457433 19675 0.0123297
14 107349540 5 0.00025413 19675 0.00734479
15 102531392 3 0.000152478 19675 0.00460658
16 90354753 1 5.08259e-05 19675 0.0017466
17 81195210 3 0.000152478 19675 0.00581976
18 78077248 4 0.000203304 19675 0.00806761
19 59128983 3 0.000152478 19675 0.00798313
20 63025520 13 0.000660737 19675 0.0325486
21 48129895 4 0.000203304 19675 0.0131164
22 51304566 2 0.000101652 19675 0.00616072
X 155270560 14 0.000711563 19675 0.0142029
Y 59373566 0 0 19675 0
