1 249250621 12 0.00107865 11125 0.0134161
2 243199373 20 0.00179775 11125 0.0229305
3 198022430 13 0.00116854 11125 0.0183157
4 191154276 6 0.000539326 11125 0.00875529
5 180915260 5 0.000449438 11125 0.00770906
6 171115067 10 0.000898876 11125 0.016284
7 159138663 10 0.000898876 11125 0.017522
8 146364022 1 8.98876e-05 11125 0.0019044
9 141213431 6 0.000539326 11125 0.0118533
10 135534747 3 0.000269663 11125 0.00617078
11 135006516 4 0.000359551 11125 0.00826553
12 133851895 7 0.000629213 11125 0.0145651
13 115169878 6 0.000539326 11125 0.0145371
14 107349540 2 0.000179775 11125 0.00519582
15 102531392 3 0.000269663 11125 0.00814692
16 90354753 0 0 11125 0
17 81195210 5 0.000449438 11125 0.0171541
18 78077248 0 0 11125 0
19 59128983 1 8.98876e-05 11125 0.00470616
20 63025520 1 8.98876e-05 11125 0.00442796
21 48129895 1025 0.0921348 11125 5.94418
22 51304566 1 8.98876e-05 11125 0.00544774
X 155270560 3 0.000269663 11125 0.00538249
Y 59373566 0 0 11125 0
