1 249250621 5548 0.0874155 63467 1.08726
2 243199373 4055 0.0638915 63467 0.814942
3 198022430 5336 0.0840752 63467 1.31779
4 191154276 4923 0.0775679 63467 1.25922
5 180915260 3110 0.0490018 63467 0.840512
6 171115067 5319 0.0838073 63467 1.51825
7 159138663 4191 0.0660343 63467 1.28722
8 146364022 2377 0.0374525 63467 0.793486
9 141213431 2639 0.0415807 63467 0.913861
10 135534747 2686 0.0423212 63467 0.968449
11 135006516 1992 0.0313864 63467 0.721526
12 133851895 2926 0.0461027 63467 1.06719
13 115169878 3582 0.0564388 63467 1.52126
14 107349540 1630 0.0256826 63467 0.742273
15 102531392 1121 0.0176627 63467 0.533617
16 90354753 1203 0.0189547 63467 0.651365
17 81195210 1074 0.0169222 63467 0.645885
18 78077248 1194 0.0188129 63467 0.746545
19 59128983 420 0.00661761 63467 0.346472
20 63025520 407 0.00641278 63467 0.315901
21 48129895 556 0.00876046 63467 0.565191
22 51304566 190 0.00299368 63467 0.181435
X 155270560 3395 0.0534924 63467 1.06771
Y 59373566 44 0.000693274 63467 0.0362971
