1 249250621 10035 0.079622 126033 0.990323
2 243199373 8303 0.0658796 126033 0.840301
3 198022430 8878 0.0704419 126033 1.1041
4 191154276 8882 0.0704736 126033 1.14405
5 180915260 9272 0.073568 126033 1.26189
6 171115067 7873 0.0624678 126033 1.13166
7 159138663 6128 0.0486222 126033 0.947801
8 146364022 5665 0.0449485 126033 0.9523
9 141213431 5068 0.0402117 126033 0.883773
10 135534747 4382 0.0347687 126033 0.795622
11 135006516 6652 0.0527798 126033 1.21333
12 133851895 5532 0.0438933 126033 1.01605
13 115169878 5559 0.0441075 126033 1.18888
14 107349540 3120 0.0247554 126033 0.715475
15 102531392 2632 0.0208834 126033 0.630919
16 90354753 2154 0.0170908 126033 0.587311
17 81195210 1894 0.0150278 126033 0.573581
18 78077248 2836 0.022502 126033 0.892938
19 59128983 923 0.00732348 126033 0.383428
20 63025520 1250 0.00991804 126033 0.488573
21 48129895 1166 0.00925155 126033 0.596874
22 51304566 976 0.007744 126033 0.469334
X 155270560 7817 0.0620234 126033 1.23799
Y 59373566 75 0.000595082 126033 0.0311561
