1 249250621 5408 0.069491 77823 0.864316
2 243199373 5045 0.0648266 77823 0.82687
3 198022430 4576 0.0588001 77823 0.921632
4 191154276 7011 0.090089 77823 1.46248
5 180915260 4738 0.0608817 77823 1.04428
6 171115067 5615 0.0721509 77823 1.30708
7 159138663 5505 0.0707374 77823 1.3789
8 146364022 2375 0.030518 77823 0.646567
9 141213431 2344 0.0301196 77823 0.66197
10 135534747 3651 0.0469142 77823 1.07355
11 135006516 4128 0.0530434 77823 1.21939
12 133851895 3218 0.0413502 77823 0.957182
13 115169878 4001 0.0514115 77823 1.38576
14 107349540 2052 0.0263675 77823 0.762067
15 102531392 1069 0.0137363 77823 0.414994
16 90354753 1421 0.0182594 77823 0.62747
17 81195210 1024 0.0131581 77823 0.502216
18 78077248 2086 0.0268044 77823 1.06367
19 59128983 658 0.00845508 77823 0.442675
20 63025520 1180 0.0151626 77823 0.746927
21 48129895 824 0.0105881 77823 0.683105
22 51304566 272 0.00349511 77823 0.211825
X 155270560 3886 0.0499338 77823 0.996683
Y 59373566 31 0.00039834 77823 0.0208555
