1 249250621 52 0.00113014 46012 0.0140565
2 243199373 50 0.00108667 46012 0.0138606
3 198022430 28 0.000608537 46012 0.0095382
4 191154276 47 0.00102147 46012 0.0165823
5 180915260 38 0.000825872 46012 0.0141659
6 171115067 32 0.000695471 46012 0.0125991
7 159138663 41 0.000891072 46012 0.0173698
8 146364022 20 0.000434669 46012 0.00920909
9 141213431 36 0.000782405 46012 0.0171957
10 135534747 23 0.00049987 46012 0.0114387
11 135006516 21 0.000456403 46012 0.010492
12 133851895 40 0.000869338 46012 0.0201236
13 115169878 18 0.000391202 46012 0.0105445
14 107349540 10 0.000217335 46012 0.00628135
15 102531392 13 0.000282535 46012 0.0085358
16 90354753 14 0.000304268 46012 0.010456
17 81195210 19 0.000412936 46012 0.0157609
18 78077248 12 0.000260802 46012 0.0103493
19 59128983 6 0.000130401 46012 0.00682727
20 63025520 25 0.000543337 46012 0.0267653
21 48129895 10 0.000217335 46012 0.0140216
22 51304566 8 0.000173868 46012 0.0105374
X 155270560 36 0.000782405 46012 0.0156169
Y 59373566 2 4.34669e-05 46012 0.00227576
