1 249250621 39 0.000948513 41117 0.0117974
2 243199373 57 0.00138629 41117 0.0176822
3 198022430 58 0.00141061 41117 0.0221099
4 191154276 43 0.0010458 41117 0.0169772
5 180915260 42 0.00102148 41117 0.017521
6 171115067 35 0.000851229 41117 0.0154208
7 159138663 46 0.00111876 41117 0.0218082
8 146364022 27 0.000656663 41117 0.0139123
9 141213431 26 0.000632342 41117 0.0138976
10 135534747 27 0.000656663 41117 0.0150266
11 135006516 22 0.000535058 41117 0.0123002
12 133851895 22 0.000535058 41117 0.0123856
13 115169878 31 0.000753946 41117 0.020322
14 107349540 12 0.00029185 41117 0.00843497
15 102531392 9 0.000218888 41117 0.00661292
16 90354753 10 0.000243208 41117 0.00835768
17 81195210 6 0.000145925 41117 0.00556966
18 78077248 16 0.000389133 41117 0.0154418
19 59128983 16 0.000389133 41117 0.0203735
20 63025520 47 0.00114308 41117 0.0563093
21 48129895 9 0.000218888 41117 0.0141218
22 51304566 4 9.72834e-05 41117 0.00589596
X 155270560 28 0.000680984 41117 0.0135925
Y 59373566 4 9.72834e-05 41117 0.00509337
