1 249250621 5011 0.0801375 62530 0.996735
2 243199373 5922 0.0947065 62530 1.20799
3 198022430 5107 0.0816728 62530 1.28014
4 191154276 4605 0.0736447 62530 1.19553
5 180915260 4484 0.0717096 62530 1.23001
6 171115067 5028 0.0804094 62530 1.45669
7 159138663 2547 0.0407324 62530 0.794005
8 146364022 2680 0.0428594 62530 0.908039
9 141213431 2640 0.0422197 62530 0.927906
10 135534747 876 0.0140093 62530 0.320578
11 135006516 2085 0.033344 62530 0.766529
12 133851895 2707 0.0432912 62530 1.00211
13 115169878 3291 0.0526307 62530 1.41862
14 107349540 1314 0.0210139 62530 0.607339
15 102531392 910 0.014553 62530 0.439668
16 90354753 1283 0.0205182 62530 0.705091
17 81195210 953 0.0152407 62530 0.581706
18 78077248 702 0.0112266 62530 0.4455
19 59128983 815 0.0130337 62530 0.682395
20 63025520 460 0.00735647 62530 0.362388
21 48129895 468 0.00748441 62530 0.482865
22 51304566 265 0.00423797 62530 0.256846
X 155270560 4117 0.0658404 62530 1.31418
Y 59373566 46 0.000735647 62530 0.0385155
