1 249250621 8610 0.0918704 93719 1.14267
2 243199373 7110 0.0758651 93719 0.967667
3 198022430 5825 0.0621539 93719 0.974199
4 191154276 7042 0.0751395 93719 1.2198
5 180915260 5584 0.0595824 93719 1.022
6 171115067 6999 0.0746807 93719 1.35291
7 159138663 5575 0.0594863 93719 1.15958
8 146364022 6059 0.0646507 93719 1.36972
9 141213431 1604 0.017115 93719 0.376154
10 135534747 2818 0.0300686 93719 0.688069
11 135006516 4532 0.0483573 93719 1.11166
12 133851895 3217 0.034326 93719 0.794584
13 115169878 4711 0.0502673 93719 1.35491
14 107349540 2245 0.0239546 93719 0.692329
15 102531392 1459 0.0155678 93719 0.470327
16 90354753 1166 0.0124414 93719 0.427541
17 81195210 1147 0.0122387 93719 0.467126
18 78077248 2852 0.0304314 93719 1.2076
19 59128983 880 0.00938977 93719 0.491611
20 63025520 714 0.00761852 93719 0.375297
21 48129895 571 0.00609268 93719 0.393076
22 51304566 537 0.00572989 93719 0.347266
X 155270560 6335 0.0675957 93719 1.34922
Y 59373566 61 0.000650882 93719 0.0340776
