1 249250621 951 0.101429 9376 1.26156
2 243199373 1088 0.116041 9376 1.48011
3 198022430 770 0.0821246 9376 1.28722
4 191154276 658 0.0701792 9376 1.13927
5 180915260 730 0.0778584 9376 1.33548
6 171115067 587 0.0626067 9376 1.13418
7 159138663 358 0.0381826 9376 0.7443
8 146364022 359 0.0382892 9376 0.811213
9 141213431 388 0.0413823 9376 0.9095
10 135534747 171 0.0182381 9376 0.417347
11 135006516 314 0.0334898 9376 0.76988
12 133851895 390 0.0415956 9376 0.96286
13 115169878 514 0.0548208 9376 1.47765
14 107349540 134 0.0142918 9376 0.413058
15 102531392 127 0.0135452 9376 0.409221
16 90354753 142 0.0151451 9376 0.520448
17 81195210 98 0.0104522 9376 0.39894
18 78077248 305 0.0325299 9376 1.29087
19 59128983 103 0.0109855 9376 0.575157
20 63025520 52 0.00554608 9376 0.273206
21 48129895 41 0.00437287 9376 0.28212
22 51304566 74 0.00789249 9376 0.478333
X 155270560 422 0.0450085 9376 0.898374
Y 59373566 3 0.000319966 9376 0.0167521
