1 249250621 5365 0.112368 47745 1.39761
2 243199373 5276 0.110504 47745 1.40949
3 198022430 3616 0.0757357 47745 1.18708
4 191154276 3192 0.0668552 47745 1.08531
5 180915260 2238 0.046874 47745 0.804014
6 171115067 2608 0.0546235 47745 0.989557
7 159138663 3879 0.0812441 47745 1.58371
8 146364022 2952 0.0618285 47745 1.30993
9 141213431 2436 0.051021 47745 1.12134
10 135534747 1577 0.0330296 47745 0.755827
11 135006516 1875 0.0392711 47745 0.902785
12 133851895 1187 0.0248612 47745 0.575492
13 115169878 2124 0.0444863 47745 1.19909
14 107349540 1116 0.0233742 47745 0.675554
15 102531392 738 0.0154571 47745 0.466982
16 90354753 480 0.0100534 47745 0.345478
17 81195210 421 0.00881768 47745 0.336553
18 78077248 747 0.0156456 47745 0.620858
19 59128983 220 0.00460781 47745 0.241247
20 63025520 321 0.00672322 47745 0.331193
21 48129895 377 0.00789611 47745 0.509427
22 51304566 181 0.00379097 47745 0.229756
X 155270560 3230 0.0676511 47745 1.35032
Y 59373566 39 0.000816839 47745 0.0427665
