1 249250621 43 0.00110146 39039 0.0136998
2 243199373 49 0.00125516 39039 0.0160096
3 198022430 46 0.00117831 39039 0.0184688
4 191154276 40 0.00102462 39039 0.0166334
5 180915260 25 0.000640385 39039 0.0109843
6 171115067 29 0.000742847 39039 0.0134574
7 159138663 35 0.000896539 39039 0.0174764
8 146364022 26 0.000666001 39039 0.0141102
9 141213431 13 0.000333 39039 0.00731869
10 135534747 15 0.000384231 39039 0.00879247
11 135006516 29 0.000742847 39039 0.0170769
12 133851895 19 0.000486693 39039 0.011266
13 115169878 21 0.000537924 39039 0.0144993
14 107349540 16 0.000409847 39039 0.0118453
15 102531392 7 0.000179308 39039 0.00541716
16 90354753 11 0.00028177 39039 0.0096828
17 81195210 11 0.00028177 39039 0.0107546
18 78077248 5 0.000128077 39039 0.00508242
19 59128983 4 0.000102462 39039 0.00536448
20 63025520 41 0.00105023 39039 0.0517356
21 48129895 5 0.000128077 39039 0.00826304
22 51304566 7 0.000179308 39039 0.0108671
X 155270560 26 0.000666001 39039 0.0132934
Y 59373566 1 2.56154e-05 39039 0.00134112
