1 249250621 9297 0.0760927 122180 0.946426
2 243199373 11400 0.093305 122180 1.19011
3 198022430 8618 0.0705353 122180 1.10557
4 191154276 9072 0.0742511 122180 1.20538
5 180915260 7906 0.0647078 122180 1.10991
6 171115067 8730 0.071452 122180 1.29442
7 159138663 5704 0.0466852 122180 0.910043
8 146364022 6456 0.0528401 122180 1.11949
9 141213431 3439 0.028147 122180 0.618615
10 135534747 5403 0.0442216 122180 1.01194
11 135006516 5419 0.0443526 122180 1.0196
12 133851895 5369 0.0439434 122180 1.01721
13 115169878 5481 0.04486 122180 1.20917
14 107349540 3032 0.0248158 122180 0.717221
15 102531392 2171 0.0177689 122180 0.536824
16 90354753 1631 0.0133492 122180 0.458734
17 81195210 1261 0.0103208 122180 0.393925
18 78077248 1662 0.0136029 122180 0.539797
19 59128983 591 0.00483713 122180 0.253253
20 63025520 771 0.00631036 122180 0.310855
21 48129895 1824 0.0149288 122180 0.963148
22 51304566 1114 0.0091177 122180 0.552588
X 155270560 10258 0.0839581 122180 1.67581
Y 59373566 80 0.000654772 122180 0.0342812
