1 249250621 12389 0.100829 122872 1.25409
2 243199373 11141 0.0906716 122872 1.15653
3 198022430 10042 0.0817273 122872 1.28099
4 191154276 8231 0.0669884 122872 1.08747
5 180915260 6047 0.0492138 122872 0.844148
6 171115067 7409 0.0602985 122872 1.09236
7 159138663 6940 0.0564815 122872 1.101
8 146364022 4309 0.035069 122872 0.742988
9 141213431 4579 0.0372664 122872 0.819042
10 135534747 3277 0.02667 122872 0.610298
11 135006516 6181 0.0503044 122872 1.15642
12 133851895 5617 0.0457142 122872 1.0582
13 115169878 6782 0.0551957 122872 1.48775
14 107349540 3272 0.0266293 122872 0.769634
15 102531392 2611 0.0212498 122872 0.641987
16 90354753 2149 0.0174897 122872 0.601022
17 81195210 1710 0.0139169 122872 0.53118
18 78077248 3047 0.0247982 122872 0.984054
19 59128983 1517 0.0123462 122872 0.646397
20 63025520 2372 0.0193046 122872 0.950968
21 48129895 1610 0.0131031 122872 0.845359
22 51304566 1310 0.0106615 122872 0.646152
X 155270560 5438 0.0442574 122872 0.883382
Y 59373566 54 0.000439482 122872 0.0230095
