1 249250621 35 0.00125678 27849 0.0156316
2 243199373 26 0.000933606 27849 0.0119082
3 198022430 22 0.000789975 27849 0.012382
4 191154276 15 0.000538619 27849 0.00874381
5 180915260 16 0.000574527 27849 0.00985466
6 171115067 16 0.000574527 27849 0.0104081
7 159138663 23 0.000825882 27849 0.0160991
8 146364022 22 0.000789975 27849 0.0167367
9 141213431 7 0.000251356 27849 0.0055243
10 135534747 12 0.000430895 27849 0.0098603
11 135006516 12 0.000430895 27849 0.00990564
12 133851895 12 0.000430895 27849 0.00997443
13 115169878 11 0.000394987 27849 0.0106466
14 107349540 3 0.000107724 27849 0.0031134
15 102531392 2 7.18159e-05 27849 0.00216966
16 90354753 6 0.000215448 27849 0.0074037
17 81195210 5 0.00017954 27849 0.00685266
18 78077248 6 0.000215448 27849 0.00854951
19 59128983 17 0.000610435 27849 0.0319599
20 63025520 9 0.000323171 27849 0.0159198
21 48129895 2 7.18159e-05 27849 0.00463328
22 51304566 2 7.18159e-05 27849 0.00435248
X 155270560 16 0.000574527 27849 0.0114676
Y 59373566 3 0.000107724 27849 0.00563999
