1 249250621 127 0.000825984 153756 0.0102734
2 243199373 139 0.00090403 153756 0.011531
3 198022430 88 0.000572335 153756 0.00897077
4 191154276 95 0.000617862 153756 0.0100302
5 180915260 98 0.000637374 153756 0.0109327
6 171115067 77 0.000500793 153756 0.00907235
7 159138663 141 0.000917037 153756 0.017876
8 146364022 89 0.000578839 153756 0.0122635
9 141213431 62 0.000403236 153756 0.00886234
10 135534747 70 0.000455267 153756 0.010418
11 135006516 57 0.000370717 153756 0.00852224
12 133851895 83 0.000539816 153756 0.0124957
13 115169878 78 0.000507297 153756 0.0136738
14 107349540 41 0.000266656 153756 0.00770683
15 102531392 37 0.000240641 153756 0.00727012
16 90354753 37 0.000240641 153756 0.00826945
17 81195210 28 0.000182107 153756 0.00695064
18 78077248 40 0.000260152 153756 0.0103235
19 59128983 19 0.000123572 153756 0.00646976
20 63025520 84 0.00054632 153756 0.0269123
21 48129895 15 9.75572e-05 153756 0.00629401
22 51304566 8 5.20305e-05 153756 0.00315336
X 155270560 79 0.000513801 153756 0.0102555
Y 59373566 5 3.25191e-05 153756 0.00170257
