1 249250621 7 0.000808875 8654 0.0100606
2 243199373 9 0.00103998 8654 0.0132651
3 198022430 3 0.000346661 8654 0.00543355
4 191154276 2 0.000231107 8654 0.00375174
5 180915260 11 0.00127109 8654 0.0218025
6 171115067 5 0.000577768 8654 0.0104668
7 159138663 2 0.000231107 8654 0.00450501
8 146364022 0 0 8654 0
9 141213431 3 0.000346661 8654 0.00761891
10 135534747 1 0.000115554 8654 0.00264424
11 135006516 2 0.000231107 8654 0.0053128
12 133851895 1 0.000115554 8654 0.00267485
13 115169878 5 0.000577768 8654 0.0155732
14 107349540 2 0.000231107 8654 0.00667939
15 102531392 2 0.000231107 8654 0.00698208
16 90354753 2 0.000231107 8654 0.00794182
17 81195210 0 0 8654 0
18 78077248 0 0 8654 0
19 59128983 0 0 8654 0
20 63025520 7 0.000808875 8654 0.039846
21 48129895 0 0 8654 0
22 51304566 1 0.000115554 8654 0.00700324
X 155270560 2 0.000231107 8654 0.00461291
Y 59373566 0 0 8654 0
