1 249250621 6382 0.0804021 79376 1.00003
2 243199373 7411 0.0933658 79376 1.19089
3 198022430 5078 0.063974 79376 1.00273
4 191154276 7264 0.0915138 79376 1.48561
5 180915260 4932 0.0621347 79376 1.06577
6 171115067 5762 0.0725912 79376 1.31506
7 159138663 4806 0.0605473 79376 1.18026
8 146364022 3050 0.0384247 79376 0.814083
9 141213431 2899 0.0365224 79376 0.80269
10 135534747 1351 0.0170203 79376 0.38948
11 135006516 2666 0.033587 79376 0.772114
12 133851895 3795 0.0478104 79376 1.10672
13 115169878 4375 0.0551174 79376 1.48564
14 107349540 1499 0.0188848 79376 0.545804
15 102531392 1323 0.0166675 79376 0.50355
16 90354753 1398 0.0176124 79376 0.605236
17 81195210 1443 0.0181793 79376 0.693866
18 78077248 1424 0.0179399 79376 0.711902
19 59128983 443 0.00558103 79376 0.292201
20 63025520 900 0.0113384 79376 0.558544
21 48129895 864 0.0108849 79376 0.702252
22 51304566 503 0.00633693 79376 0.384056
X 155270560 6092 0.0767486 79376 1.53191
Y 59373566 43 0.000541725 79376 0.0283626
