1 249250621 7645 0.0993025 76987 1.23511
2 243199373 3786 0.0491771 76987 0.627259
3 198022430 4913 0.063816 76987 1.00025
4 191154276 6709 0.0871446 76987 1.41468
5 180915260 5727 0.0743892 76987 1.27597
6 171115067 4429 0.0575292 76987 1.0422
7 159138663 4422 0.0574383 76987 1.11965
8 146364022 4539 0.058958 76987 1.24911
9 141213431 3001 0.0389806 76987 0.856717
10 135534747 2734 0.0355125 76987 0.812643
11 135006516 2718 0.0353047 76987 0.811601
12 133851895 2271 0.0294985 76987 0.682835
13 115169878 2909 0.0377856 76987 1.01848
14 107349540 1055 0.0137036 76987 0.396058
15 102531392 1237 0.0160676 76987 0.485427
16 90354753 1943 0.025238 76987 0.867286
17 81195210 685 0.00889761 76987 0.339603
18 78077248 1184 0.0153792 76987 0.610287
19 59128983 798 0.0103654 76987 0.54269
20 63025520 758 0.00984582 76987 0.485016
21 48129895 943 0.0122488 76987 0.790247
22 51304566 185 0.002403 76987 0.145637
X 155270560 6425 0.0834556 76987 1.66578
Y 59373566 65 0.000844298 76987 0.0442041
