1 249250621 2915 0.0808599 36050 1.00572
2 243199373 3562 0.0988072 36050 1.2603
3 198022430 2321 0.0643828 36050 1.00913
4 191154276 3345 0.0927878 36050 1.5063
5 180915260 2959 0.0820804 36050 1.4079
6 171115067 2320 0.0643551 36050 1.16585
7 159138663 1686 0.0467684 36050 0.911664
8 146364022 1263 0.0350347 36050 0.74226
9 141213431 1534 0.042552 36050 0.935209
10 135534747 1030 0.0285714 36050 0.653808
11 135006516 1161 0.0322053 36050 0.740351
12 133851895 1142 0.0316782 36050 0.733292
13 115169878 1696 0.0470458 36050 1.26808
14 107349540 694 0.019251 36050 0.556388
15 102531392 743 0.0206103 36050 0.622667
16 90354753 687 0.0190569 36050 0.654875
17 81195210 526 0.0145908 36050 0.556903
18 78077248 1221 0.0338696 36050 1.34403
19 59128983 195 0.00540915 36050 0.283202
20 63025520 363 0.0100693 36050 0.496027
21 48129895 112 0.0031068 36050 0.200438
22 51304566 170 0.00471567 36050 0.285798
X 155270560 2228 0.0618031 36050 1.23359
Y 59373566 15 0.000416089 36050 0.0217848
