1 249250621 20 0.000569411 35124 0.00708223
2 243199373 27 0.000768705 35124 0.00980491
3 198022430 22 0.000626352 35124 0.00981743
4 191154276 36 0.00102494 35124 0.0166386
5 180915260 22 0.000626352 35124 0.0107436
6 171115067 19 0.000540941 35124 0.00979965
7 159138663 28 0.000797176 35124 0.0155395
8 146364022 15 0.000427058 35124 0.00904785
9 141213431 11 0.000313176 35124 0.00688299
10 135534747 26 0.000740235 35124 0.016939
11 135006516 7 0.000199294 35124 0.00458147
12 133851895 13 0.000370117 35124 0.00856753
13 115169878 20 0.000569411 35124 0.015348
14 107349540 6 0.000170823 35124 0.00493709
15 102531392 7 0.000199294 35124 0.00602096
16 90354753 7 0.000199294 35124 0.00684859
17 81195210 11 0.000313176 35124 0.0119533
18 78077248 4 0.000113882 35124 0.00451914
19 59128983 4 0.000113882 35124 0.00596242
20 63025520 11 0.000313176 35124 0.0154274
21 48129895 1 2.84706e-05 35124 0.00183681
22 51304566 2 5.69411e-05 35124 0.00345098
X 155270560 16 0.000455529 35124 0.00909239
Y 59373566 1 2.84706e-05 35124 0.00149061
