1 249250621 5408 0.0886514 61003 1.10263
2 243199373 4056 0.0664885 61003 0.848068
3 198022430 3559 0.0583414 61003 0.914442
4 191154276 4366 0.0715703 61003 1.16185
5 180915260 4531 0.074275 61003 1.27401
6 171115067 4936 0.0809141 61003 1.46583
7 159138663 4112 0.0674065 61003 1.31397
8 146364022 2291 0.0375555 61003 0.795668
9 141213431 2438 0.0399652 61003 0.878357
10 135534747 2353 0.0385719 61003 0.882652
11 135006516 2083 0.0341459 61003 0.784962
12 133851895 2534 0.0415389 61003 0.96155
13 115169878 3232 0.052981 61003 1.42806
14 107349540 1092 0.0179008 61003 0.517363
15 102531392 1424 0.0233431 61003 0.70523
16 90354753 831 0.0136223 61003 0.46812
17 81195210 637 0.0104421 61003 0.398554
18 78077248 1301 0.0213268 61003 0.846302
19 59128983 542 0.00888481 61003 0.465173
20 63025520 1012 0.0165893 61003 0.817209
21 48129895 712 0.0116716 61003 0.753004
22 51304566 398 0.00652427 61003 0.39541
X 155270560 3264 0.0535056 61003 1.06798
Y 59373566 42 0.000688491 61003 0.0360466
