1 249250621 1791 0.105889 16914 1.31702
2 243199373 1096 0.0647984 16914 0.82651
3 198022430 1042 0.0616058 16914 0.965608
4 191154276 1511 0.0893343 16914 1.45023
5 180915260 1518 0.0897481 16914 1.53942
6 171115067 782 0.0462339 16914 0.83757
7 159138663 766 0.0452879 16914 0.882806
8 146364022 829 0.0490127 16914 1.0384
9 141213431 511 0.0302117 16914 0.663993
10 135534747 765 0.0452288 16914 1.03498
11 135006516 990 0.0585314 16914 1.34555
12 133851895 690 0.0407946 16914 0.94432
13 115169878 892 0.0527374 16914 1.42149
14 107349540 229 0.0135391 16914 0.391303
15 102531392 205 0.0121201 16914 0.366167
16 90354753 372 0.0219936 16914 0.755794
17 81195210 172 0.0101691 16914 0.388133
18 78077248 562 0.0332269 16914 1.31853
19 59128983 129 0.00762682 16914 0.39931
20 63025520 48 0.00283789 16914 0.139797
21 48129895 144 0.00851366 16914 0.549268
22 51304566 47 0.00277876 16914 0.16841
X 155270560 961 0.0568168 16914 1.13407
Y 59373566 12 0.000709471 16914 0.0371451
