1 249250621 5872 0.0920852 63767 1.14534
2 243199373 5352 0.0839306 63767 1.07054
3 198022430 4929 0.077297 63767 1.21155
4 191154276 5308 0.0832405 63767 1.35131
5 180915260 5001 0.0784261 63767 1.34522
6 171115067 3678 0.0576787 63767 1.0449
7 159138663 3365 0.0527702 63767 1.02866
8 146364022 2875 0.045086 63767 0.955212
9 141213431 1646 0.0258127 63767 0.567313
10 135534747 1569 0.0246052 63767 0.563048
11 135006516 3141 0.0492575 63767 1.13236
12 133851895 1787 0.0280239 63767 0.648701
13 115169878 3286 0.0515314 63767 1.38899
14 107349540 1260 0.0197594 63767 0.571082
15 102531392 1035 0.016231 63767 0.490362
16 90354753 1505 0.0236015 63767 0.81105
17 81195210 1208 0.018944 63767 0.723052
18 78077248 1474 0.0231154 63767 0.917278
19 59128983 475 0.00744899 63767 0.39
20 63025520 646 0.0101306 63767 0.499046
21 48129895 963 0.0151019 63767 0.974313
22 51304566 233 0.00365393 63767 0.22145
X 155270560 3550 0.0556714 63767 1.11121
Y 59373566 39 0.000611602 63767 0.032021
