1 249250621 10191 0.0925403 110125 1.151
2 243199373 7989 0.0725448 110125 0.925317
3 198022430 7364 0.0668695 110125 1.04811
4 191154276 8863 0.0804813 110125 1.30651
5 180915260 8479 0.0769943 110125 1.32066
6 171115067 5701 0.0517684 110125 0.937834
7 159138663 5779 0.0524767 110125 1.02294
8 146364022 5194 0.0471646 110125 0.99925
9 141213431 4415 0.0400908 110125 0.881117
10 135534747 5198 0.0472009 110125 1.08011
11 135006516 4257 0.0386561 110125 0.888645
12 133851895 2944 0.0267333 110125 0.618825
13 115169878 7663 0.0695846 110125 1.87559
14 107349540 2030 0.0184336 110125 0.532763
15 102531392 1400 0.0127128 110125 0.384073
16 90354753 918 0.00833598 110125 0.28646
17 81195210 1100 0.00998865 110125 0.381246
18 78077248 4053 0.0368036 110125 1.46046
19 59128983 732 0.00664699 110125 0.34801
20 63025520 1015 0.0092168 110125 0.45403
21 48129895 1350 0.0122588 110125 0.79089
22 51304566 367 0.00333258 110125 0.201974
X 155270560 7631 0.069294 110125 1.38311
Y 59373566 84 0.00076277 110125 0.0399356
