1 249250621 6818 0.0937982 72688 1.16664
2 243199373 4600 0.0632842 72688 0.807196
3 198022430 3614 0.0497193 72688 0.7793
4 191154276 4326 0.0595146 72688 0.966147
5 180915260 3815 0.0524846 72688 0.90025
6 171115067 5720 0.0786925 72688 1.42559
7 159138663 4833 0.0664897 72688 1.29609
8 146364022 3533 0.048605 72688 1.02977
9 141213431 2388 0.0328527 72688 0.722038
10 135534747 1986 0.0273223 72688 0.625223
11 135006516 3677 0.0505861 72688 1.1629
12 133851895 2306 0.0317246 72688 0.734366
13 115169878 8296 0.114132 72688 3.07632
14 107349540 2030 0.0279276 72688 0.807156
15 102531392 1501 0.0206499 72688 0.623864
16 90354753 1492 0.0205261 72688 0.705364
17 81195210 999 0.0137437 72688 0.524568
18 78077248 1406 0.0193429 72688 0.767577
19 59128983 255 0.00350814 72688 0.183672
20 63025520 503 0.00691999 72688 0.340886
21 48129895 919 0.0126431 72688 0.815682
22 51304566 352 0.00484262 72688 0.293492
X 155270560 4782 0.065788 72688 1.31313
Y 59373566 36 0.000495267 72688 0.0259302
