1 249250621 3862 0.0732591 52717 0.911183
2 243199373 3952 0.0749663 52717 0.956203
3 198022430 3877 0.0735436 52717 1.15272
4 191154276 4197 0.0796138 52717 1.29243
5 180915260 3842 0.0728797 52717 1.25008
6 171115067 3691 0.0700154 52717 1.26839
7 159138663 3287 0.0623518 52717 1.21543
8 146364022 2512 0.0476507 52717 1.00955
9 141213431 2505 0.0475179 52717 1.04435
10 135534747 1748 0.0331582 52717 0.758769
11 135006516 2541 0.0482008 52717 1.10806
12 133851895 1888 0.0358139 52717 0.829025
13 115169878 2640 0.0500787 52717 1.34983
14 107349540 1077 0.0204298 52717 0.590458
15 102531392 588 0.0111539 52717 0.336976
16 90354753 386 0.00732212 52717 0.251619
17 81195210 750 0.0142269 52717 0.543012
18 78077248 975 0.018495 52717 0.733928
19 59128983 208 0.0039456 52717 0.206576
20 63025520 406 0.0077015 52717 0.379384
21 48129895 601 0.0114005 52717 0.735516
22 51304566 236 0.00447673 52717 0.271317
X 155270560 2463 0.0467212 52717 0.932558
Y 59373566 40 0.000758769 52717 0.0397261
