1 249250621 48 0.000892807 53763 0.0111046
2 243199373 85 0.00158101 53763 0.020166
3 198022430 61 0.00113461 53763 0.0177838
4 191154276 48 0.000892807 53763 0.0144936
5 180915260 40 0.000744006 53763 0.0127617
6 171115067 30 0.000558005 53763 0.0101088
7 159138663 80 0.00148801 53763 0.0290061
8 146364022 35 0.000651005 53763 0.0137925
9 141213431 22 0.000409203 53763 0.00899348
10 135534747 35 0.000651005 53763 0.0148971
11 135006516 27 0.000502204 53763 0.0115449
12 133851895 16 0.000297602 53763 0.00688895
13 115169878 31 0.000576605 53763 0.0155419
14 107349540 9 0.000167401 53763 0.00483819
15 102531392 7 0.000130201 53763 0.00393357
16 90354753 16 0.000297602 53763 0.0102269
17 81195210 12 0.000223202 53763 0.00851915
18 78077248 19 0.000353403 53763 0.0140239
19 59128983 7 0.000130201 53763 0.00681681
20 63025520 29 0.000539404 53763 0.0265716
21 48129895 9 0.000167401 53763 0.0108001
22 51304566 4 7.44006e-05 53763 0.00450913
X 155270560 51 0.000948608 53763 0.0189343
Y 59373566 3 5.58005e-05 53763 0.00292149
