1 249250621 7773 0.0803427 96748 0.999288
2 243199373 7303 0.0754848 96748 0.962816
3 198022430 7043 0.0727974 96748 1.14102
4 191154276 7846 0.0810973 96748 1.31651
5 180915260 6181 0.0638876 96748 1.09584
6 171115067 7423 0.0767251 96748 1.38995
7 159138663 5897 0.0609522 96748 1.18815
8 146364022 3784 0.0391119 96748 0.828642
9 141213431 3351 0.0346364 96748 0.761239
10 135534747 2754 0.0284657 96748 0.651389
11 135006516 4081 0.0421818 96748 0.969695
12 133851895 4618 0.0477323 96748 1.10491
13 115169878 5418 0.0560012 96748 1.50947
14 107349540 1863 0.0192562 96748 0.556538
15 102531392 1278 0.0132096 96748 0.399081
16 90354753 1198 0.0123827 96748 0.425522
17 81195210 1349 0.0139434 96748 0.532192
18 78077248 2007 0.0207446 96748 0.823199
19 59128983 790 0.00816554 96748 0.427515
20 63025520 1784 0.0184397 96748 0.908358
21 48129895 1223 0.0126411 96748 0.815554
22 51304566 299 0.0030905 96748 0.187303
X 155270560 5888 0.0608591 96748 1.21475
Y 59373566 72 0.000744201 96748 0.0389634
