1 249250621 10748 0.0702415 153015 0.87365
2 243199373 11349 0.0741692 153015 0.946036
3 198022430 10810 0.0706467 153015 1.10731
4 191154276 12534 0.0819135 153015 1.32977
5 180915260 9801 0.0640525 153015 1.09867
6 171115067 10008 0.0654054 153015 1.18488
7 159138663 8510 0.0556155 153015 1.08412
8 146364022 6777 0.0442898 153015 0.938343
9 141213431 6014 0.0393033 153015 0.86381
10 135534747 6253 0.0408653 153015 0.935132
11 135006516 6986 0.0456557 153015 1.04956
12 133851895 6844 0.0447276 153015 1.03536
13 115169878 9709 0.0634513 153015 1.71028
14 107349540 4990 0.0326112 153015 0.94252
15 102531392 2433 0.0159004 153015 0.480375
16 90354753 1670 0.010914 153015 0.37505
17 81195210 1710 0.0111754 153015 0.426541
18 78077248 4209 0.0275071 153015 1.09155
19 59128983 1313 0.00858086 153015 0.44926
20 63025520 1372 0.00896644 153015 0.441697
21 48129895 533 0.00348332 153015 0.22473
22 51304566 777 0.00507793 153015 0.307754
X 155270560 9289 0.0607065 153015 1.21171
Y 59373566 118 0.000771166 153015 0.0403752
