1 249250621 829 0.089255 9288 1.11014
2 243199373 704 0.0757967 9288 0.966795
3 198022430 470 0.0506029 9288 0.793149
4 191154276 576 0.0620155 9288 1.00675
5 180915260 548 0.0590009 9288 1.01202
6 171115067 610 0.0656761 9288 1.18979
7 159138663 589 0.0634152 9288 1.23616
8 146364022 272 0.0292851 9288 0.620447
9 141213431 267 0.0287468 9288 0.631797
10 135534747 266 0.0286391 9288 0.655357
11 135006516 456 0.0490956 9288 1.12863
12 133851895 449 0.0483419 9288 1.11903
13 115169878 485 0.0522179 9288 1.40749
14 107349540 225 0.0242248 9288 0.700139
15 102531392 134 0.0144272 9288 0.435868
16 90354753 240 0.0258398 9288 0.887965
17 81195210 73 0.0078596 9288 0.299985
18 78077248 278 0.0299311 9288 1.18774
19 59128983 136 0.0146425 9288 0.766626
20 63025520 66 0.00710594 9288 0.350046
21 48129895 136 0.0146425 9288 0.944681
22 51304566 34 0.00366064 9288 0.221857
X 155270560 600 0.0645995 9288 1.28941
Y 59373566 3 0.000322997 9288 0.0169109
