1 249250621 3602 0.0871353 41338 1.08377
2 243199373 3299 0.0798055 41338 1.01793
3 198022430 2425 0.0586627 41338 0.919479
4 191154276 2650 0.0641057 41338 1.04068
5 180915260 2925 0.0707581 41338 1.21369
6 171115067 2882 0.0697179 41338 1.26301
7 159138663 2922 0.0706856 41338 1.37789
8 146364022 1725 0.0417292 41338 0.884092
9 141213431 1424 0.0344477 41338 0.757093
10 135534747 953 0.0230538 41338 0.527548
11 135006516 2025 0.0489864 41338 1.12612
12 133851895 1738 0.0420436 41338 0.973232
13 115169878 3092 0.074798 41338 2.01612
14 107349540 821 0.0198607 41338 0.574008
15 102531392 848 0.0205138 41338 0.619753
16 90354753 519 0.012555 41338 0.431444
17 81195210 376 0.00909575 41338 0.347166
18 78077248 1136 0.0274808 41338 1.09051
19 59128983 274 0.00662828 41338 0.347031
20 63025520 687 0.0166191 41338 0.818674
21 48129895 485 0.0117325 41338 0.756938
22 51304566 157 0.00379796 41338 0.230179
X 155270560 1486 0.0359476 41338 0.717516
Y 59373566 17 0.000411244 41338 0.0215311
