1 249250621 15 0.00059209 25334 0.0073643
2 243199373 13 0.000513144 25334 0.00654521
3 198022430 11 0.000434199 25334 0.00680563
4 191154276 7 0.000276309 25334 0.00448553
5 180915260 11 0.000434199 25334 0.00744767
6 171115067 13 0.000513144 25334 0.00929609
7 159138663 23 0.000907871 25334 0.0176973
8 146364022 5 0.000197363 25334 0.00418142
9 141213431 7 0.000276309 25334 0.00607271
10 135534747 15 0.00059209 25334 0.013549
11 135006516 6 0.000236836 25334 0.0054445
12 133851895 9 0.000355254 25334 0.00822347
13 115169878 15 0.00059209 25334 0.0159593
14 107349540 2 7.89453e-05 25334 0.00228166
15 102531392 7 0.000276309 25334 0.00834769
16 90354753 5 0.000197363 25334 0.00678224
17 81195210 2 7.89453e-05 25334 0.00301318
18 78077248 8 0.000315781 25334 0.012531
19 59128983 5 0.000197363 25334 0.0103332
20 63025520 24 0.000947343 25334 0.0466672
21 48129895 2 7.89453e-05 25334 0.00509324
22 51304566 4 0.000157891 25334 0.00956913
X 155270560 9 0.000355254 25334 0.00709089
Y 59373566 1 3.94726e-05 25334 0.00206663
