1 249250621 5522 0.0888081 62179 1.10458
2 243199373 4750 0.0763924 62179 0.974392
3 198022430 3618 0.0581868 62179 0.91202
4 191154276 4248 0.0683189 62179 1.10907
5 180915260 4461 0.0717445 62179 1.23061
6 171115067 3717 0.059779 62179 1.08295
7 159138663 3507 0.0564017 62179 1.09945
8 146364022 2912 0.0468325 62179 0.992215
9 141213431 1717 0.0276138 62179 0.606897
10 135534747 2292 0.0368613 62179 0.843508
11 135006516 2941 0.0472989 62179 1.08733
12 133851895 2615 0.042056 62179 0.973519
13 115169878 3513 0.0564982 62179 1.52286
14 107349540 1420 0.0228373 62179 0.660037
15 102531392 997 0.0160344 62179 0.484422
16 90354753 1283 0.020634 62179 0.709071
17 81195210 485 0.00780006 62179 0.297712
18 78077248 1560 0.0250889 62179 0.99559
19 59128983 734 0.0118046 62179 0.618043
20 63025520 583 0.00937616 62179 0.46188
21 48129895 904 0.0145387 62179 0.937979
22 51304566 237 0.00381158 62179 0.231005
X 155270560 4577 0.0736101 62179 1.46926
Y 59373566 54 0.00086846 62179 0.0454691
