1 249250621 43 0.000878017 48974 0.0109206
2 243199373 51 0.00104137 48974 0.0132828
3 198022430 39 0.000796341 48974 0.0124818
4 191154276 44 0.000898436 48974 0.014585
5 180915260 35 0.000714665 48974 0.0122584
6 171115067 35 0.000714665 48974 0.0129468
7 159138663 58 0.0011843 48974 0.0230858
8 146364022 34 0.000694246 48974 0.0147086
9 141213431 15 0.000306285 48974 0.00673154
10 135534747 18 0.000367542 48974 0.00841057
11 135006516 46 0.000939274 48974 0.0215925
12 133851895 19 0.000387961 48974 0.00898058
13 115169878 32 0.000653408 48974 0.0176121
14 107349540 4 8.1676e-05 48974 0.00236058
15 102531392 12 0.000245028 48974 0.00740266
16 90354753 8 0.000163352 48974 0.00561347
17 81195210 5 0.000102095 48974 0.00389676
18 78077248 9 0.000183771 48974 0.0072925
19 59128983 6 0.000122514 48974 0.00641434
20 63025520 38 0.000775922 48974 0.0382228
21 48129895 7 0.000142933 48974 0.00922148
22 51304566 8 0.000163352 48974 0.00990012
X 155270560 38 0.000775922 48974 0.0154875
Y 59373566 0 0 48974 0
