1 249250621 25 0.000938967 26625 0.0116787
2 243199373 43 0.00161502 26625 0.0205998
3 198022430 26 0.000976526 26625 0.015306
4 191154276 14 0.000525822 26625 0.00853606
5 180915260 19 0.000713615 26625 0.0122404
6 171115067 17 0.000638498 26625 0.011567
7 159138663 46 0.0017277 26625 0.0336784
8 146364022 17 0.000638498 26625 0.0135275
9 141213431 12 0.000450704 26625 0.00990559
10 135534747 10 0.000375587 26625 0.00859466
11 135006516 13 0.000488263 26625 0.0112244
12 133851895 1 3.75587e-05 26625 0.000869414
13 115169878 17 0.000638498 26625 0.0172102
14 107349540 5 0.000187793 26625 0.00542756
15 102531392 2 7.51174e-05 26625 0.00226941
16 90354753 6 0.000225352 26625 0.00774406
17 81195210 2 7.51174e-05 26625 0.00286708
18 78077248 18 0.000676056 26625 0.0268276
19 59128983 1 3.75587e-05 26625 0.00196642
20 63025520 12 0.000450704 26625 0.0222022
21 48129895 2 7.51174e-05 26625 0.00484628
22 51304566 2 7.51174e-05 26625 0.00455257
X 155270560 7 0.000262911 26625 0.00524772
Y 59373566 5 0.000187793 26625 0.00983212
