1 249250621 3145 0.0734247 42833 0.913242
2 243199373 5417 0.126468 42833 1.61311
3 198022430 3674 0.085775 42833 1.34444
4 191154276 2772 0.0647165 42833 1.05059
5 180915260 2938 0.068592 42833 1.17653
6 171115067 3052 0.0712535 42833 1.29082
7 159138663 2323 0.0542339 42833 1.05719
8 146364022 2097 0.0489576 42833 1.03724
9 141213431 1636 0.0381948 42833 0.839447
10 135534747 1473 0.0343894 42833 0.786942
11 135006516 1987 0.0463895 42833 1.06642
12 133851895 986 0.0230196 42833 0.532862
13 115169878 1774 0.0414167 42833 1.11635
14 107349540 1191 0.0278057 42833 0.803632
15 102531392 580 0.013541 42833 0.409092
16 90354753 808 0.018864 42833 0.648246
17 81195210 509 0.0118834 42833 0.453563
18 78077248 741 0.0172997 42833 0.686498
19 59128983 424 0.00989891 42833 0.518268
20 63025520 317 0.00740084 42833 0.364573
21 48129895 143 0.00333855 42833 0.21539
22 51304566 208 0.00485607 42833 0.294307
X 155270560 2709 0.0632456 42833 1.26239
Y 59373566 31 0.000723741 42833 0.0378922
