1 249250621 40 0.000741207 53966 0.009219
2 243199373 100 0.00185302 53966 0.0236354
3 198022430 53 0.0009821 53966 0.0153934
4 191154276 46 0.000852389 53966 0.0138375
5 180915260 62 0.00114887 53966 0.0197062
6 171115067 49 0.000907979 53966 0.0164489
7 159138663 57 0.00105622 53966 0.0205891
8 146364022 32 0.000592966 53966 0.0125628
9 141213431 20 0.000370604 53966 0.00814514
10 135534747 15 0.000277953 53966 0.00636048
11 135006516 29 0.000537375 53966 0.0123535
12 133851895 28 0.000518845 53966 0.0120103
13 115169878 29 0.000537375 53966 0.0144845
14 107349540 15 0.000277953 53966 0.00803332
15 102531392 13 0.000240892 53966 0.00727772
16 90354753 12 0.000222362 53966 0.00764131
17 81195210 14 0.000259423 53966 0.00990163
18 78077248 21 0.000389134 53966 0.0154418
19 59128983 3 5.55906e-05 53966 0.0029105
20 63025520 27 0.000500315 53966 0.0246461
21 48129895 3 5.55906e-05 53966 0.00358649
22 51304566 4 7.41207e-05 53966 0.00449217
X 155270560 31 0.000574436 53966 0.0114658
Y 59373566 2 3.70604e-05 53966 0.00194033
