1 249250621 3399 0.0640089 53102 0.79613
2 243199373 5398 0.101653 53102 1.2966
3 198022430 3970 0.0747618 53102 1.17181
4 191154276 3495 0.0658167 53102 1.06845
5 180915260 3667 0.0690558 53102 1.18449
6 171115067 3754 0.0706941 53102 1.28069
7 159138663 2833 0.0533502 53102 1.03996
8 146364022 2731 0.0514293 53102 1.0896
9 141213431 1878 0.0353659 53102 0.777273
10 135534747 1524 0.0286995 53102 0.656739
11 135006516 2363 0.0444993 53102 1.02297
12 133851895 2404 0.0452714 53102 1.04795
13 115169878 2992 0.0563444 53102 1.51872
14 107349540 1715 0.0322963 53102 0.93342
15 102531392 997 0.0187752 53102 0.567226
16 90354753 921 0.017344 53102 0.596013
17 81195210 651 0.0122594 53102 0.467917
18 78077248 1194 0.022485 53102 0.892263
19 59128983 306 0.00576249 53102 0.301701
20 63025520 709 0.0133517 53102 0.657717
21 48129895 456 0.00858725 53102 0.554016
22 51304566 367 0.00691123 53102 0.418862
X 155270560 2459 0.0463071 53102 0.924294
Y 59373566 35 0.000659109 53102 0.0345083
