1 249250621 8943 0.0931922 95963 1.15911
2 243199373 8093 0.0843346 95963 1.0757
3 198022430 4780 0.0498109 95963 0.780735
4 191154276 7643 0.0796453 95963 1.29294
5 180915260 6923 0.0721424 95963 1.23743
6 171115067 6898 0.0718819 95963 1.30221
7 159138663 5174 0.0539166 95963 1.05101
8 146364022 3335 0.034753 95963 0.736292
9 141213431 3665 0.0381918 95963 0.83938
10 135534747 4975 0.0518429 95963 1.18634
11 135006516 4013 0.0418182 95963 0.961338
12 133851895 2931 0.030543 95963 0.707014
13 115169878 4898 0.0510405 95963 1.37575
14 107349540 2174 0.0226546 95963 0.654756
15 102531392 1948 0.0202995 95963 0.613278
16 90354753 1638 0.0170691 95963 0.586566
17 81195210 916 0.00954535 95963 0.364326
18 78077248 2669 0.0278128 95963 1.10368
19 59128983 583 0.00607526 95963 0.318076
20 63025520 425 0.00442879 95963 0.218167
21 48129895 730 0.0076071 95963 0.490781
22 51304566 543 0.00565843 95963 0.342935
X 155270560 6782 0.0706731 95963 1.41064
Y 59373566 76 0.000791972 95963 0.0414645
