1 249250621 7089 0.0957287 74053 1.19066
2 243199373 6779 0.0915425 74053 1.16763
3 198022430 5916 0.0798887 74053 1.25217
4 191154276 5921 0.0799562 74053 1.29799
5 180915260 5524 0.0745952 74053 1.27951
6 171115067 5154 0.0695988 74053 1.26085
7 159138663 4058 0.0547986 74053 1.0682
8 146364022 4166 0.056257 74053 1.19189
9 141213431 2791 0.0376892 74053 0.828335
10 135534747 2809 0.0379323 74053 0.868016
11 135006516 2555 0.0345023 74053 0.793157
12 133851895 1854 0.0250361 74053 0.57954
13 115169878 3087 0.0416864 74053 1.12362
14 107349540 1246 0.0168258 74053 0.486294
15 102531392 1807 0.0244014 74053 0.737204
16 90354753 828 0.0111812 74053 0.384233
17 81195210 930 0.0125586 74053 0.479335
18 78077248 1131 0.0152728 74053 0.606065
19 59128983 892 0.0120454 74053 0.630651
20 63025520 662 0.00893954 74053 0.440372
21 48129895 1108 0.0149623 74053 0.965307
22 51304566 313 0.0042267 74053 0.256164
X 155270560 4981 0.0672626 74053 1.34257
Y 59373566 41 0.000553658 74053 0.0289873
