1 249250621 3352 0.109382 30645 1.36047
2 243199373 2819 0.0919889 30645 1.17333
3 198022430 2191 0.0714962 30645 1.12063
4 191154276 2288 0.0746614 30645 1.21204
5 180915260 2059 0.0671888 30645 1.15247
6 171115067 2223 0.0725404 30645 1.31414
7 159138663 1924 0.0627835 30645 1.22385
8 146364022 1314 0.0428781 30645 0.908435
9 141213431 1168 0.0381139 30645 0.837668
10 135534747 335 0.0109316 30645 0.250152
11 135006516 1241 0.040496 30645 0.930943
12 133851895 972 0.0317181 30645 0.734214
13 115169878 2624 0.0856257 30645 2.30797
14 107349540 687 0.022418 30645 0.647919
15 102531392 440 0.014358 30645 0.433776
16 90354753 249 0.00812531 30645 0.27922
17 81195210 268 0.00874531 30645 0.33379
18 78077248 862 0.0281286 30645 1.11621
19 59128983 84 0.00274107 30645 0.143511
20 63025520 292 0.00952847 30645 0.469383
21 48129895 309 0.0100832 30645 0.65053
22 51304566 124 0.00404634 30645 0.245233
X 155270560 660 0.021537 30645 0.429879
Y 59373566 7 0.000228422 30645 0.0119593
