1 249250621 4763 0.0781114 60977 0.971535
2 243199373 4420 0.0724863 60977 0.924571
3 198022430 4322 0.0708792 60977 1.11096
4 191154276 6220 0.102006 60977 1.65594
5 180915260 3886 0.0637289 60977 1.09312
6 171115067 3736 0.061269 60977 1.10995
7 159138663 4163 0.0682716 60977 1.33083
8 146364022 2838 0.0465421 60977 0.986062
9 141213431 2075 0.0340292 60977 0.747895
10 135534747 2032 0.033324 60977 0.762564
11 135006516 2475 0.0405891 60977 0.933082
12 133851895 3069 0.0503305 60977 1.16506
13 115169878 3953 0.0648277 60977 1.74738
14 107349540 1502 0.0246322 60977 0.711914
15 102531392 1036 0.01699 60977 0.513293
16 90354753 749 0.0122833 60977 0.422107
17 81195210 1078 0.0176788 60977 0.674763
18 78077248 1892 0.0310281 60977 1.23127
19 59128983 388 0.00636305 60977 0.333144
20 63025520 465 0.00762583 60977 0.375656
21 48129895 786 0.0128901 60977 0.83162
22 51304566 211 0.00346032 60977 0.209716
X 155270560 2000 0.0327993 60977 0.654676
Y 59373566 18 0.000295193 60977 0.0154551
