1 249250621 36 0.000964165 37338 0.0119921
2 243199373 58 0.00155338 37338 0.0198135
3 198022430 23 0.000615994 37338 0.00965509
4 191154276 33 0.000883818 37338 0.0143477
5 180915260 23 0.000615994 37338 0.0105659
6 171115067 21 0.00056243 37338 0.0101889
7 159138663 23 0.000615994 37338 0.0120077
8 146364022 15 0.000401735 37338 0.00851135
9 141213431 12 0.000321388 37338 0.00706348
10 135534747 10 0.000267824 37338 0.00612869
11 135006516 18 0.000482083 37338 0.0110824
12 133851895 12 0.000321388 37338 0.00743955
13 115169878 18 0.000482083 37338 0.0129941
14 107349540 8 0.000214259 37338 0.00619245
15 102531392 10 0.000267824 37338 0.00809135
16 90354753 10 0.000267824 37338 0.00920356
17 81195210 10 0.000267824 37338 0.0102223
18 78077248 10 0.000267824 37338 0.0106279
19 59128983 5 0.000133912 37338 0.00701109
20 63025520 22 0.000589212 37338 0.0290252
21 48129895 2 5.35647e-05 37338 0.00345579
22 51304566 3 8.03471e-05 37338 0.00486952
X 155270560 21 0.00056243 37338 0.0112261
Y 59373566 0 0 37338 0
