1 249250621 5327 0.0828589 64290 1.03058
2 243199373 5376 0.0836211 64290 1.0666
3 198022430 4630 0.0720174 64290 1.1288
4 191154276 4529 0.0704464 64290 1.14361
5 180915260 3469 0.0539586 64290 0.925534
6 171115067 4295 0.0668067 64290 1.21027
7 159138663 3630 0.0564629 64290 1.10064
8 146364022 2788 0.043366 64290 0.918771
9 141213431 2770 0.043086 64290 0.946945
10 135534747 2200 0.0342199 64290 0.783065
11 135006516 3181 0.0494789 64290 1.13745
12 133851895 3234 0.0503033 64290 1.16443
13 115169878 3371 0.0524343 64290 1.41332
14 107349540 1701 0.0264582 64290 0.764689
15 102531392 1086 0.0168922 64290 0.510339
16 90354753 1208 0.0187899 64290 0.6457
17 81195210 677 0.0105304 64290 0.401924
18 78077248 1159 0.0180277 64290 0.715384
19 59128983 349 0.00542853 64290 0.284216
20 63025520 654 0.0101727 64290 0.501116
21 48129895 1005 0.0156323 64290 1.00853
22 51304566 164 0.00255094 64290 0.154602
X 155270560 3835 0.0596516 64290 1.19065
Y 59373566 24 0.000373308 64290 0.0195449
