1 249250621 14587 0.0781156 186736 0.971587
2 243199373 16491 0.0883118 186736 1.12643
3 198022430 11985 0.0641815 186736 1.00598
4 191154276 14251 0.0763163 186736 1.2389
5 180915260 12763 0.0683478 186736 1.17235
6 171115067 10846 0.058082 186736 1.05221
7 159138663 9833 0.0526572 186736 1.02646
8 146364022 9796 0.0524591 186736 1.11142
9 141213431 7906 0.0423378 186736 0.930502
10 135534747 6468 0.0346371 186736 0.792612
11 135006516 8648 0.0463114 186736 1.06463
12 133851895 7673 0.0410901 186736 0.95116
13 115169878 10431 0.0558596 186736 1.50565
14 107349540 3939 0.021094 186736 0.609652
15 102531392 3449 0.0184699 186736 0.558004
16 90354753 1896 0.0101534 186736 0.348913
17 81195210 1737 0.0093019 186736 0.355034
18 78077248 5162 0.0276433 186736 1.09696
19 59128983 1179 0.00631373 186736 0.330562
20 63025520 2061 0.011037 186736 0.543693
21 48129895 1452 0.00777568 186736 0.501657
22 51304566 628 0.00336304 186736 0.20382
X 155270560 13062 0.069949 186736 1.39619
Y 59373566 137 0.000733656 186736 0.0384113
