1 249250621 20 0.00151206 13227 0.0188067
2 243199373 17 0.00128525 13227 0.0163935
3 198022430 3 0.000226809 13227 0.003555
4 191154276 8 0.000604823 13227 0.00981856
5 180915260 9 0.000680426 13227 0.0116711
6 171115067 11 0.000831632 13227 0.0150658
7 159138663 17 0.00128525 13227 0.0250536
8 146364022 7 0.000529221 13227 0.0112123
9 141213431 8 0.000604823 13227 0.0132928
10 135534747 2 0.000151206 13227 0.00346009
11 135006516 8 0.000604823 13227 0.013904
12 133851895 10 0.000756029 13227 0.0175007
13 115169878 6 0.000453618 13227 0.0122269
14 107349540 6 0.000453618 13227 0.0131103
15 102531392 0 0 13227 0
16 90354753 2 0.000151206 13227 0.00519608
17 81195210 5 0.000378015 13227 0.014428
18 78077248 1 7.56029e-05 13227 0.00300012
19 59128983 3 0.000226809 13227 0.0118748
20 63025520 6 0.000453618 13227 0.0223457
21 48129895 0 0 13227 0
22 51304566 0 0 13227 0
X 155270560 7 0.000529221 13227 0.0105633
Y 59373566 0 0 13227 0
