1 249250621 5848 0.0947259 61736 1.17818
2 243199373 4637 0.0751101 61736 0.958038
3 198022430 5226 0.0846508 61736 1.32681
4 191154276 4993 0.0808766 61736 1.31293
5 180915260 4521 0.0732312 61736 1.25611
6 171115067 2923 0.0473468 61736 0.857731
7 159138663 4511 0.0730692 61736 1.42435
8 146364022 2806 0.0454516 61736 0.962958
9 141213431 2978 0.0482377 61736 1.06017
10 135534747 1370 0.0221913 61736 0.507809
11 135006516 2883 0.0466988 61736 1.07354
12 133851895 2731 0.0442368 61736 1.024
13 115169878 2740 0.0443825 61736 1.19629
14 107349540 1323 0.02143 61736 0.619363
15 102531392 1694 0.0274394 61736 0.828985
16 90354753 1240 0.0200855 61736 0.690224
17 81195210 933 0.0151127 61736 0.576822
18 78077248 761 0.0123267 61736 0.489154
19 59128983 223 0.00361215 61736 0.189118
20 63025520 298 0.00482701 61736 0.237784
21 48129895 269 0.00435726 61736 0.281114
22 51304566 210 0.00340158 61736 0.206156
X 155270560 4671 0.0756609 61736 1.5102
Y 59373566 41 0.000664118 61736 0.0347706
