1 249250621 9322 0.095675 97434 1.18999
2 243199373 8419 0.0864072 97434 1.10213
3 198022430 6358 0.0652544 97434 1.0228
4 191154276 8915 0.0914978 97434 1.48535
5 180915260 7424 0.0761952 97434 1.30695
6 171115067 7043 0.0722848 97434 1.30951
7 159138663 3679 0.0377589 97434 0.736041
8 146364022 3196 0.0328017 97434 0.694951
9 141213431 4175 0.0428495 97434 0.941748
10 135534747 3955 0.0405916 97434 0.928869
11 135006516 4820 0.0494694 97434 1.13723
12 133851895 4503 0.0462159 97434 1.06981
13 115169878 3804 0.0390418 97434 1.05234
14 107349540 990 0.0101607 97434 0.293663
15 102531392 2238 0.0229694 97434 0.693939
16 90354753 1431 0.0146869 97434 0.504703
17 81195210 1707 0.0175196 97434 0.668685
18 78077248 2211 0.0226923 97434 0.900487
19 59128983 914 0.00938071 97434 0.491137
20 63025520 1363 0.013989 97434 0.689111
21 48129895 837 0.00859043 97434 0.554221
22 51304566 668 0.00685592 97434 0.41551
X 155270560 5465 0.0560893 97434 1.11955
Y 59373566 40 0.000410534 97434 0.0214939
