1 249250621 13721 0.0874707 156864 1.08794
2 243199373 14026 0.089415 156864 1.1405
3 198022430 11145 0.0710488 156864 1.11362
4 191154276 10302 0.0656747 156864 1.06615
5 180915260 11826 0.0753901 156864 1.29314
6 171115067 10416 0.0664015 156864 1.20293
7 159138663 7978 0.0508593 156864 0.99141
8 146364022 7364 0.0469451 156864 0.9946
9 141213431 5235 0.0333729 156864 0.733469
10 135534747 5569 0.0355021 156864 0.812405
11 135006516 6231 0.0397223 156864 0.913156
12 133851895 7531 0.0480097 156864 1.11134
13 115169878 3255 0.0207505 156864 0.559312
14 107349540 4985 0.0317791 156864 0.918472
15 102531392 3435 0.0218979 156864 0.661569
16 90354753 3325 0.0211967 156864 0.728409
17 81195210 1150 0.00733119 156864 0.279816
18 78077248 3111 0.0198325 156864 0.787003
19 59128983 1723 0.010984 156864 0.57508
20 63025520 1687 0.0107545 156864 0.52978
21 48129895 2009 0.0128073 156864 0.826276
22 51304566 593 0.00378034 156864 0.229112
X 155270560 11516 0.0734139 156864 1.46535
Y 59373566 110 0.000701244 156864 0.0367144
