1 249250621 41 0.000911455 44983 0.0113365
2 243199373 53 0.00117822 44983 0.0150284
3 198022430 46 0.00102261 44983 0.0160283
4 191154276 41 0.000911455 44983 0.0147964
5 180915260 34 0.000755841 44983 0.0129647
6 171115067 39 0.000866994 44983 0.0157064
7 159138663 42 0.000933686 44983 0.0182005
8 146364022 32 0.00071138 44983 0.0150716
9 141213431 23 0.000511304 44983 0.0112375
10 135534747 14 0.000311229 44983 0.00712194
11 135006516 14 0.000311229 44983 0.00715468
12 133851895 16 0.00035569 44983 0.00823356
13 115169878 23 0.000511304 44983 0.0137818
14 107349540 6 0.000133384 44983 0.00385502
15 102531392 6 0.000133384 44983 0.00402972
16 90354753 12 0.000266767 44983 0.00916727
17 81195210 8 0.000177845 44983 0.00678798
18 78077248 16 0.00035569 44983 0.0141147
19 59128983 11 0.000244537 44983 0.012803
20 63025520 33 0.00073361 44983 0.0361384
21 48129895 12 0.000266767 44983 0.0172108
22 51304566 1 2.22306e-05 44983 0.00134731
X 155270560 48 0.00106707 44983 0.0212988
Y 59373566 2 4.44612e-05 44983 0.00232781
