1 249250621 11530 0.0864078 133437 1.07472
2 243199373 11219 0.0840771 133437 1.07241
3 198022430 10813 0.0810345 133437 1.27013
4 191154276 10054 0.0753464 133437 1.22316
5 180915260 9132 0.0684368 133437 1.17387
6 171115067 9013 0.067545 133437 1.22364
7 159138663 8140 0.0610026 133437 1.18913
8 146364022 5664 0.042447 133437 0.899301
9 141213431 4362 0.0326896 133437 0.718452
10 135534747 3331 0.0249631 133437 0.571238
11 135006516 6089 0.045632 133437 1.04901
12 133851895 4398 0.0329594 133437 0.762948
13 115169878 7876 0.0590241 133437 1.59095
14 107349540 2291 0.0171692 133437 0.496218
15 102531392 2237 0.0167645 133437 0.506479
16 90354753 1818 0.0136244 133437 0.468193
17 81195210 1551 0.0116235 133437 0.443644
18 78077248 3261 0.0244385 133437 0.969782
19 59128983 393 0.00294521 133437 0.154199
20 63025520 892 0.0066848 133437 0.329301
21 48129895 1634 0.0122455 133437 0.790031
22 51304566 504 0.00377706 133437 0.228913
X 155270560 8408 0.063011 133437 1.2577
Y 59373566 61 0.000457145 133437 0.0239343
