1 249250621 70 0.00110796 63179 0.0137806
2 243199373 120 0.00189937 63179 0.0242266
3 198022430 67 0.00106048 63179 0.0166219
4 191154276 54 0.000854714 63179 0.0138752
5 180915260 36 0.00056981 63179 0.00977375
6 171115067 29 0.000459013 63179 0.00831546
7 159138663 65 0.00102882 63179 0.020055
8 146364022 33 0.000522325 63179 0.0110662
9 141213431 34 0.000538154 63179 0.0118275
10 135534747 30 0.000474841 63179 0.0108659
11 135006516 35 0.000553982 63179 0.0127352
12 133851895 38 0.000601466 63179 0.0139228
13 115169878 63 0.000997167 63179 0.0268778
14 107349540 21 0.000332389 63179 0.00960662
15 102531392 26 0.000411529 63179 0.0124329
16 90354753 21 0.000332389 63179 0.0114223
17 81195210 12 0.000189937 63179 0.00724949
18 78077248 25 0.000395701 63179 0.0157024
19 59128983 8 0.000126624 63179 0.00662955
20 63025520 24 0.000379873 63179 0.018713
21 48129895 2 3.16561e-05 63179 0.00204233
22 51304566 5 7.91402e-05 63179 0.00479638
X 155270560 40 0.000633122 63179 0.0126372
Y 59373566 3 4.74841e-05 63179 0.00248608
