1 249250621 3438 0.0941789 36505 1.17138
2 243199373 3517 0.096343 36505 1.22886
3 198022430 2173 0.0595261 36505 0.933011
4 191154276 2861 0.0783728 36505 1.27229
5 180915260 2585 0.0708122 36505 1.21462
6 171115067 2650 0.0725928 36505 1.31509
7 159138663 2720 0.0745103 36505 1.45244
8 146364022 1442 0.0395014 36505 0.836895
9 141213431 1134 0.0310642 36505 0.682731
10 135534747 1391 0.0381044 36505 0.871954
11 135006516 1525 0.0417751 36505 0.960347
12 133851895 1667 0.045665 36505 1.05706
13 115169878 1918 0.0525407 36505 1.41619
14 107349540 1075 0.029448 36505 0.851099
15 102531392 732 0.020052 36505 0.605802
16 90354753 220 0.00602657 36505 0.207099
17 81195210 364 0.00997124 36505 0.380582
18 78077248 632 0.0173127 36505 0.687012
19 59128983 203 0.00556088 36505 0.291146
20 63025520 458 0.0125462 36505 0.618041
21 48129895 458 0.0125462 36505 0.809434
22 51304566 146 0.00399945 36505 0.242391
X 155270560 2021 0.0553623 36505 1.10504
Y 59373566 16 0.000438296 36505 0.0229474
