1 249250621 5247 0.103503 50694 1.28736
2 243199373 3631 0.0716258 50694 0.913595
3 198022430 3378 0.0666351 50694 1.04444
4 191154276 2363 0.046613 50694 0.756705
5 180915260 4271 0.0842506 50694 1.44512
6 171115067 3782 0.0746045 50694 1.35153
7 159138663 2704 0.0533396 50694 1.03976
8 146364022 2906 0.0573243 50694 1.2145
9 141213431 1607 0.0317 50694 0.696703
10 135534747 2025 0.0399456 50694 0.914086
11 135006516 1795 0.0354085 50694 0.813989
12 133851895 1791 0.0353296 50694 0.817815
13 115169878 2850 0.0562197 50694 1.51536
14 107349540 1349 0.0266106 50694 0.769094
15 102531392 1096 0.0216199 50694 0.65317
16 90354753 312 0.00615457 50694 0.211497
17 81195210 552 0.0108889 50694 0.415605
18 78077248 1031 0.0203377 50694 0.807052
19 59128983 484 0.00954748 50694 0.499868
20 63025520 404 0.00796938 50694 0.392581
21 48129895 183 0.00360989 50694 0.232896
22 51304566 289 0.00570087 50694 0.345507
X 155270560 4211 0.083067 50694 1.65802
Y 59373566 31 0.000611512 50694 0.0320163
