1 249250621 4903 0.0905431 54151 1.12616
2 243199373 2734 0.0504884 54151 0.643985
3 198022430 3746 0.0691769 54151 1.08428
4 191154276 4002 0.0739045 54151 1.19975
5 180915260 4349 0.0803125 54151 1.37757
6 171115067 3822 0.0705804 54151 1.27863
7 159138663 3184 0.0587985 54151 1.14617
8 146364022 3061 0.0565271 54151 1.19761
9 141213431 1588 0.0293254 54151 0.644514
10 135534747 2348 0.0433602 54151 0.992225
11 135006516 2103 0.0388358 54151 0.892778
12 133851895 2111 0.0389836 54151 0.902398
13 115169878 2693 0.0497313 54151 1.34047
14 107349540 1116 0.020609 54151 0.595637
15 102531392 1482 0.0273679 54151 0.826825
16 90354753 901 0.0166387 54151 0.571775
17 81195210 568 0.0104892 54151 0.400351
18 78077248 1353 0.0249857 54151 0.991496
19 59128983 643 0.0118742 54151 0.621686
20 63025520 410 0.00757142 54151 0.372976
21 48129895 704 0.0130007 54151 0.838754
22 51304566 228 0.00421045 54151 0.255179
X 155270560 3041 0.0561578 54151 1.12091
Y 59373566 34 0.000627874 54151 0.032873
