1 249250621 16 0.00124649 12836 0.0155037
2 243199373 11 0.000856965 12836 0.0109307
3 198022430 13 0.00101278 12836 0.0158742
4 191154276 8 0.000623247 12836 0.0101176
5 180915260 14 0.00109068 12836 0.0187081
6 171115067 47 0.00366158 12836 0.0663329
7 159138663 35 0.00272671 12836 0.0531522
8 146364022 7 0.000545341 12836 0.0115538
9 141213431 5 0.000389529 12836 0.00856109
10 135534747 14 0.00109068 12836 0.0249584
11 135006516 11 0.000856965 12836 0.0197003
12 133851895 7 0.000545341 12836 0.0126236
13 115169878 8 0.000623247 12836 0.0167991
14 107349540 3 0.000233718 12836 0.00675485
15 102531392 1 7.79059e-05 12836 0.00235365
16 90354753 8 0.000623247 12836 0.0214174
17 81195210 4 0.000311624 12836 0.011894
18 78077248 5 0.000389529 12836 0.0154575
19 59128983 0 0 12836 0
20 63025520 8 0.000623247 12836 0.0307018
21 48129895 2 0.000155812 12836 0.0100524
22 51304566 2 0.000155812 12836 0.00944314
X 155270560 23 0.00179184 12836 0.0357652
Y 59373566 2 0.000155812 12836 0.00815768
