1 249250621 1942 0.0856412 22676 1.06519
2 243199373 1760 0.0776151 22676 0.989989
3 198022430 1719 0.075807 22676 1.1882
4 191154276 1582 0.0697654 22676 1.13256
5 180915260 1360 0.0599753 22676 1.02874
6 171115067 1446 0.0637679 22676 1.15521
7 159138663 1170 0.0515964 22676 1.00578
8 146364022 1130 0.0498324 22676 1.05577
9 141213431 779 0.0343535 22676 0.755022
10 135534747 504 0.0222261 22676 0.508607
11 135006516 982 0.0433057 22676 0.995533
12 133851895 1289 0.0568442 22676 1.31584
13 115169878 1524 0.0672076 22676 1.81153
14 107349540 453 0.0199771 22676 0.577372
15 102531392 215 0.00948139 22676 0.286447
16 90354753 342 0.015082 22676 0.518283
17 81195210 244 0.0107603 22676 0.410698
18 78077248 607 0.0267684 22676 1.06224
19 59128983 239 0.0105398 22676 0.551821
20 63025520 287 0.0126566 22676 0.623476
21 48129895 278 0.0122597 22676 0.790946
22 51304566 103 0.00454225 22676 0.275288
X 155270560 1243 0.0548157 22676 1.09413
Y 59373566 15 0.000661492 22676 0.0346331
