1 249250621 7839 0.124682 62872 1.55077
2 243199373 1703 0.0270868 62872 0.345495
3 198022430 5015 0.0797652 62872 1.25024
4 191154276 5683 0.09039 62872 1.46737
5 180915260 1611 0.0256235 62872 0.439511
6 171115067 6403 0.101842 62872 1.84496
7 159138663 5637 0.0896584 62872 1.74773
8 146364022 56 0.000890699 62872 0.0188707
9 141213431 2577 0.040988 62872 0.900836
10 135534747 1487 0.0236512 62872 0.541218
11 135006516 3420 0.0543962 62872 1.25049
12 133851895 4910 0.0780952 62872 1.80776
13 115169878 2451 0.038984 62872 1.05078
14 107349540 2756 0.0438351 62872 1.26691
15 102531392 1735 0.0275958 62872 0.833708
16 90354753 882 0.0140285 62872 0.482079
17 81195210 1034 0.0164461 62872 0.627714
18 78077248 382 0.00607584 62872 0.241105
19 59128983 153 0.00243352 62872 0.127409
20 63025520 344 0.00547143 62872 0.269529
21 48129895 635 0.0100999 62872 0.651606
22 51304566 430 0.00683929 62872 0.414503
X 155270560 1893 0.0301088 62872 0.600974
Y 59373566 27 0.000429444 62872 0.022484
