1 249250621 7015 0.0981558 71468 1.22084
2 243199373 5204 0.0728158 71468 0.928773
3 198022430 4194 0.0586836 71468 0.919806
4 191154276 4661 0.065218 71468 1.05873
5 180915260 4703 0.0658057 71468 1.12874
6 171115067 4875 0.0682123 71468 1.23573
7 159138663 3300 0.0461745 71468 0.900088
8 146364022 3462 0.0484413 71468 1.0263
9 141213431 2247 0.0314406 71468 0.691003
10 135534747 1839 0.0257318 71468 0.588828
11 135006516 4097 0.0573264 71468 1.31785
12 133851895 3011 0.0421307 71468 0.975249
13 115169878 3645 0.0510018 71468 1.37471
14 107349540 1589 0.0222337 71468 0.642593
15 102531392 1475 0.0206386 71468 0.623523
16 90354753 1241 0.0173644 71468 0.596715
17 81195210 701 0.00980859 71468 0.374373
18 78077248 1129 0.0157973 71468 0.626876
19 59128983 786 0.0109979 71468 0.575808
20 63025520 535 0.00748587 71468 0.368762
21 48129895 1000 0.0139923 71468 0.902728
22 51304566 243 0.00340012 71468 0.206068
X 155270560 4494 0.0628813 71468 1.25512
Y 59373566 46 0.000643645 71468 0.0336987
