1 249250621 5357 0.0902962 59327 1.12309
2 243199373 5059 0.0852731 59327 1.08767
3 198022430 108 0.00182042 59327 0.0285332
4 191154276 4513 0.0760699 59327 1.2349
5 180915260 5376 0.0906164 59327 1.55431
6 171115067 2883 0.0485951 59327 0.880346
7 159138663 2959 0.0498761 59327 0.972244
8 146364022 2973 0.0501121 59327 1.0617
9 141213431 3739 0.0630236 59327 1.38513
10 135534747 663 0.0111754 59327 0.255729
11 135006516 1299 0.0218956 59327 0.503347
12 133851895 4816 0.0811772 59327 1.8791
13 115169878 2657 0.0447857 59327 1.20716
14 107349540 2548 0.0429484 59327 1.24128
15 102531392 2113 0.0356162 59327 1.07602
16 90354753 1987 0.0334923 59327 1.15094
17 81195210 485 0.00817503 59327 0.312024
18 78077248 2172 0.0366106 59327 1.4528
19 59128983 525 0.00884926 59327 0.463312
20 63025520 416 0.00701198 59327 0.345418
21 48129895 723 0.0121867 59327 0.786238
22 51304566 430 0.00724796 59327 0.439271
X 155270560 1366 0.0230249 59327 0.459579
Y 59373566 46 0.000775364 59327 0.040595
