1 249250621 15 0.000992983 15106 0.0123505
2 243199373 23 0.00152257 15106 0.0194206
3 198022430 10 0.000661989 15106 0.010376
4 191154276 12 0.000794386 15106 0.0128959
5 180915260 11 0.000728187 15106 0.0124904
6 171115067 15 0.000992983 15106 0.0179888
7 159138663 20 0.00132398 15106 0.0258085
8 146364022 10 0.000661989 15106 0.0140252
9 141213431 7 0.000463392 15106 0.0101844
10 135534747 5 0.000330994 15106 0.00757424
11 135006516 6 0.000397193 15106 0.00913088
12 133851895 11 0.000728187 15106 0.0168562
13 115169878 6 0.000397193 15106 0.010706
14 107349540 4 0.000264795 15106 0.00765305
15 102531392 4 0.000264795 15106 0.00799986
16 90354753 5 0.000330994 15106 0.0113744
17 81195210 1 6.61989e-05 15106 0.00252667
18 78077248 6 0.000397193 15106 0.0157616
19 59128983 6 0.000397193 15106 0.0207955
20 63025520 9 0.00059579 15106 0.0293492
21 48129895 4 0.000264795 15106 0.0170836
22 51304566 0 0 15106 0
X 155270560 8 0.000529591 15106 0.0105707
Y 59373566 0 0 15106 0
