1 249250621 3731 0.0783182 47639 0.974107
2 243199373 4091 0.085875 47639 1.09534
3 198022430 4002 0.0840068 47639 1.31672
4 191154276 2806 0.0589013 47639 0.95619
5 180915260 3608 0.0757363 47639 1.29908
6 171115067 2945 0.0618191 47639 1.11991
7 159138663 2015 0.0422973 47639 0.824508
8 146364022 2520 0.0528978 47639 1.12072
9 141213431 1560 0.0327463 47639 0.719698
10 135534747 1418 0.0297655 47639 0.681133
11 135006516 1944 0.0408069 47639 0.93809
12 133851895 1462 0.0306891 47639 0.710397
13 115169878 2003 0.0420454 47639 1.1333
14 107349540 1550 0.0325364 47639 0.940357
15 102531392 943 0.0197947 47639 0.598027
16 90354753 1283 0.0269317 47639 0.925489
17 81195210 692 0.0145259 47639 0.554424
18 78077248 842 0.0176746 47639 0.701373
19 59128983 501 0.0105166 47639 0.550607
20 63025520 502 0.0105376 47639 0.519093
21 48129895 924 0.0193959 47639 1.25135
22 51304566 223 0.00468104 47639 0.283699
X 155270560 3230 0.0678016 47639 1.35333
Y 59373566 43 0.000902622 47639 0.0472577
