1 249250621 8 0.000662636 12073 0.00824174
2 243199373 12 0.000993953 12073 0.012678
3 198022430 9 0.000745465 12073 0.0116844
4 191154276 3 0.000248488 12073 0.0040339
5 180915260 4 0.000331318 12073 0.00568298
6 171115067 0 0 12073 0
7 159138663 8 0.000662636 12073 0.0129169
8 146364022 11 0.000911124 12073 0.0193035
9 141213431 11 0.000911124 12073 0.0200247
10 135534747 2 0.000165659 12073 0.00379082
11 135006516 2 0.000165659 12073 0.00380825
12 133851895 6 0.000496977 12073 0.0115041
13 115169878 11 0.000911124 12073 0.0245586
14 107349540 5 0.000414147 12073 0.0119696
15 102531392 2 0.000165659 12073 0.0050048
16 90354753 1 8.28295e-05 12073 0.00284637
17 81195210 4 0.000331318 12073 0.0126457
18 78077248 6 0.000496977 12073 0.0197213
19 59128983 1 8.28295e-05 12073 0.00433662
20 63025520 14 0.00115961 12073 0.0571238
21 48129895 4 0.000331318 12073 0.0213753
22 51304566 2 0.000165659 12073 0.0100399
X 155270560 5 0.000414147 12073 0.00826641
Y 59373566 0 0 12073 0
