1 249250621 36 0.000745419 48295 0.00927138
2 243199373 37 0.000766125 48295 0.009772
3 198022430 18 0.000372709 48295 0.00584184
4 191154276 25 0.000517652 48295 0.00840344
5 180915260 16 0.000331297 48295 0.00568263
6 171115067 18 0.000372709 48295 0.00675198
7 159138663 35 0.000724713 48295 0.014127
8 146364022 22 0.000455534 48295 0.00965114
9 141213431 17 0.000352003 48295 0.00773634
10 135534747 24 0.000496946 48295 0.0113718
11 135006516 22 0.000455534 48295 0.010472
12 133851895 13 0.000269179 48295 0.006231
13 115169878 13 0.000269179 48295 0.0072555
14 107349540 14 0.000289885 48295 0.00837818
15 102531392 11 0.000227767 48295 0.00688117
16 90354753 12 0.000248473 48295 0.00853859
17 81195210 5 0.00010353 48295 0.00395154
18 78077248 7 0.000144943 48295 0.00575169
19 59128983 9 0.000186355 48295 0.00975679
20 63025520 26 0.000538358 48295 0.0265201
21 48129895 5 0.00010353 48295 0.00667938
22 51304566 3 6.21182e-05 48295 0.00376474
X 155270560 17 0.000352003 48295 0.00702601
Y 59373566 2 4.14122e-05 48295 0.00216818
