1 249250621 29 0.000801481 36183 0.00996867
2 243199373 33 0.000912031 36183 0.011633
3 198022430 26 0.000718569 36183 0.0112628
4 191154276 34 0.000939668 36183 0.0152543
5 180915260 30 0.000829119 36183 0.0142216
6 171115067 22 0.00060802 36183 0.0110149
7 159138663 21 0.000580383 36183 0.0113135
8 146364022 24 0.000663295 36183 0.0140529
9 141213431 8 0.000221098 36183 0.0048593
10 135534747 17 0.000469834 36183 0.0107513
11 135006516 14 0.000386922 36183 0.00889476
12 133851895 5 0.000138186 36183 0.00319876
13 115169878 17 0.000469834 36183 0.012664
14 107349540 10 0.000276373 36183 0.00798766
15 102531392 11 0.00030401 36183 0.0091846
16 90354753 5 0.000138186 36183 0.00474867
17 81195210 5 0.000138186 36183 0.00527429
18 78077248 12 0.000331647 36183 0.0131606
19 59128983 4 0.000110549 36183 0.00578791
20 63025520 12 0.000331647 36183 0.0163373
21 48129895 6 0.000165824 36183 0.0106983
22 51304566 3 8.29119e-05 36183 0.00502496
X 155270560 24 0.000663295 36183 0.0132394
Y 59373566 2 5.52746e-05 36183 0.00289396
