1 249250621 4030 0.127855 31520 1.59024
2 243199373 2771 0.0879124 31520 1.12133
3 198022430 892 0.0282995 31520 0.443566
4 191154276 1930 0.061231 31520 0.994009
5 180915260 1494 0.0473985 31520 0.81301
6 171115067 2387 0.0757297 31520 1.37191
7 159138663 1199 0.0380393 31520 0.741508
8 146364022 1924 0.0610406 31520 1.29323
9 141213431 1060 0.0336294 31520 0.739109
10 135534747 1000 0.0317259 31520 0.725993
11 135006516 775 0.0245876 31520 0.565231
12 133851895 1673 0.0530774 31520 1.22864
13 115169878 1900 0.0602792 31520 1.62478
14 107349540 697 0.0221129 31520 0.639102
15 102531392 1049 0.0332805 31520 1.00545
16 90354753 728 0.0230964 31520 0.793692
17 81195210 247 0.00783629 31520 0.299095
18 78077248 464 0.0147208 31520 0.584159
19 59128983 232 0.00736041 31520 0.385362
20 63025520 176 0.00558376 31520 0.275062
21 48129895 97 0.00307741 31520 0.198543
22 51304566 181 0.00574239 31520 0.348023
X 155270560 2296 0.0728426 31520 1.45394
Y 59373566 19 0.000602792 31520 0.0315598
