1 249250621 6125 0.0954228 64188 1.18685
2 243199373 5432 0.0846264 64188 1.07942
3 198022430 4603 0.0717112 64188 1.124
4 191154276 5349 0.0833333 64188 1.35281
5 180915260 4351 0.0677853 64188 1.1627
6 171115067 4419 0.0688446 64188 1.24719
7 159138663 4426 0.0689537 64188 1.34413
8 146364022 3583 0.0558204 64188 1.18264
9 141213431 1935 0.0301458 64188 0.662546
10 135534747 2096 0.0326541 64188 0.747233
11 135006516 3276 0.0510376 64188 1.17328
12 133851895 2081 0.0324204 64188 0.750472
13 115169878 2770 0.0431545 64188 1.16319
14 107349540 1212 0.018882 64188 0.545724
15 102531392 855 0.0133202 64188 0.402424
16 90354753 576 0.00897364 64188 0.308373
17 81195210 981 0.0152832 64188 0.583329
18 78077248 1650 0.0257057 64188 1.02007
19 59128983 574 0.00894248 64188 0.468193
20 63025520 383 0.00596685 64188 0.293933
21 48129895 683 0.0106406 64188 0.686491
22 51304566 313 0.0048763 64188 0.295533
X 155270560 4220 0.0657444 64188 1.31226
Y 59373566 47 0.000732224 64188 0.0383363
