1 249250621 10036 0.0984404 101950 1.22438
2 243199373 7757 0.0760863 101950 0.970489
3 198022430 6338 0.0621677 101950 0.974416
4 191154276 5876 0.0576361 101950 0.935651
5 180915260 6592 0.0646591 101950 1.10908
6 171115067 8951 0.0877979 101950 1.59054
7 159138663 6712 0.0658362 101950 1.28336
8 146364022 5279 0.0517803 101950 1.09704
9 141213431 2622 0.0257185 101950 0.565242
10 135534747 2853 0.0279843 101950 0.640373
11 135006516 4131 0.0405199 101950 0.931491
12 133851895 4571 0.0448357 101950 1.03786
13 115169878 6990 0.068563 101950 1.84806
14 107349540 1246 0.0122217 101950 0.353228
15 102531392 1666 0.0163413 101950 0.493696
16 90354753 1855 0.0181952 101950 0.625264
17 81195210 1400 0.0137322 101950 0.524131
18 78077248 2547 0.0249828 101950 0.991382
19 59128983 877 0.00860226 101950 0.45038
20 63025520 784 0.00769004 101950 0.37882
21 48129895 783 0.00768024 101950 0.495499
22 51304566 407 0.00399215 101950 0.241949
X 155270560 7371 0.0723001 101950 1.44312
Y 59373566 52 0.000510054 101950 0.0267044
