1 249250621 10 0.000304081 32886 0.0037821
2 243199373 37 0.0011251 32886 0.0143508
3 198022430 17 0.000516937 32886 0.00810247
4 191154276 27 0.000821018 32886 0.0133282
5 180915260 17 0.000516937 32886 0.00886685
6 171115067 10 0.000304081 32886 0.00550871
7 159138663 12 0.000364897 32886 0.007113
8 146364022 14 0.000425713 32886 0.00901934
9 141213431 13 0.000395305 32886 0.00868802
10 135534747 11 0.000334489 32886 0.00765421
11 135006516 10 0.000304081 32886 0.00699036
12 133851895 8 0.000243265 32886 0.00563113
13 115169878 17 0.000516937 32886 0.0139336
14 107349540 3 9.12242e-05 32886 0.00263654
15 102531392 1 3.04081e-05 32886 0.000918673
16 90354753 10 0.000304081 32886 0.0104495
17 81195210 4 0.000121632 32886 0.00464245
18 78077248 3 9.12242e-05 32886 0.00362001
19 59128983 1 3.04081e-05 32886 0.00159205
20 63025520 27 0.000821018 32886 0.0404442
21 48129895 8 0.000243265 32886 0.0156945
22 51304566 1 3.04081e-05 32886 0.00184291
X 155270560 6 0.000182448 32886 0.00364169
Y 59373566 0 0 32886 0
