1 249250621 21 0.000860268 24411 0.0106998
2 243199373 25 0.00102413 24411 0.0130629
3 198022430 11 0.000450617 24411 0.00706295
4 191154276 14 0.000573512 24411 0.00931026
5 180915260 13 0.000532547 24411 0.00913459
6 171115067 10 0.000409651 24411 0.00742122
7 159138663 30 0.00122895 24411 0.0239562
8 146364022 21 0.000860268 24411 0.018226
9 141213431 8 0.000327721 24411 0.00720266
10 135534747 12 0.000491582 24411 0.011249
11 135006516 7 0.000286756 24411 0.00659209
12 133851895 13 0.000532547 24411 0.0123275
13 115169878 9 0.000368686 24411 0.00993763
14 107349540 2 8.19303e-05 24411 0.00236793
15 102531392 3 0.000122895 24411 0.00371285
16 90354753 7 0.000286756 24411 0.00985416
17 81195210 10 0.000409651 24411 0.0156355
18 78077248 4 0.000163861 24411 0.0065024
19 59128983 1 4.09651e-05 24411 0.00214477
20 63025520 12 0.000491582 24411 0.0242158
21 48129895 6 0.000245791 24411 0.0158575
22 51304566 0 0 24411 0
X 155270560 16 0.000655442 24411 0.0130827
Y 59373566 1 4.09651e-05 24411 0.00214477
