1 249250621 11535 0.0947566 121733 1.17856
2 243199373 9531 0.0782943 121733 0.998652
3 198022430 7938 0.0652083 121733 1.02207
4 191154276 9344 0.0767582 121733 1.24607
5 180915260 8077 0.0663501 121733 1.13808
6 171115067 8369 0.0687488 121733 1.24545
7 159138663 7131 0.058579 121733 1.14189
8 146364022 6727 0.0552603 121733 1.17077
9 141213431 4801 0.0394388 121733 0.866786
10 135534747 3754 0.030838 121733 0.705675
11 135006516 3874 0.0318237 121733 0.73158
12 133851895 2408 0.019781 121733 0.457893
13 115169878 6690 0.0549563 121733 1.4813
14 107349540 3990 0.0327767 121733 0.947302
15 102531392 2473 0.020315 121733 0.613745
16 90354753 2404 0.0197481 121733 0.67863
17 81195210 1008 0.00828042 121733 0.316046
18 78077248 2662 0.0218675 121733 0.867759
19 59128983 713 0.00585708 121733 0.306653
20 63025520 833 0.00684284 121733 0.337086
21 48129895 1883 0.0154683 121733 0.997953
22 51304566 563 0.00462488 121733 0.280296
X 155270560 9316 0.0765281 121733 1.52751
Y 59373566 83 0.00068182 121733 0.0356974
