1 249250621 8144 0.0972859 83712 1.21002
2 243199373 6584 0.0786506 83712 1.0032
3 198022430 6513 0.0778025 83712 1.21947
4 191154276 6539 0.0781131 83712 1.26807
5 180915260 5935 0.0708978 83712 1.21609
6 171115067 5265 0.0628942 83712 1.13939
7 159138663 3762 0.0449398 83712 0.876019
8 146364022 3857 0.0460746 83712 0.976158
9 141213431 2685 0.0320743 83712 0.704929
10 135534747 2555 0.0305213 83712 0.698428
11 135006516 3982 0.0475679 83712 1.09351
12 133851895 3522 0.0420728 83712 0.973908
13 115169878 4486 0.0535885 83712 1.44443
14 107349540 1941 0.0231866 83712 0.670134
15 102531392 1507 0.0180022 83712 0.543873
16 90354753 618 0.00738245 83712 0.253693
17 81195210 1327 0.015852 83712 0.605037
18 78077248 2298 0.0274513 83712 1.08934
19 59128983 557 0.00665377 83712 0.348365
20 63025520 1292 0.0154339 83712 0.760289
21 48129895 1001 0.0119577 83712 0.771462
22 51304566 325 0.00388236 83712 0.235294
X 155270560 4575 0.0546517 83712 1.09085
Y 59373566 40 0.000477829 83712 0.0250172
