1 249250621 4668 0.0878864 53114 1.09311
2 243199373 3351 0.0630907 53114 0.804728
3 198022430 3734 0.0703016 53114 1.10191
4 191154276 4899 0.0922356 53114 1.49733
5 180915260 4465 0.0840645 53114 1.44193
6 171115067 3922 0.0738412 53114 1.3377
7 159138663 2669 0.0502504 53114 0.97954
8 146364022 2211 0.0416274 53114 0.881937
9 141213431 1418 0.0266973 53114 0.586754
10 135534747 1994 0.0375419 53114 0.859082
11 135006516 1951 0.0367323 53114 0.844421
12 133851895 1318 0.0248145 53114 0.574411
13 115169878 2795 0.0526227 53114 1.4184
14 107349540 1139 0.0214444 53114 0.619782
15 102531392 1171 0.0220469 53114 0.66607
16 90354753 1558 0.0293331 53114 1.00801
17 81195210 614 0.01156 53114 0.441223
18 78077248 1486 0.0279776 53114 1.11022
19 59128983 581 0.0109387 53114 0.572709
20 63025520 782 0.014723 53114 0.725273
21 48129895 750 0.0141206 53114 0.911005
22 51304566 298 0.00561057 53114 0.340035
X 155270560 2139 0.0402719 53114 0.80383
Y 59373566 18 0.000338894 53114 0.0177431
