1 249250621 3870 0.09583 40384 1.19192
2 243199373 3525 0.087287 40384 1.11336
3 198022430 1937 0.0479645 40384 0.751795
4 191154276 3957 0.0979844 40384 1.59066
5 180915260 2463 0.0609895 40384 1.04613
6 171115067 3118 0.0772088 40384 1.39871
7 159138663 2138 0.0529418 40384 1.032
8 146364022 1931 0.047816 40384 1.01305
9 141213431 1457 0.0360786 40384 0.792937
10 135534747 765 0.0189431 40384 0.433482
11 135006516 1682 0.0416502 40384 0.957475
12 133851895 1714 0.0424426 40384 0.982466
13 115169878 1869 0.0462807 40384 1.24746
14 107349540 1302 0.0322405 40384 0.931806
15 102531392 688 0.0170365 40384 0.514696
16 90354753 706 0.0174822 40384 0.600762
17 81195210 328 0.00812203 40384 0.310001
18 78077248 1004 0.0248613 40384 0.986561
19 59128983 389 0.00963253 40384 0.504321
20 63025520 519 0.0128516 40384 0.633085
21 48129895 210 0.00520008 40384 0.335489
22 51304566 134 0.00331815 40384 0.2011
X 155270560 2554 0.0632429 40384 1.26233
Y 59373566 33 0.000817155 40384 0.042783
