1 249250621 4414 0.070927 62233 0.882177
2 243199373 5320 0.0854852 62233 1.09037
3 198022430 3610 0.0580078 62233 0.909213
4 191154276 3844 0.0617679 62233 1.00273
5 180915260 5186 0.083332 62233 1.42937
6 171115067 5136 0.0825286 62233 1.49508
7 159138663 4695 0.0754423 62233 1.47061
8 146364022 3279 0.0526891 62233 1.11629
9 141213431 2792 0.0448637 62233 0.986014
10 135534747 1657 0.0266257 62233 0.609285
11 135006516 1915 0.0307715 62233 0.70739
12 133851895 2020 0.0324587 62233 0.751358
13 115169878 3355 0.0539103 62233 1.45311
14 107349540 1451 0.0233156 62233 0.673861
15 102531392 1565 0.0251474 62233 0.759741
16 90354753 1215 0.0195234 62233 0.670907
17 81195210 518 0.00832356 62233 0.317693
18 78077248 1844 0.0296306 62233 1.17582
19 59128983 360 0.00578471 62233 0.302865
20 63025520 768 0.0123407 62233 0.607917
21 48129895 903 0.01451 62233 0.936128
22 51304566 370 0.0059454 62233 0.360327
X 155270560 3320 0.0533479 62233 1.06483
Y 59373566 31 0.000498128 62233 0.02608
