1 249250621 20 0.00083455 23965 0.01038
2 243199373 23 0.000959733 23965 0.0122415
3 198022430 17 0.000709368 23965 0.0111186
4 191154276 27 0.00112664 23965 0.0182897
5 180915260 17 0.000709368 23965 0.0121675
6 171115067 15 0.000625913 23965 0.011339
7 159138663 12 0.00050073 23965 0.00976082
8 146364022 16 0.00066764 23965 0.0141449
9 141213431 6 0.000250365 23965 0.00550253
10 135534747 8 0.00033382 23965 0.00763891
11 135006516 12 0.00050073 23965 0.011511
12 133851895 12 0.00050073 23965 0.011591
13 115169878 7 0.000292093 23965 0.00787312
14 107349540 8 0.00033382 23965 0.00964798
15 102531392 3 0.000125183 23965 0.00378195
16 90354753 4 0.00016691 23965 0.00573574
17 81195210 4 0.00016691 23965 0.00637061
18 78077248 4 0.00016691 23965 0.00662342
19 59128983 6 0.000250365 23965 0.0131081
20 63025520 11 0.000459003 23965 0.022611
21 48129895 0 0 23965 0
22 51304566 0 0 23965 0
X 155270560 8 0.00033382 23965 0.00666308
Y 59373566 1 4.17275e-05 23965 0.00218469
