1 249250621 22 0.000646431 34033 0.00804019
2 243199373 32 0.000940264 34033 0.0119932
3 198022430 36 0.0010578 34033 0.0165799
4 191154276 28 0.000822731 34033 0.013356
5 180915260 28 0.000822731 34033 0.014112
6 171115067 20 0.000587665 34033 0.0106461
7 159138663 13 0.000381982 34033 0.00744605
8 146364022 21 0.000617048 34033 0.0130731
9 141213431 16 0.000470132 34033 0.0103326
10 135534747 18 0.000528898 34033 0.0121029
11 135006516 12 0.000352599 34033 0.00810572
12 133851895 18 0.000528898 34033 0.012243
13 115169878 21 0.000617048 34033 0.016632
14 107349540 8 0.000235066 34033 0.00679381
15 102531392 14 0.000411365 34033 0.012428
16 90354753 9 0.000264449 34033 0.0090876
17 81195210 6 0.000176299 34033 0.00672899
18 78077248 7 0.000205683 34033 0.00816201
19 59128983 4 0.000117533 34033 0.00615356
20 63025520 22 0.000646431 34033 0.0318439
21 48129895 4 0.000117533 34033 0.00758277
22 51304566 3 8.81497e-05 34033 0.00534241
X 155270560 22 0.000646431 34033 0.0129028
Y 59373566 0 0 34033 0
