1 249250621 9097 0.109614 82991 1.36336
2 243199373 6223 0.074984 82991 0.956429
3 198022430 6480 0.0780808 82991 1.22384
4 191154276 6635 0.0799484 82991 1.29786
5 180915260 6770 0.0815751 82991 1.39923
6 171115067 5519 0.0665012 82991 1.20473
7 159138663 4909 0.059151 82991 1.15304
8 146364022 3738 0.045041 82991 0.954259
9 141213431 3413 0.0411249 82991 0.903845
10 135534747 3422 0.0412334 82991 0.943556
11 135006516 3762 0.0453302 82991 1.04207
12 133851895 1584 0.0190864 82991 0.441815
13 115169878 3299 0.0397513 82991 1.07146
14 107349540 1958 0.0235929 82991 0.681876
15 102531392 1466 0.0176646 82991 0.533673
16 90354753 1463 0.0176284 82991 0.605788
17 81195210 962 0.0115916 82991 0.442428
18 78077248 1016 0.0122423 82991 0.485805
19 59128983 836 0.0100734 82991 0.527402
20 63025520 955 0.0115073 82991 0.566861
21 48129895 663 0.00798882 82991 0.515408
22 51304566 291 0.0035064 82991 0.212509
X 155270560 4391 0.0529094 82991 1.05607
Y 59373566 50 0.000602475 82991 0.0315432
