1 249250621 12411 0.0587876 211116 0.731189
2 243199373 19638 0.09302 211116 1.18648
3 198022430 15177 0.0718894 211116 1.12679
4 191154276 16123 0.0763703 211116 1.23978
5 180915260 13047 0.0618001 211116 1.06004
6 171115067 13504 0.0639648 211116 1.15878
7 159138663 12285 0.0581908 211116 1.13432
8 146364022 11192 0.0530135 211116 1.12317
9 141213431 7645 0.0362123 211116 0.795875
10 135534747 7955 0.0376807 211116 0.862259
11 135006516 9339 0.0442363 211116 1.01693
12 133851895 9290 0.0440042 211116 1.01862
13 115169878 9456 0.0447905 211116 1.20729
14 107349540 5992 0.0283825 211116 0.820303
15 102531392 3489 0.0165265 211116 0.499289
16 90354753 4430 0.0209837 211116 0.72109
17 81195210 2589 0.0122634 211116 0.468069
18 78077248 5879 0.0278472 211116 1.10505
19 59128983 2217 0.0105013 211116 0.549808
20 63025520 1971 0.0093361 211116 0.459906
21 48129895 2156 0.0102124 211116 0.658864
22 51304566 1140 0.00539987 211116 0.327265
X 155270560 10426 0.0493852 211116 0.985732
Y 59373566 129 0.000611038 211116 0.0319915
