1 249250621 16 0.00123314 12975 0.0153376
2 243199373 16 0.00123314 12975 0.0157288
3 198022430 18 0.00138728 12975 0.0217443
4 191154276 8 0.00061657 12975 0.0100093
5 180915260 4 0.000308285 12975 0.00528791
6 171115067 12 0.000924855 12975 0.0167546
7 159138663 38 0.00292871 12975 0.0570898
8 146364022 11 0.000847784 12975 0.0179615
9 141213431 14 0.001079 12975 0.0237142
10 135534747 4 0.000308285 12975 0.00705458
11 135006516 7 0.000539499 12975 0.0124023
12 133851895 7 0.000539499 12975 0.0124884
13 115169878 15 0.00115607 12975 0.0311609
14 107349540 2 0.000154143 12975 0.00445499
15 102531392 3 0.000231214 12975 0.00698531
16 90354753 0 0 12975 0
17 81195210 2 0.000154143 12975 0.0058833
18 78077248 8 0.00061657 12975 0.0244671
19 59128983 0 0 12975 0
20 63025520 4 0.000308285 12975 0.0151865
21 48129895 2 0.000154143 12975 0.00994468
22 51304566 5 0.000385356 12975 0.0233549
X 155270560 10 0.000770713 12975 0.0153835
Y 59373566 0 0 12975 0
