1 249250621 7958 0.097018 82026 1.20669
2 243199373 6539 0.0797186 82026 1.01682
3 198022430 4026 0.049082 82026 0.76931
4 191154276 6757 0.0823763 82026 1.33728
5 180915260 6201 0.075598 82026 1.29671
6 171115067 4132 0.0503743 82026 0.912577
7 159138663 4319 0.052654 82026 1.02639
8 146364022 3685 0.0449248 82026 0.951796
9 141213431 3681 0.044876 82026 0.986286
10 135534747 2374 0.028942 82026 0.662289
11 135006516 4246 0.0517641 82026 1.18998
12 133851895 2105 0.0256626 82026 0.594042
13 115169878 4148 0.0505693 82026 1.36305
14 107349540 1795 0.0218833 82026 0.632465
15 102531392 1356 0.0165313 82026 0.499436
16 90354753 2002 0.0244069 82026 0.838725
17 81195210 768 0.00936288 82026 0.357362
18 78077248 2054 0.0250408 82026 0.993684
19 59128983 305 0.00371833 82026 0.194677
20 63025520 978 0.011923 82026 0.587342
21 48129895 980 0.0119474 82026 0.770802
22 51304566 444 0.00541292 82026 0.328056
X 155270560 5486 0.0668812 82026 1.33495
Y 59373566 53 0.000646137 82026 0.0338291
