1 249250621 53 0.000880779 60174 0.010955
2 243199373 63 0.00104696 60174 0.0133541
3 198022430 37 0.000614884 60174 0.00963767
4 191154276 43 0.000714594 60174 0.0116006
5 180915260 33 0.00054841 60174 0.00940668
6 171115067 31 0.000515173 60174 0.00933284
7 159138663 69 0.00114667 60174 0.0223523
8 146364022 33 0.00054841 60174 0.0116188
9 141213431 15 0.000249277 60174 0.00547862
10 135534747 13 0.00021604 60174 0.00494371
11 135006516 23 0.000382225 60174 0.00878678
12 133851895 20 0.000332369 60174 0.00769374
13 115169878 32 0.000531791 60174 0.014334
14 107349540 8 0.000132948 60174 0.00384242
15 102531392 9 0.000149566 60174 0.00451862
16 90354753 16 0.000265896 60174 0.0091373
17 81195210 11 0.000182803 60174 0.00697722
18 78077248 18 0.000299133 60174 0.0118703
19 59128983 8 0.000132948 60174 0.00696062
20 63025520 60 0.000997108 60174 0.0491186
21 48129895 8 0.000132948 60174 0.00857728
22 51304566 3 4.98554e-05 60174 0.00302154
X 155270560 37 0.000614884 60174 0.0122731
Y 59373566 3 4.98554e-05 60174 0.00261023
