1 249250621 2122 0.0777517 27292 0.967061
2 243199373 1148 0.0420636 27292 0.536526
3 198022430 1998 0.0732083 27292 1.14746
4 191154276 1494 0.0547413 27292 0.888658
5 180915260 1380 0.0505643 27292 0.867312
6 171115067 1614 0.0591382 27292 1.07134
7 159138663 1519 0.0556573 27292 1.08494
8 146364022 1376 0.0504177 27292 1.06817
9 141213431 1084 0.0397186 27292 0.872936
10 135534747 1125 0.0412209 27292 0.943269
11 135006516 1132 0.0414774 27292 0.953502
12 133851895 1265 0.0463506 27292 1.07293
13 115169878 1353 0.049575 27292 1.33625
14 107349540 2471 0.0905394 27292 2.61674
15 102531392 244 0.00894035 27292 0.270101
16 90354753 376 0.0137769 27292 0.473434
17 81195210 206 0.007548 27292 0.288092
18 78077248 917 0.0335996 27292 1.33332
19 59128983 471 0.0172578 27292 0.90355
20 63025520 122 0.00447017 27292 0.220206
21 48129895 481 0.0176242 27292 1.13705
22 51304566 200 0.00732815 27292 0.444131
X 155270560 1576 0.0577459 27292 1.15261
Y 59373566 19 0.000696175 27292 0.0364489
