1 249250621 8627 0.0838517 102884 1.04293
2 243199373 8988 0.0873605 102884 1.11429
3 198022430 8320 0.0808678 102884 1.26752
4 191154276 7029 0.0683197 102884 1.10909
5 180915260 5713 0.0555286 102884 0.952462
6 171115067 7966 0.077427 102884 1.40266
7 159138663 5770 0.0560826 102884 1.09323
8 146364022 4490 0.0436414 102884 0.924606
9 141213431 3487 0.0338925 102884 0.744891
10 135534747 3949 0.038383 102884 0.87833
11 135006516 3789 0.0368279 102884 0.846618
12 133851895 3916 0.0380623 102884 0.881071
13 115169878 6042 0.0587263 102884 1.58292
14 107349540 2493 0.0242312 102884 0.700323
15 102531392 1665 0.0161833 102884 0.488921
16 90354753 1399 0.0135978 102884 0.46728
17 81195210 616 0.00598733 102884 0.228524
18 78077248 2037 0.019799 102884 0.785674
19 59128983 1059 0.0102931 102884 0.538908
20 63025520 614 0.00596789 102884 0.293985
21 48129895 1244 0.0120913 102884 0.780083
22 51304566 445 0.00432526 102884 0.262137
X 155270560 6195 0.0602134 102884 1.20187
Y 59373566 73 0.000709537 102884 0.0371485
