1 249250621 53 0.00102497 51709 0.0127483
2 243199373 62 0.00119902 51709 0.0152936
3 198022430 44 0.000850916 51709 0.0133372
4 191154276 40 0.00077356 51709 0.0125578
5 180915260 15 0.000290085 51709 0.00497573
6 171115067 48 0.000928272 51709 0.0168165
7 159138663 59 0.001141 51709 0.0222417
8 146364022 33 0.000638187 51709 0.0135209
9 141213431 21 0.000406119 51709 0.00892569
10 135534747 28 0.000541492 51709 0.0123911
11 135006516 25 0.000483475 51709 0.0111144
12 133851895 25 0.000483475 51709 0.0111915
13 115169878 39 0.000754221 51709 0.0203294
14 107349540 16 0.000309424 51709 0.00894289
15 102531392 5 9.6695e-05 51709 0.0029213
16 90354753 21 0.000406119 51709 0.013956
17 81195210 17 0.000328763 51709 0.0125482
18 78077248 10 0.00019339 51709 0.0076742
19 59128983 18 0.000348102 51709 0.0182252
20 63025520 26 0.000502814 51709 0.0247692
21 48129895 8 0.000154712 51709 0.00998142
22 51304566 1 1.9339e-05 51709 0.00117206
X 155270560 34 0.000657526 51709 0.0131243
Y 59373566 0 0 51709 0
