1 249250621 21 0.000721724 29097 0.00897667
2 243199373 15 0.000515517 29097 0.00657547
3 198022430 32 0.00109977 29097 0.0172378
4 191154276 15 0.000515517 29097 0.00836878
5 180915260 8 0.000274942 29097 0.00471599
6 171115067 18 0.00061862 29097 0.0112069
7 159138663 22 0.000756092 29097 0.0147386
8 146364022 20 0.000687356 29097 0.0145626
9 141213431 12 0.000412414 29097 0.00906404
10 135534747 10 0.000343678 29097 0.00786449
11 135006516 3 0.000103103 29097 0.00237019
12 133851895 5 0.000171839 29097 0.00397776
13 115169878 32 0.00109977 29097 0.0296434
14 107349540 6 0.000206207 29097 0.00595973
15 102531392 7 0.000240575 29097 0.00726812
16 90354753 6 0.000206207 29097 0.00708615
17 81195210 2 6.87356e-05 29097 0.0026235
18 78077248 2 6.87356e-05 29097 0.0027276
19 59128983 4 0.000137471 29097 0.00719745
20 63025520 20 0.000687356 29097 0.0338599
21 48129895 2 6.87356e-05 29097 0.00443456
22 51304566 0 0 29097 0
X 155270560 9 0.00030931 29097 0.00617386
Y 59373566 1 3.43678e-05 29097 0.00179936
