1 249250621 23 0.00102674 22401 0.0127704
2 243199373 28 0.00124994 22401 0.0159432
3 198022430 16 0.000714254 22401 0.0111952
4 191154276 20 0.000892817 22401 0.0144938
5 180915260 12 0.00053569 22401 0.00918851
6 171115067 12 0.00053569 22401 0.00970454
7 159138663 28 0.00124994 22401 0.0243654
8 146364022 16 0.000714254 22401 0.0151325
9 141213431 12 0.00053569 22401 0.0117734
10 135534747 7 0.000312486 22401 0.00715071
11 135006516 7 0.000312486 22401 0.00718359
12 133851895 6 0.000267845 22401 0.00620012
13 115169878 8 0.000357127 22401 0.00962606
14 107349540 4 0.000178563 22401 0.00516079
15 102531392 5 0.000223204 22401 0.00674333
16 90354753 14 0.000624972 22401 0.0214767
17 81195210 3 0.000133923 22401 0.00511155
18 78077248 0 0 22401 0
19 59128983 6 0.000267845 22401 0.0140233
20 63025520 14 0.000624972 22401 0.0307868
21 48129895 2 8.92817e-05 22401 0.00576011
22 51304566 2 8.92817e-05 22401 0.00541101
X 155270560 13 0.000580331 22401 0.0115835
Y 59373566 1 4.46409e-05 22401 0.00233722
