1 249250621 3222 0.063987 50354 0.795858
2 243199373 4379 0.0869643 50354 1.10924
3 198022430 3993 0.0792986 50354 1.24292
4 191154276 5127 0.101819 50354 1.65291
5 180915260 2721 0.0540374 50354 0.926885
6 171115067 4061 0.080649 50354 1.46103
7 159138663 1881 0.0373555 50354 0.728178
8 146364022 2764 0.0548914 50354 1.16295
9 141213431 2356 0.0467887 50354 1.02832
10 135534747 2444 0.0485364 50354 1.11067
11 135006516 1706 0.0338801 50354 0.778854
12 133851895 2667 0.052965 50354 1.22604
13 115169878 3479 0.0690908 50354 1.86229
14 107349540 592 0.0117568 50354 0.339791
15 102531392 592 0.0117568 50354 0.355189
16 90354753 761 0.015113 50354 0.519347
17 81195210 590 0.011717 50354 0.447215
18 78077248 1605 0.0318743 50354 1.26485
19 59128983 158 0.00313778 50354 0.164282
20 63025520 330 0.0065536 50354 0.322837
21 48129895 624 0.0123923 50354 0.799501
22 51304566 236 0.00468682 50354 0.28405
X 155270560 2639 0.0524089 50354 1.04609
Y 59373566 17 0.00033761 50354 0.0176759
