1 249250621 29900 0.226849 131806 2.8215
2 243199373 10432 0.0791466 131806 1.00952
3 198022430 8280 0.0628196 131806 0.984633
4 191154276 8948 0.0678877 131806 1.10207
5 180915260 7518 0.0570384 131806 0.97836
6 171115067 8129 0.061674 131806 1.11728
7 159138663 6596 0.0500432 131806 0.975502
8 146364022 5205 0.0394899 131806 0.836649
9 141213431 3771 0.0286102 131806 0.628796
10 135534747 2918 0.0221386 131806 0.506604
11 135006516 4497 0.0341183 131806 0.784329
12 133851895 5254 0.0398616 131806 0.922723
13 115169878 5263 0.0399299 131806 1.07628
14 107349540 2137 0.0162132 131806 0.46859
15 102531392 1844 0.0139903 131806 0.422666
16 90354753 884 0.00670683 131806 0.230475
17 81195210 2445 0.01855 131806 0.708015
18 78077248 1982 0.0150373 131806 0.596716
19 59128983 1395 0.0105837 131806 0.554122
20 63025520 1765 0.0133909 131806 0.65965
21 48129895 1143 0.00867184 131806 0.559473
22 51304566 670 0.00508323 131806 0.308074
X 155270560 5901 0.0447703 131806 0.89362
Y 59373566 60 0.000455214 131806 0.0238332
