1 249250621 6348 0.0961148 66046 1.19546
2 243199373 5532 0.0837598 66046 1.06836
3 198022430 5059 0.0765981 66046 1.2006
4 191154276 5346 0.0809436 66046 1.31402
5 180915260 4812 0.0728583 66046 1.24971
6 171115067 4688 0.0709808 66046 1.28588
7 159138663 2808 0.0425158 66046 0.828768
8 146364022 1736 0.0262847 66046 0.556879
9 141213431 2594 0.0392757 66046 0.863201
10 135534747 1247 0.0188808 66046 0.432054
11 135006516 3339 0.0505557 66046 1.1622
12 133851895 3052 0.0462102 66046 1.06968
13 115169878 3683 0.0557642 66046 1.50308
14 107349540 1668 0.0252551 66046 0.729917
15 102531392 1559 0.0236048 66046 0.713135
16 90354753 390 0.00590498 66046 0.20292
17 81195210 1102 0.0166853 66046 0.636845
18 78077248 1691 0.0256034 66046 1.01601
19 59128983 1111 0.0168216 66046 0.880713
20 63025520 375 0.00567786 66046 0.279698
21 48129895 675 0.0102201 66046 0.659364
22 51304566 433 0.00655604 66046 0.397336
X 155270560 3032 0.0459074 66046 0.916315
Y 59373566 36 0.000545075 66046 0.0285379
