1 249250621 31 0.00101693 30484 0.0126483
2 243199373 45 0.00147618 30484 0.0188289
3 198022430 21 0.000688886 30484 0.0107976
4 191154276 21 0.000688886 30484 0.0111832
5 180915260 17 0.00055767 30484 0.00956552
6 171115067 25 0.000820102 30484 0.0148569
7 159138663 27 0.000885711 30484 0.0172653
8 146364022 14 0.000459257 30484 0.00973003
9 141213431 12 0.000393649 30484 0.00865163
10 135534747 16 0.000524866 30484 0.0120107
11 135006516 19 0.000623278 30484 0.0143282
12 133851895 19 0.000623278 30484 0.0144277
13 115169878 20 0.000656082 30484 0.0176841
14 107349540 9 0.000295237 30484 0.00853286
15 102531392 10 0.000328041 30484 0.0099106
16 90354753 11 0.000360845 30484 0.0124002
17 81195210 3 9.84123e-05 30484 0.00375619
18 78077248 6 0.000196825 30484 0.0078105
19 59128983 3 9.84123e-05 30484 0.00515248
20 63025520 15 0.000492061 30484 0.0242395
21 48129895 2 6.56082e-05 30484 0.00423279
22 51304566 3 9.84123e-05 30484 0.00596438
X 155270560 21 0.000688886 30484 0.0137502
Y 59373566 1 3.28041e-05 30484 0.00171749
