1 249250621 17 0.000892014 19058 0.0110947
2 243199373 16 0.000839542 19058 0.0107084
3 198022430 9 0.000472243 19058 0.00740192
4 191154276 5 0.000262357 19058 0.00425904
5 180915260 12 0.000629657 19058 0.0108003
6 171115067 11 0.000577185 19058 0.0104563
7 159138663 17 0.000892014 19058 0.0173882
8 146364022 4 0.000209886 19058 0.00444673
9 141213431 3 0.000157414 19058 0.00345965
10 135534747 10 0.000524714 19058 0.0120072
11 135006516 1 5.24714e-05 19058 0.00120624
12 133851895 4 0.000209886 19058 0.00485846
13 115169878 4 0.000209886 19058 0.00565729
14 107349540 5 0.000262357 19058 0.00758257
15 102531392 1 5.24714e-05 19058 0.00158524
16 90354753 1 5.24714e-05 19058 0.00180314
17 81195210 6 0.000314828 19058 0.0120164
18 78077248 2 0.000104943 19058 0.0041644
19 59128983 4 0.000209886 19058 0.0109888
20 63025520 6 0.000314828 19058 0.0155088
21 48129895 2 0.000104943 19058 0.0067705
22 51304566 1 5.24714e-05 19058 0.00318009
X 155270560 8 0.000419771 19058 0.00837867
Y 59373566 0 0 19058 0
