1 249250621 13 0.000929169 13991 0.0115568
2 243199373 17 0.00121507 13991 0.0154983
3 198022430 9 0.000643271 13991 0.0100826
4 191154276 7 0.000500322 13991 0.0081221
5 180915260 4 0.000285898 13991 0.00490391
6 171115067 7 0.000500322 13991 0.0090638
7 159138663 11 0.00078622 13991 0.0153259
8 146364022 6 0.000428847 13991 0.00908574
9 141213431 6 0.000428847 13991 0.00942521
10 135534747 3 0.000214424 13991 0.00490672
11 135006516 6 0.000428847 13991 0.00985855
12 133851895 6 0.000428847 13991 0.00992702
13 115169878 6 0.000428847 13991 0.0115592
14 107349540 1 7.14745e-05 13991 0.00206574
15 102531392 7 0.000500322 13991 0.0151155
16 90354753 2 0.000142949 13991 0.00491234
17 81195210 7 0.000500322 13991 0.0190962
18 78077248 0 0 13991 0
19 59128983 4 0.000285898 13991 0.0149685
20 63025520 2 0.000142949 13991 0.00704182
21 48129895 0 0 13991 0
22 51304566 0 0 13991 0
X 155270560 10 0.000714745 13991 0.0142664
Y 59373566 0 0 13991 0
