1 249250621 22 0.00119028 18483 0.0148045
2 243199373 14 0.000757453 18483 0.00966139
3 198022430 17 0.000919764 18483 0.0144164
4 191154276 13 0.000703349 18483 0.011418
5 180915260 11 0.000595141 18483 0.0102083
6 171115067 10 0.000541038 18483 0.00980141
7 159138663 28 0.00151491 18483 0.0295303
8 146364022 12 0.000649245 18483 0.0137552
9 141213431 18 0.000973868 18483 0.0214037
10 135534747 6 0.000324623 18483 0.00742844
11 135006516 6 0.000324623 18483 0.00746259
12 133851895 3 0.000162311 18483 0.00375721
13 115169878 14 0.000757453 18483 0.0204165
14 107349540 3 0.000162311 18483 0.00469108
15 102531392 4 0.000216415 18483 0.00653822
16 90354753 5 0.000270519 18483 0.00929618
17 81195210 5 0.000270519 18483 0.0103251
18 78077248 4 0.000216415 18483 0.0085879
19 59128983 2 0.000108208 18483 0.00566532
20 63025520 13 0.000703349 18483 0.0346477
21 48129895 2 0.000108208 18483 0.00698113
22 51304566 0 0 18483 0
X 155270560 9 0.000486934 18483 0.00971924
Y 59373566 1 5.41038e-05 18483 0.00283266
