1 249250621 4727 0.0894198 52863 1.11219
2 243199373 4716 0.0892117 52863 1.1379
3 198022430 4633 0.0876416 52863 1.37369
4 191154276 4220 0.079829 52863 1.29593
5 180915260 3659 0.0692167 52863 1.18725
6 171115067 2834 0.0536103 52863 0.971201
7 159138663 3282 0.062085 52863 1.21023
8 146364022 1743 0.032972 52863 0.69856
9 141213431 1267 0.0239676 52863 0.526761
10 135534747 1834 0.0346935 52863 0.793901
11 135006516 1772 0.0335206 52863 0.770589
12 133851895 1734 0.0328018 52863 0.7593
13 115169878 2780 0.0525888 52863 1.41749
14 107349540 1241 0.0234758 52863 0.678491
15 102531392 1056 0.0199762 52863 0.60351
16 90354753 879 0.0166279 52863 0.571405
17 81195210 773 0.0146227 52863 0.558118
18 78077248 1200 0.0227002 52863 0.900801
19 59128983 421 0.00796398 52863 0.416962
20 63025520 543 0.0102718 52863 0.506002
21 48129895 895 0.0169306 52863 1.09229
22 51304566 206 0.00389687 52863 0.236174
X 155270560 2513 0.047538 52863 0.948862
Y 59373566 27 0.000510754 52863 0.0267411
