1 249250621 5026 0.075847 66265 0.94337
2 243199373 6038 0.091119 66265 1.16223
3 198022430 4643 0.0700672 66265 1.09823
4 191154276 5095 0.0768883 66265 1.24819
5 180915260 5035 0.0759828 66265 1.30331
6 171115067 5464 0.0824568 66265 1.49378
7 159138663 3532 0.0533011 66265 1.03901
8 146364022 3676 0.0554742 66265 1.1753
9 141213431 1612 0.0243266 66265 0.53465
10 135534747 2629 0.039674 66265 0.907873
11 135006516 2084 0.0314495 66265 0.722977
12 133851895 2488 0.0375462 66265 0.869125
13 115169878 3995 0.0602882 66265 1.62502
14 107349540 1965 0.0296537 66265 0.857042
15 102531392 1682 0.0253829 66265 0.766856
16 90354753 811 0.0122387 66265 0.420575
17 81195210 960 0.0144873 66265 0.55295
18 78077248 1748 0.0263789 66265 1.04678
19 59128983 635 0.00958274 66265 0.501714
20 63025520 206 0.00310873 66265 0.153139
21 48129895 502 0.00757564 66265 0.488751
22 51304566 339 0.00511582 66265 0.31005
X 155270560 3793 0.0572399 66265 1.14251
Y 59373566 37 0.000558364 66265 0.0292337
