1 249250621 5668 0.0758819 74695 0.943805
2 243199373 5223 0.0699244 74695 0.891892
3 198022430 5190 0.0694826 74695 1.08907
4 191154276 5808 0.0777562 74695 1.26228
5 180915260 5589 0.0748243 74695 1.28344
6 171115067 4392 0.0587991 74695 1.0652
7 159138663 4270 0.0571658 74695 1.11434
8 146364022 2663 0.0356517 74695 0.755332
9 141213431 2801 0.0374992 74695 0.824157
10 135534747 4640 0.0621193 74695 1.42149
11 135006516 3424 0.0458397 74695 1.05379
12 133851895 3544 0.0474463 74695 1.09829
13 115169878 3861 0.0516902 74695 1.39327
14 107349540 2023 0.0270835 74695 0.782759
15 102531392 1226 0.0164134 74695 0.495874
16 90354753 1163 0.01557 74695 0.535051
17 81195210 970 0.0129861 74695 0.495654
18 78077248 2209 0.0295736 74695 1.17356
19 59128983 872 0.0116741 74695 0.611212
20 63025520 660 0.00883593 74695 0.435268
21 48129895 816 0.0109244 74695 0.704802
22 51304566 331 0.00443135 74695 0.268567
X 155270560 3678 0.0492402 74695 0.982839
Y 59373566 30 0.000401633 74695 0.0210279
