1 249250621 15711 0.0772187 203461 0.960432
2 243199373 17726 0.0871223 203461 1.11125
3 198022430 15781 0.0775628 203461 1.21572
4 191154276 17516 0.0860902 203461 1.39757
5 180915260 15319 0.0752921 203461 1.29146
6 171115067 14639 0.0719499 203461 1.30344
7 159138663 11156 0.0548311 203461 1.06883
8 146364022 9819 0.0482599 203461 1.02245
9 141213431 5165 0.0253857 203461 0.557927
10 135534747 5930 0.0291456 203461 0.666948
11 135006516 7710 0.0378942 203461 0.871132
12 133851895 8692 0.0427207 203461 0.988906
13 115169878 8829 0.0433941 203461 1.16965
14 107349540 5490 0.0269831 203461 0.779857
15 102531392 3464 0.0170254 203461 0.514362
16 90354753 3676 0.0180673 203461 0.620871
17 81195210 2925 0.0143762 203461 0.548711
18 78077248 4316 0.0212129 203461 0.841782
19 59128983 2267 0.0111422 203461 0.58336
20 63025520 2421 0.0118991 203461 0.586162
21 48129895 2058 0.010115 203461 0.652578
22 51304566 936 0.00460039 203461 0.278812
X 155270560 10884 0.0534943 203461 1.06775
Y 59373566 91 0.00044726 203461 0.0234168
