1 249250621 11317 0.101083 111958 1.25725
2 243199373 10616 0.0948213 111958 1.20946
3 198022430 5792 0.0517337 111958 0.810873
4 191154276 6616 0.0590936 111958 0.959312
5 180915260 9604 0.0857822 111958 1.47139
6 171115067 9878 0.0882295 111958 1.59836
7 159138663 6381 0.0569946 111958 1.11101
8 146364022 4613 0.041203 111958 0.872944
9 141213431 4302 0.0384251 111958 0.844508
10 135534747 4653 0.0415602 111958 0.951035
11 135006516 3238 0.0289216 111958 0.664863
12 133851895 3096 0.0276532 111958 0.640121
13 115169878 6282 0.0561103 111958 1.51241
14 107349540 2369 0.0211597 111958 0.611553
15 102531392 2208 0.0197217 111958 0.595821
16 90354753 2219 0.0198199 111958 0.681097
17 81195210 1481 0.0132282 111958 0.504892
18 78077248 2560 0.0228657 111958 0.90737
19 59128983 1135 0.0101377 111958 0.530771
20 63025520 1512 0.0135051 111958 0.665274
21 48129895 862 0.00769932 111958 0.49673
22 51304566 289 0.00258133 111958 0.156444
X 155270560 4445 0.0397024 111958 0.792463
Y 59373566 43 0.000384073 111958 0.0201085
