1 249250621 5115 0.0787687 64937 0.97971
2 243199373 5321 0.081941 64937 1.04517
3 198022430 5520 0.0850055 64937 1.33237
4 191154276 4938 0.0760429 64937 1.23446
5 180915260 4935 0.0759967 64937 1.30355
6 171115067 4145 0.0638311 64937 1.15636
7 159138663 3961 0.0609976 64937 1.18904
8 146364022 2475 0.0381139 64937 0.807497
9 141213431 4156 0.0640005 64937 1.4066
10 135534747 3108 0.0478618 64937 1.09524
11 135006516 2021 0.0311225 64937 0.715459
12 133851895 2518 0.038776 64937 0.897594
13 115169878 1807 0.027827 64937 0.750053
14 107349540 2691 0.0414402 64937 1.19769
15 102531392 1134 0.0174631 64937 0.527585
16 90354753 932 0.0143524 64937 0.493209
17 81195210 1147 0.0176633 64937 0.674171
18 78077248 1107 0.0170473 64937 0.67648
19 59128983 483 0.00743798 64937 0.389423
20 63025520 316 0.00486625 64937 0.239717
21 48129895 647 0.0099635 64937 0.642807
22 51304566 409 0.00629841 64937 0.381722
X 155270560 3145 0.0484316 64937 0.966698
Y 59373566 29 0.000446587 64937 0.0233815
