1 249250621 1487 0.0710837 20919 0.884126
2 243199373 1637 0.0782542 20919 0.998141
3 198022430 1653 0.0790191 20919 1.23854
4 191154276 1822 0.0870979 20919 1.41393
5 180915260 1236 0.059085 20919 1.01347
6 171115067 1472 0.0703667 20919 1.27476
7 159138663 947 0.0452699 20919 0.882453
8 146364022 841 0.0402027 20919 0.851752
9 141213431 787 0.0376213 20919 0.826842
10 135534747 680 0.0325063 20919 0.743852
11 135006516 956 0.0457001 20919 1.05058
12 133851895 910 0.0435011 20919 1.00697
13 115169878 1307 0.0624791 20919 1.68407
14 107349540 699 0.0334146 20919 0.96574
15 102531392 337 0.0161098 20919 0.4867
16 90354753 390 0.0186433 20919 0.640665
17 81195210 162 0.00774416 20919 0.295578
18 78077248 285 0.013624 20919 0.540634
19 59128983 163 0.00779196 20919 0.407956
20 63025520 283 0.0135284 20919 0.666422
21 48129895 221 0.0105646 20919 0.681584
22 51304566 85 0.00406329 20919 0.24626
X 155270560 1196 0.0571729 20919 1.14118
Y 59373566 24 0.00114728 20919 0.0600671
