1 249250621 3695 0.0728553 50717 0.90616
2 243199373 3650 0.071968 50717 0.917959
3 198022430 3371 0.0664669 50717 1.0418
4 191154276 3975 0.0783761 50717 1.27234
5 180915260 3115 0.0614192 50717 1.0535
6 171115067 3576 0.0705089 50717 1.27734
7 159138663 2983 0.0588166 50717 1.14652
8 146364022 1997 0.0393754 50717 0.834224
9 141213431 1849 0.0364572 50717 0.801257
10 135534747 1616 0.0318631 50717 0.729132
11 135006516 2351 0.0463553 50717 1.06564
12 133851895 2608 0.0514226 50717 1.19034
13 115169878 3303 0.0651261 50717 1.75542
14 107349540 553 0.0109036 50717 0.315134
15 102531392 1015 0.020013 50717 0.604623
16 90354753 1035 0.0204074 50717 0.701284
17 81195210 803 0.015833 50717 0.604311
18 78077248 1493 0.0294379 50717 1.16817
19 59128983 432 0.00851785 50717 0.445961
20 63025520 696 0.0137232 50717 0.67602
21 48129895 174 0.0034308 50717 0.221342
22 51304566 517 0.0101938 50717 0.617807
X 155270560 3007 0.0592898 50717 1.18343
Y 59373566 27 0.000532366 50717 0.0278726
