1 249250621 17270 0.0841647 205193 1.04682
2 243199373 17321 0.0844132 205193 1.0767
3 198022430 15319 0.0746565 205193 1.17017
4 191154276 14211 0.0692567 205193 1.1243
5 180915260 12655 0.0616736 205193 1.05787
6 171115067 12101 0.0589737 205193 1.06836
7 159138663 12673 0.0617614 205193 1.20393
8 146364022 8690 0.0423504 205193 0.897254
9 141213431 8132 0.039631 205193 0.871011
10 135534747 7289 0.0355227 205193 0.812875
11 135006516 6826 0.0332662 205193 0.764741
12 133851895 8372 0.0408006 205193 0.944459
13 115169878 9247 0.0450649 205193 1.21469
14 107349540 5753 0.028037 205193 0.810318
15 102531392 3611 0.0175981 205193 0.531664
16 90354753 4014 0.0195621 205193 0.672236
17 81195210 3659 0.017832 205193 0.68061
18 78077248 4131 0.0201323 205193 0.798899
19 59128983 1893 0.00922546 205193 0.483008
20 63025520 2075 0.0101124 205193 0.498149
21 48129895 2120 0.0103317 205193 0.666564
22 51304566 1878 0.00915236 205193 0.554688
X 155270560 9674 0.0471459 205193 0.941035
Y 59373566 114 0.000555575 205193 0.0290877
