1 249250621 7789 0.0997784 78063 1.24102
2 243199373 6014 0.0770403 78063 0.982657
3 198022430 5429 0.0695464 78063 1.09007
4 191154276 6941 0.0889154 78063 1.44343
5 180915260 5285 0.0677017 78063 1.16126
6 171115067 4884 0.0625649 78063 1.13342
7 159138663 4645 0.0595032 78063 1.15991
8 146364022 4508 0.0577482 78063 1.22348
9 141213431 3314 0.0424529 78063 0.933031
10 135534747 2483 0.0318076 78063 0.727864
11 135006516 2884 0.0369445 78063 0.849299
12 133851895 3238 0.0414793 78063 0.960169
13 115169878 4326 0.0554168 78063 1.49371
14 107349540 1399 0.0179214 78063 0.51796
15 102531392 991 0.0126949 78063 0.383531
16 90354753 1048 0.0134251 78063 0.461342
17 81195210 1396 0.017883 78063 0.682557
18 78077248 1915 0.0245315 78063 0.973471
19 59128983 479 0.00613607 78063 0.32126
20 63025520 632 0.00809603 78063 0.398819
21 48129895 579 0.00741709 78063 0.478522
22 51304566 381 0.00488067 78063 0.295798
X 155270560 4224 0.0541101 78063 1.08004
Y 59373566 50 0.000640508 78063 0.0335345
