1 249250621 8 0.000430918 18565 0.00535968
2 243199373 21 0.00113116 18565 0.0144281
3 198022430 14 0.000754107 18565 0.0118199
4 191154276 12 0.000646378 18565 0.0104931
5 180915260 18 0.000969566 18565 0.0166306
6 171115067 18 0.000969566 18565 0.0175646
7 159138663 23 0.00123889 18565 0.0241499
8 146364022 14 0.000754107 18565 0.0159768
9 141213431 5 0.000269324 18565 0.00591921
10 135534747 9 0.000484783 18565 0.0110934
11 135006516 8 0.000430918 18565 0.00990617
12 133851895 6 0.000323189 18565 0.00748122
13 115169878 12 0.000646378 18565 0.0174226
14 107349540 1 5.38648e-05 18565 0.00155679
15 102531392 8 0.000430918 18565 0.0130187
16 90354753 4 0.000215459 18565 0.0074041
17 81195210 6 0.000323189 18565 0.0123355
18 78077248 1 5.38648e-05 18565 0.00213749
19 59128983 0 0 18565 0
20 63025520 8 0.000430918 18565 0.0212275
21 48129895 1 5.38648e-05 18565 0.00347515
22 51304566 0 0 18565 0
X 155270560 13 0.000700242 18565 0.0139769
Y 59373566 0 0 18565 0
