1 249250621 2964 0.0715838 41406 0.890346
2 243199373 3636 0.0878134 41406 1.12007
3 198022430 2997 0.0723808 41406 1.1345
4 191154276 3322 0.0802299 41406 1.30243
5 180915260 2931 0.0707868 41406 1.21418
6 171115067 2901 0.0700623 41406 1.26924
7 159138663 1882 0.0454523 41406 0.886011
8 146364022 1520 0.0367097 41406 0.777747
9 141213431 972 0.0234749 41406 0.515931
10 135534747 1342 0.0324108 41406 0.741665
11 135006516 1660 0.0400908 41406 0.921628
12 133851895 1662 0.0401391 41406 0.929146
13 115169878 2144 0.0517799 41406 1.39569
14 107349540 1373 0.0331594 41406 0.958365
15 102531392 509 0.0122929 41406 0.371387
16 90354753 684 0.0165193 41406 0.567675
17 81195210 518 0.0125103 41406 0.477491
18 78077248 957 0.0231126 41406 0.917166
19 59128983 306 0.00739023 41406 0.386923
20 63025520 343 0.00828382 41406 0.40807
21 48129895 809 0.0195382 41406 1.26053
22 51304566 109 0.00263247 41406 0.159544
X 155270560 3251 0.0785152 41406 1.56717
Y 59373566 37 0.00089359 41406 0.0467848
