1 249250621 572 0.0792244 7220 0.985378
2 243199373 719 0.0995845 7220 1.27021
3 198022430 544 0.0753463 7220 1.18098
4 191154276 578 0.0800554 7220 1.2996
5 180915260 470 0.065097 7220 1.11659
6 171115067 513 0.0710526 7220 1.28719
7 159138663 488 0.06759 7220 1.31754
8 146364022 231 0.0319945 7220 0.677849
9 141213431 249 0.0344875 7220 0.757968
10 135534747 225 0.0311634 7220 0.713122
11 135006516 316 0.0437673 7220 1.00615
12 133851895 297 0.0411357 7220 0.952216
13 115169878 373 0.051662 7220 1.39251
14 107349540 178 0.0246537 7220 0.712536
15 102531392 119 0.016482 7220 0.497945
16 90354753 126 0.0174515 7220 0.599709
17 81195210 43 0.00595568 7220 0.227316
18 78077248 175 0.0242382 7220 0.961834
19 59128983 43 0.00595568 7220 0.311816
20 63025520 19 0.00263158 7220 0.129634
21 48129895 77 0.0106648 7220 0.688053
22 51304566 37 0.00512465 7220 0.310585
X 155270560 280 0.0387812 7220 0.774075
Y 59373566 4 0.000554017 7220 0.0290061
