1 249250621 5297 0.0708581 74755 0.88132
2 243199373 7533 0.100769 74755 1.28532
3 198022430 5055 0.0676209 74755 1.05989
4 191154276 6728 0.0900007 74755 1.46105
5 180915260 5442 0.0727978 74755 1.24868
6 171115067 5996 0.0802087 74755 1.45306
7 159138663 5628 0.0752859 74755 1.46756
8 146364022 3526 0.0471674 74755 0.99931
9 141213431 2569 0.0343656 74755 0.755288
10 135534747 2242 0.0299913 74755 0.6863
11 135006516 3249 0.043462 74755 0.999126
12 133851895 2579 0.0344994 74755 0.798596
13 115169878 3498 0.0467929 74755 1.26126
14 107349540 1016 0.0135911 74755 0.392805
15 102531392 988 0.0132165 74755 0.39929
16 90354753 821 0.0109825 74755 0.377407
17 81195210 405 0.0054177 74755 0.206782
18 78077248 1849 0.0247341 74755 0.981513
19 59128983 629 0.00841415 74755 0.440532
20 63025520 339 0.00453481 74755 0.22339
21 48129895 1020 0.0136446 74755 0.880295
22 51304566 107 0.00143134 74755 0.086748
X 155270560 4054 0.0542305 74755 1.08244
Y 59373566 45 0.000601966 74755 0.0315166
