1 249250621 4446 0.0985919 45095 1.22627
2 243199373 4851 0.107573 45095 1.3721
3 198022430 2083 0.0461914 45095 0.724003
4 191154276 4073 0.0903204 45095 1.46624
5 180915260 2216 0.0491407 45095 0.842894
6 171115067 3990 0.0884799 45095 1.6029
7 159138663 2880 0.0638652 45095 1.24494
8 146364022 2278 0.0505156 45095 1.07025
9 141213431 1622 0.0359685 45095 0.790517
10 135534747 1580 0.0350371 45095 0.801765
11 135006516 1266 0.0280741 45095 0.645381
12 133851895 1359 0.0301364 45095 0.697601
13 115169878 1763 0.0390952 45095 1.05378
14 107349540 1283 0.028451 45095 0.822285
15 102531392 1104 0.0244816 45095 0.739627
16 90354753 555 0.0123074 45095 0.422933
17 81195210 448 0.00993458 45095 0.379183
18 78077248 927 0.0205566 45095 0.815738
19 59128983 246 0.00545515 45095 0.28561
20 63025520 496 0.010999 45095 0.541823
21 48129895 429 0.00951325 45095 0.613758
22 51304566 69 0.0015301 45095 0.0927335
X 155270560 3425 0.0759508 45095 1.51598
Y 59373566 51 0.00113095 45095 0.0592118
