1 249250621 30 0.000721085 41604 0.00896871
2 243199373 40 0.000961446 41604 0.0122633
3 198022430 31 0.000745121 41604 0.011679
4 191154276 33 0.000793193 41604 0.0128765
5 180915260 16 0.000384578 41604 0.00659654
6 171115067 31 0.000745121 41604 0.0134986
7 159138663 41 0.000985482 41604 0.0192102
8 146364022 34 0.000817229 41604 0.0173142
9 141213431 18 0.000432651 41604 0.00950881
10 135534747 26 0.00062494 41604 0.0143007
11 135006516 12 0.000288434 41604 0.00663066
12 133851895 21 0.000504759 41604 0.0116842
13 115169878 16 0.000384578 41604 0.010366
14 107349540 4 9.61446e-05 41604 0.00277875
15 102531392 2 4.80723e-05 41604 0.00145234
16 90354753 13 0.00031247 41604 0.0107378
17 81195210 7 0.000168253 41604 0.00642187
18 78077248 6 0.000144217 41604 0.00572289
19 59128983 3 7.21085e-05 41604 0.00377531
20 63025520 37 0.000889338 41604 0.0438097
21 48129895 2 4.80723e-05 41604 0.00310144
22 51304566 3 7.21085e-05 41604 0.00437021
X 155270560 20 0.000480723 41604 0.00959527
Y 59373566 2 4.80723e-05 41604 0.00251687
