1 249250621 4093 0.0769506 53190 0.957096
2 243199373 5227 0.0982704 53190 1.25345
3 198022430 3934 0.0739613 53190 1.15927
4 191154276 4799 0.0902237 53190 1.46467
5 180915260 4143 0.0778906 53190 1.33603
6 171115067 1858 0.0349314 53190 0.632815
7 159138663 4076 0.0766309 53190 1.49378
8 146364022 2915 0.0548035 53190 1.16109
9 141213431 1866 0.0350818 53190 0.771028
10 135534747 1674 0.0314721 53190 0.720185
11 135006516 2141 0.0402519 53190 0.925332
12 133851895 2111 0.0396879 53190 0.918702
13 115169878 3730 0.070126 53190 1.89019
14 107349540 1027 0.0193081 53190 0.558039
15 102531392 608 0.0114307 53190 0.345339
16 90354753 323 0.00607257 53190 0.208679
17 81195210 669 0.0125776 53190 0.480059
18 78077248 894 0.0168077 53190 0.666971
19 59128983 206 0.00387291 53190 0.20277
20 63025520 303 0.00569656 53190 0.280619
21 48129895 346 0.00650498 53190 0.419676
22 51304566 262 0.00492574 53190 0.29853
X 155270560 3431 0.0645046 53190 1.28752
Y 59373566 40 0.000752021 53190 0.0393728
