1 249250621 3676 0.076073 48322 0.946182
2 243199373 4306 0.0891106 48322 1.13661
3 198022430 3540 0.0732586 48322 1.14825
4 191154276 3858 0.0798394 48322 1.29609
5 180915260 3814 0.0789289 48322 1.35384
6 171115067 2969 0.061442 48322 1.11308
7 159138663 2247 0.0465006 48322 0.906444
8 146364022 2164 0.0447829 48322 0.948791
9 141213431 1745 0.0361119 48322 0.793668
10 135534747 2199 0.0455072 48322 1.04136
11 135006516 1990 0.0411821 48322 0.946714
12 133851895 2144 0.044369 48322 1.02706
13 115169878 2534 0.0524399 48322 1.41347
14 107349540 1349 0.0279169 48322 0.806847
15 102531392 812 0.0168039 48322 0.507672
16 90354753 484 0.0100161 48322 0.344197
17 81195210 494 0.0102231 48322 0.390194
18 78077248 971 0.0200944 48322 0.797396
19 59128983 376 0.00778113 48322 0.407389
20 63025520 251 0.00519432 48322 0.255878
21 48129895 138 0.00285584 48322 0.184248
22 51304566 152 0.00314557 48322 0.19064
X 155270560 2899 0.0599934 48322 1.19747
Y 59373566 29 0.000600141 48322 0.031421
