1 249250621 43 0.00119924 35856 0.0149159
2 243199373 36 0.00100402 35856 0.0128063
3 198022430 27 0.000753012 35856 0.0118027
4 191154276 32 0.000892459 35856 0.014488
5 180915260 15 0.00041834 35856 0.00717564
6 171115067 34 0.000948237 35856 0.0171782
7 159138663 49 0.00136658 35856 0.0266389
8 146364022 31 0.000864569 35856 0.0183171
9 141213431 12 0.000334672 35856 0.00735543
10 135534747 18 0.000502008 35856 0.0114876
11 135006516 17 0.000474119 35856 0.0108993
12 133851895 17 0.000474119 35856 0.010975
13 115169878 33 0.000920348 35856 0.0248072
14 107349540 12 0.000334672 35856 0.0096726
15 102531392 8 0.000223115 35856 0.00674062
16 90354753 10 0.000278893 35856 0.00958396
17 81195210 11 0.000306783 35856 0.0117093
18 78077248 8 0.000223115 35856 0.00885376
19 59128983 2 5.57787e-05 35856 0.00292035
20 63025520 28 0.000780901 35856 0.038468
21 48129895 4 0.000111557 35856 0.00719725
22 51304566 6 0.000167336 35856 0.0101416
X 155270560 21 0.000585676 35856 0.0116901
Y 59373566 4 0.000111557 35856 0.0058407
