1 249250621 857 0.106685 8033 1.32693
2 243199373 708 0.0881364 8033 1.12419
3 198022430 576 0.0717042 8033 1.12389
4 191154276 603 0.0750654 8033 1.21859
5 180915260 548 0.0682186 8033 1.17013
6 171115067 477 0.0593801 8033 1.07573
7 159138663 479 0.059629 8033 1.16236
8 146364022 300 0.0373459 8033 0.791228
9 141213431 215 0.0267646 8033 0.588233
10 135534747 179 0.0222831 8033 0.50991
11 135006516 348 0.0433213 8033 0.995892
12 133851895 304 0.0378439 8033 0.876016
13 115169878 486 0.0605004 8033 1.63074
14 107349540 221 0.0275115 8033 0.79513
15 102531392 97 0.0120752 8033 0.364809
16 90354753 93 0.0115772 8033 0.397843
17 81195210 84 0.0104569 8033 0.399117
18 78077248 252 0.0313706 8033 1.24486
19 59128983 28 0.00348562 8033 0.182493
20 63025520 96 0.0119507 8033 0.588705
21 48129895 86 0.0107058 8033 0.690699
22 51304566 27 0.00336114 8033 0.203705
X 155270560 402 0.0500436 8033 0.998874
Y 59373566 3 0.000373459 8033 0.0195529
