1 249250621 4364 0.0859597 50768 1.06915
2 243199373 2561 0.0504452 50768 0.643433
3 198022430 3321 0.0654152 50768 1.02532
4 191154276 4323 0.0851521 50768 1.38234
5 180915260 3523 0.0693941 50768 1.19029
6 171115067 3786 0.0745745 50768 1.35099
7 159138663 3484 0.0686259 50768 1.33774
8 146364022 2050 0.0403798 50768 0.855504
9 141213431 1220 0.0240309 50768 0.528151
10 135534747 1404 0.0276552 50768 0.632842
11 135006516 2023 0.0398479 50768 0.916044
12 133851895 2559 0.0504058 50768 1.1668
13 115169878 2914 0.0573984 50768 1.54713
14 107349540 1502 0.0295856 50768 0.855074
15 102531392 1124 0.0221399 50768 0.66888
16 90354753 1247 0.0245627 50768 0.84408
17 81195210 722 0.0142216 50768 0.542808
18 78077248 1643 0.0323629 50768 1.28424
19 59128983 263 0.00518043 50768 0.271227
20 63025520 608 0.011976 50768 0.589953
21 48129895 931 0.0183383 50768 1.18312
22 51304566 123 0.00242279 50768 0.146836
X 155270560 3079 0.0606484 50768 1.21055
Y 59373566 17 0.000334857 50768 0.0175318
