1 249250621 5102 0.111551 45737 1.38745
2 243199373 3760 0.0822092 45737 1.04859
3 198022430 3874 0.0847017 45737 1.32761
4 191154276 2235 0.0488663 45737 0.793285
5 180915260 3463 0.0757155 45737 1.29872
6 171115067 3670 0.0802414 45737 1.45365
7 159138663 2343 0.0512277 45737 0.99859
8 146364022 2053 0.0448871 45737 0.950997
9 141213431 1437 0.0314188 45737 0.690522
10 135534747 1761 0.0385027 45737 0.88107
11 135006516 1462 0.0319654 45737 0.734836
12 133851895 2251 0.0492162 45737 1.13926
13 115169878 2236 0.0488882 45737 1.31774
14 107349540 881 0.0192623 45737 0.556714
15 102531392 833 0.0182128 45737 0.550236
16 90354753 578 0.0126375 45737 0.434277
17 81195210 714 0.015611 45737 0.595839
18 78077248 1050 0.0229573 45737 0.911006
19 59128983 151 0.00330148 45737 0.172853
20 63025520 132 0.00288607 45737 0.142171
21 48129895 595 0.0130092 45737 0.839301
22 51304566 221 0.00483197 45737 0.292847
X 155270560 2683 0.0586615 45737 1.17089
Y 59373566 20 0.000437283 45737 0.0228944
