1 249250621 39 0.00221654 17595 0.0275689
2 243199373 41 0.00233021 17595 0.029722
3 198022430 26 0.00147769 17595 0.0231613
4 191154276 27 0.00153453 17595 0.0249112
5 180915260 30 0.00170503 17595 0.0292458
6 171115067 31 0.00176186 17595 0.0319178
7 159138663 15 0.000852515 17595 0.0166182
8 146364022 14 0.000795681 17595 0.0168576
9 141213431 21 0.00119352 17595 0.0262312
10 135534747 25 0.00142086 17595 0.0325139
11 135006516 12 0.000682012 17595 0.0156784
12 133851895 21 0.00119352 17595 0.0276278
13 115169878 17 0.000966184 17595 0.0260427
14 107349540 13 0.000738846 17595 0.0213539
15 102531392 3 0.000170503 17595 0.00515115
16 90354753 10 0.000568343 17595 0.0195307
17 81195210 4 0.000227337 17595 0.008677
18 78077248 13 0.000738846 17595 0.0293193
19 59128983 6 0.000341006 17595 0.0178537
20 63025520 14 0.000795681 17595 0.0391961
21 48129895 7 0.00039784 17595 0.0256671
22 51304566 0 0 17595 0
X 155270560 24 0.00136402 17595 0.027226
Y 59373566 1 5.68343e-05 17595 0.00297562
