1 249250621 5536 0.0879442 62949 1.09383
2 243199373 6262 0.0994774 62949 1.26884
3 198022430 2971 0.0471969 62949 0.739764
4 191154276 4039 0.0641631 62949 1.04161
5 180915260 4272 0.0678645 62949 1.16406
6 171115067 4283 0.0680392 62949 1.23259
7 159138663 3517 0.0558706 62949 1.0891
8 146364022 2606 0.0413986 62949 0.877089
9 141213431 2953 0.046911 62949 1.03101
10 135534747 2235 0.0355049 62949 0.81247
11 135006516 3193 0.0507236 62949 1.16606
12 133851895 3227 0.0512637 62949 1.18666
13 115169878 3006 0.0477529 62949 1.28714
14 107349540 894 0.014202 62949 0.410462
15 102531392 1203 0.0191107 62949 0.577363
16 90354753 1266 0.0201115 62949 0.691117
17 81195210 580 0.00921381 62949 0.351672
18 78077248 1392 0.0221131 62949 0.877506
19 59128983 254 0.00403501 62949 0.211257
20 63025520 207 0.00328838 62949 0.161989
21 48129895 605 0.00961095 62949 0.620062
22 51304566 328 0.00521057 62949 0.315792
X 155270560 3975 0.0631464 62949 1.26041
Y 59373566 47 0.000746636 62949 0.0390909
