1 249250621 43 0.00125273 34325 0.0155812
2 243199373 42 0.0012236 34325 0.0156071
3 198022430 27 0.000786599 34325 0.0123291
4 191154276 23 0.000670066 34325 0.0108777
5 180915260 22 0.000640932 34325 0.0109937
6 171115067 25 0.000728332 34325 0.0131944
7 159138663 17 0.000495266 34325 0.0096543
8 146364022 38 0.00110706 34325 0.0234548
9 141213431 16 0.000466133 34325 0.0102447
10 135534747 10 0.000291333 34325 0.00666666
11 135006516 15 0.000436999 34325 0.010046
12 133851895 19 0.000553532 34325 0.0128133
13 115169878 10 0.000291333 34325 0.00785264
14 107349540 9 0.0002622 34325 0.00757802
15 102531392 8 0.000233066 34325 0.00704128
16 90354753 8 0.000233066 34325 0.00800915
17 81195210 3 8.73999e-05 34325 0.00333587
18 78077248 5 0.000145666 34325 0.00578041
19 59128983 5 0.000145666 34325 0.00762651
20 63025520 23 0.000670066 34325 0.0330082
21 48129895 4 0.000116533 34325 0.00751827
22 51304566 0 0 34325 0
X 155270560 29 0.000844865 34325 0.0168636
Y 59373566 1 2.91333e-05 34325 0.0015253
