1 249250621 6499 0.0733662 88583 0.912515
2 243199373 8025 0.090593 88583 1.15552
3 198022430 5047 0.0569748 88583 0.893022
4 191154276 6757 0.0762787 88583 1.23829
5 180915260 5158 0.0582279 88583 0.998763
6 171115067 6193 0.0699118 88583 1.26652
7 159138663 4546 0.0513191 88583 1.00037
8 146364022 4239 0.0478534 88583 1.01384
9 141213431 2577 0.0290914 88583 0.639371
10 135534747 3630 0.0409785 88583 0.937724
11 135006516 2981 0.0336521 88583 0.77361
12 133851895 3539 0.0399512 88583 0.924797
13 115169878 4174 0.0471197 88583 1.27007
14 107349540 3705 0.0418252 88583 1.20882
15 102531392 1197 0.0135128 88583 0.40824
16 90354753 1548 0.0174751 88583 0.60052
17 81195210 1803 0.0203538 88583 0.776862
18 78077248 2519 0.0284366 88583 1.12844
19 59128983 704 0.00794735 88583 0.416092
20 63025520 591 0.00667171 88583 0.328656
21 48129895 812 0.00916654 88583 0.59139
22 51304566 410 0.00462843 88583 0.280511
X 155270560 5447 0.0614904 88583 1.22735
Y 59373566 43 0.00048542 88583 0.0254147
