1 249250621 5573 0.103524 53833 1.28761
2 243199373 3643 0.0676722 53833 0.863166
3 198022430 4566 0.0848179 53833 1.32943
4 191154276 4210 0.0782048 53833 1.26956
5 180915260 3329 0.0618394 53833 1.06071
6 171115067 2914 0.0541304 53833 0.980623
7 159138663 2830 0.05257 53833 1.02476
8 146364022 1727 0.0320807 53833 0.679676
9 141213431 2266 0.0420931 53833 0.925124
10 135534747 2091 0.0388423 53833 0.888841
11 135006516 1156 0.0214738 53833 0.493651
12 133851895 1133 0.0210466 53833 0.487189
13 115169878 3564 0.0662047 53833 1.78449
14 107349540 1332 0.0247432 53833 0.715121
15 102531392 1461 0.0271395 53833 0.819924
16 90354753 631 0.0117214 53833 0.402798
17 81195210 539 0.0100124 53833 0.382154
18 78077248 1191 0.022124 53833 0.877936
19 59128983 202 0.00375235 53833 0.196458
20 63025520 898 0.0166812 53833 0.821735
21 48129895 618 0.0114799 53833 0.740642
22 51304566 321 0.00596289 53833 0.361387
X 155270560 4124 0.0766073 53833 1.52909
Y 59373566 31 0.000575855 53833 0.0301495
