1 249250621 29 0.00145422 19942 0.0180873
2 243199373 34 0.00170494 19942 0.0217467
3 198022430 17 0.000852472 19942 0.0133616
4 191154276 32 0.00160465 19942 0.0260496
5 180915260 22 0.0011032 19942 0.0189228
6 171115067 13 0.00065189 19942 0.0118096
7 159138663 23 0.00115334 19942 0.0224824
8 146364022 15 0.000752181 19942 0.015936
9 141213431 17 0.000852472 19942 0.0187357
10 135534747 17 0.000852472 19942 0.0195074
11 135006516 13 0.00065189 19942 0.014986
12 133851895 13 0.00065189 19942 0.0150901
13 115169878 25 0.00125364 19942 0.0337907
14 107349540 7 0.000351018 19942 0.010145
15 102531392 7 0.000351018 19942 0.0106048
16 90354753 8 0.000401163 19942 0.0137857
17 81195210 5 0.000250727 19942 0.00956974
18 78077248 9 0.000451309 19942 0.0179091
19 59128983 3 0.000150436 19942 0.00787624
20 63025520 14 0.000702036 19942 0.034583
21 48129895 3 0.000150436 19942 0.00970557
22 51304566 0 0 19942 0
X 155270560 19 0.000952763 19942 0.0190172
Y 59373566 2 0.000100291 19942 0.00525083
