1 249250621 3937 0.0817297 48171 1.01654
2 243199373 2746 0.0570053 48171 0.727108
3 198022430 3432 0.0712462 48171 1.11671
4 191154276 3708 0.0769758 48171 1.24961
5 180915260 3623 0.0752112 48171 1.29007
6 171115067 4164 0.0864421 48171 1.56598
7 159138663 1646 0.0341699 48171 0.666081
8 146364022 2613 0.0542443 48171 1.14924
9 141213431 1417 0.029416 48171 0.646506
10 135534747 938 0.0194723 48171 0.44559
11 135006516 2127 0.0441552 48171 1.01506
12 133851895 1565 0.0324884 48171 0.752047
13 115169878 4344 0.0901787 48171 2.43069
14 107349540 1084 0.0225032 48171 0.650381
15 102531392 897 0.0186212 48171 0.562573
16 90354753 370 0.00768097 48171 0.263951
17 81195210 399 0.00828299 48171 0.316145
18 78077248 1398 0.0290216 48171 1.15165
19 59128983 560 0.0116253 48171 0.608652
20 63025520 147 0.00305163 48171 0.150327
21 48129895 729 0.0151336 48171 0.97636
22 51304566 62 0.00128708 48171 0.0780049
X 155270560 3366 0.0698761 48171 1.39473
Y 59373566 25 0.000518984 48171 0.027172
