1 249250621 2316 0.0562833 41149 0.700041
2 243199373 6484 0.157574 41149 2.00987
3 198022430 68 0.00165253 41149 0.0259017
4 191154276 2478 0.0602202 41149 0.9776
5 180915260 2685 0.0652507 41149 1.11922
6 171115067 2357 0.0572796 41149 1.03767
7 159138663 1490 0.0362099 41149 0.705845
8 146364022 3443 0.0836715 41149 1.7727
9 141213431 1991 0.0483851 41149 1.06341
10 135534747 1792 0.0435491 41149 0.996546
11 135006516 1789 0.0434761 41149 0.999452
12 133851895 1282 0.0311551 41149 0.721182
13 115169878 23 0.000558944 41149 0.0150659
14 107349540 2490 0.0605118 41149 1.7489
15 102531392 1422 0.0345573 41149 1.04403
16 90354753 31 0.00075336 41149 0.0258887
17 81195210 8 0.000194415 41149 0.00742044
18 78077248 1914 0.0465139 41149 1.84579
19 59128983 21 0.00051034 41149 0.0267194
20 63025520 381 0.00925903 41149 0.45611
21 48129895 444 0.0107901 41149 0.696133
22 51304566 211 0.00512771 41149 0.31077
X 155270560 2900 0.0704756 41149 1.4067
Y 59373566 38 0.000923473 41149 0.0483494
