1 249250621 3328 0.0755522 44049 0.939704
2 243199373 3971 0.0901496 44049 1.14987
3 198022430 3685 0.0836568 44049 1.31124
4 191154276 3417 0.0775727 44049 1.2593
5 180915260 3189 0.0723966 44049 1.2418
6 171115067 2699 0.0612727 44049 1.11001
7 159138663 2933 0.0665849 44049 1.29795
8 146364022 1860 0.0422257 44049 0.894612
9 141213431 1265 0.028718 44049 0.631165
10 135534747 1236 0.0280597 44049 0.642098
11 135006516 1903 0.0432019 44049 0.993147
12 133851895 2157 0.0489682 44049 1.13352
13 115169878 2224 0.0504892 44049 1.3609
14 107349540 989 0.0224523 44049 0.64891
15 102531392 667 0.0151422 44049 0.457469
16 90354753 676 0.0153465 44049 0.527373
17 81195210 813 0.0184567 44049 0.704455
18 78077248 888 0.0201594 44049 0.799975
19 59128983 727 0.0165043 44049 0.864102
20 63025520 126 0.00286045 44049 0.140909
21 48129895 273 0.00619764 44049 0.399848
22 51304566 221 0.00501714 44049 0.304069
X 155270560 2754 0.0625213 44049 1.24793
Y 59373566 17 0.000385934 44049 0.020206
