1 249250621 3551 0.0948856 37424 1.18017
2 243199373 2995 0.0800289 37424 1.02078
3 198022430 2250 0.0601218 37424 0.942349
4 191154276 3188 0.085186 37424 1.38289
5 180915260 2851 0.0761811 37424 1.30671
6 171115067 2676 0.0715049 37424 1.29538
7 159138663 2046 0.0546708 37424 1.06571
8 146364022 1374 0.0367144 37424 0.777848
9 141213431 1397 0.037329 37424 0.820417
10 135534747 998 0.0266674 37424 0.610238
11 135006516 2064 0.0551518 37424 1.26786
12 133851895 1338 0.0357525 37424 0.827603
13 115169878 2696 0.0720393 37424 1.94176
14 107349540 940 0.0251176 37424 0.725941
15 102531392 574 0.0153378 37424 0.463376
16 90354753 312 0.0083369 37424 0.286491
17 81195210 236 0.00630611 37424 0.240691
18 78077248 563 0.0150438 37424 0.596977
19 59128983 211 0.00563809 37424 0.295188
20 63025520 227 0.00606563 37424 0.298799
21 48129895 473 0.0126389 37424 0.815416
22 51304566 76 0.00203078 37424 0.123078
X 155270560 2069 0.0552854 37424 1.1035
Y 59373566 22 0.000587858 37424 0.0307779
