1 249250621 11642 0.086642 134369 1.07764
2 243199373 11927 0.088763 134369 1.13218
3 198022430 8487 0.0631619 134369 0.989998
4 191154276 11957 0.0889863 134369 1.44458
5 180915260 8557 0.0636828 134369 1.09233
6 171115067 5982 0.0445192 134369 0.806507
7 159138663 9697 0.0721669 134369 1.40676
8 146364022 6303 0.0469081 134369 0.993817
9 141213431 5126 0.0381487 134369 0.838433
10 135534747 4901 0.0364742 134369 0.83465
11 135006516 4608 0.0342936 134369 0.788359
12 133851895 5179 0.0385431 134369 0.892202
13 115169878 6978 0.0519316 134369 1.39977
14 107349540 2385 0.0177496 134369 0.512995
15 102531392 2989 0.0222447 134369 0.672046
16 90354753 2602 0.0193646 134369 0.66545
17 81195210 1716 0.0127708 134369 0.487435
18 78077248 3627 0.0269928 134369 1.07114
19 59128983 1106 0.00823107 134369 0.430946
20 63025520 1820 0.0135448 134369 0.667231
21 48129895 2045 0.0152193 134369 0.981889
22 51304566 609 0.0045323 134369 0.274685
X 155270560 5657 0.0421005 134369 0.840329
Y 59373566 93 0.000692124 134369 0.0362369
