1 249250621 4145 0.074462 55666 0.926144
2 243199373 5167 0.0928215 55666 1.18395
3 198022430 4117 0.073959 55666 1.15923
4 191154276 4385 0.0787734 55666 1.27879
5 180915260 4206 0.0755578 55666 1.29602
6 171115067 3948 0.070923 55666 1.28484
7 159138663 3481 0.0625337 55666 1.21898
8 146364022 1918 0.0344555 55666 0.729989
9 141213431 1737 0.031204 55666 0.685801
10 135534747 2085 0.0374555 55666 0.857106
11 135006516 1457 0.026174 55666 0.6017
12 133851895 3168 0.0569109 55666 1.31738
13 115169878 2550 0.0458089 55666 1.23474
14 107349540 1147 0.020605 55666 0.595521
15 102531392 1377 0.0247368 55666 0.747336
16 90354753 1317 0.023659 55666 0.813023
17 81195210 438 0.00786836 55666 0.300319
18 78077248 979 0.017587 55666 0.697898
19 59128983 718 0.0128984 55666 0.675307
20 63025520 337 0.00605396 55666 0.298225
21 48129895 567 0.0101858 55666 0.657145
22 51304566 197 0.00353896 55666 0.214483
X 155270560 3243 0.0582582 55666 1.16284
Y 59373566 24 0.000431143 55666 0.0225729
