1 249250621 3940 0.0860581 45783 1.07037
2 243199373 3400 0.0742634 45783 0.947237
3 198022430 3251 0.0710089 45783 1.11299
4 191154276 3460 0.0755739 45783 1.22685
5 180915260 2544 0.0555665 45783 0.953113
6 171115067 3301 0.072101 45783 1.30618
7 159138663 2467 0.0538846 45783 1.05038
8 146364022 2049 0.0447546 45783 0.948191
9 141213431 1808 0.0394906 45783 0.867926
10 135534747 1888 0.041238 45783 0.943662
11 135006516 2237 0.0488609 45783 1.12324
12 133851895 2104 0.0459559 45783 1.06379
13 115169878 1196 0.0261232 45783 0.70413
14 107349540 1371 0.0299456 45783 0.86548
15 102531392 882 0.0192648 45783 0.582018
16 90354753 1097 0.0239609 45783 0.823397
17 81195210 839 0.0183256 45783 0.69945
18 78077248 677 0.0147871 45783 0.586792
19 59128983 282 0.00615949 45783 0.322486
20 63025520 556 0.0121442 45783 0.598239
21 48129895 573 0.0125156 45783 0.807456
22 51304566 175 0.00382238 45783 0.231659
X 155270560 3106 0.0678418 45783 1.35413
Y 59373566 36 0.000786318 45783 0.0411685
