1 249250621 14723 0.0938997 156795 1.16791
2 243199373 12714 0.0810868 156795 1.03427
3 198022430 9438 0.0601932 156795 0.943468
4 191154276 10583 0.0674958 156795 1.09571
5 180915260 6385 0.040722 156795 0.69849
6 171115067 9389 0.0598807 156795 1.0848
7 159138663 11111 0.0708632 156795 1.38135
8 146364022 6004 0.038292 156795 0.811272
9 141213431 4842 0.0308811 156795 0.678705
10 135534747 5049 0.0322013 156795 0.736871
11 135006516 6061 0.0386556 156795 0.888634
12 133851895 5834 0.0372078 156795 0.861292
13 115169878 6784 0.0432667 156795 1.16622
14 107349540 2267 0.0144584 156795 0.417872
15 102531392 3077 0.0196244 156795 0.592881
16 90354753 4324 0.0275774 156795 0.947677
17 81195210 5041 0.0321503 156795 1.22711
18 78077248 4349 0.0277369 156795 1.10067
19 59128983 2697 0.0172008 156795 0.900566
20 63025520 3397 0.0216652 156795 1.06725
21 48129895 2055 0.0131063 156795 0.845567
22 51304566 1154 0.00735993 156795 0.446056
X 155270560 10888 0.069441 156795 1.38605
Y 59373566 69 0.000440065 156795 0.0230401
