1 249250621 14152 0.113865 124288 1.41623
2 243199373 9331 0.0750756 124288 0.957597
3 198022430 8125 0.0653724 124288 1.02465
4 191154276 8886 0.0714952 124288 1.16064
5 180915260 7719 0.0621058 124288 1.06528
6 171115067 9942 0.0799916 124288 1.44912
7 159138663 6988 0.0562243 124288 1.09599
8 146364022 4851 0.0390303 124288 0.826913
9 141213431 5051 0.0406395 124288 0.893175
10 135534747 4276 0.034404 124288 0.787276
11 135006516 4203 0.0338166 124288 0.777394
12 133851895 4580 0.0368499 124288 0.853007
13 115169878 6349 0.051083 124288 1.3769
14 107349540 2652 0.0213375 124288 0.616692
15 102531392 3692 0.0297052 124288 0.897438
16 90354753 2381 0.0191571 124288 0.65832
17 81195210 1731 0.0139273 124288 0.531577
18 78077248 2511 0.0202031 124288 0.801709
19 59128983 1649 0.0132676 124288 0.694637
20 63025520 922 0.00741825 124288 0.365431
21 48129895 938 0.00754699 124288 0.486902
22 51304566 929 0.00747458 124288 0.453005
X 155270560 6620 0.0532634 124288 1.06314
Y 59373566 73 0.000587346 124288 0.0307511
