1 249250621 2657 0.0690596 38474 0.858951
2 243199373 2964 0.077039 38474 0.982641
3 198022430 1974 0.0513074 38474 0.804191
4 191154276 3551 0.0922961 38474 1.49831
5 180915260 2593 0.0673962 38474 1.15602
6 171115067 3521 0.0915163 38474 1.6579
7 159138663 2097 0.0545043 38474 1.06246
8 146364022 1994 0.0518272 38474 1.09803
9 141213431 1418 0.0368561 38474 0.810023
10 135534747 1329 0.0345428 38474 0.790453
11 135006516 1404 0.0364922 38474 0.838901
12 133851895 1192 0.030982 38474 0.717175
13 115169878 3027 0.0786765 38474 2.12066
14 107349540 787 0.0204554 38474 0.591196
15 102531392 795 0.0206633 38474 0.624269
16 90354753 271 0.00704372 38474 0.242052
17 81195210 690 0.0179342 38474 0.684511
18 78077248 994 0.0258356 38474 1.02522
19 59128983 308 0.00800541 38474 0.419131
20 63025520 362 0.00940895 38474 0.463495
21 48129895 363 0.00943494 38474 0.608706
22 51304566 152 0.00395072 38474 0.239438
X 155270560 2217 0.0576233 38474 1.15017
Y 59373566 21 0.000545823 38474 0.0285771
