1 249250621 5494 0.103405 53131 1.28613
2 243199373 4462 0.0839811 53131 1.07119
3 198022430 4339 0.0816661 53131 1.28003
4 191154276 4459 0.0839246 53131 1.36241
5 180915260 3966 0.0746457 53131 1.28037
6 171115067 4493 0.0845646 53131 1.53197
7 159138663 1888 0.0355348 53131 0.692686
8 146364022 2574 0.0484463 53131 1.0264
9 141213431 1803 0.033935 53131 0.745824
10 135534747 1952 0.0367394 53131 0.840718
11 135006516 1464 0.0275545 53131 0.633438
12 133851895 1915 0.036043 53131 0.834328
13 115169878 2652 0.0499144 53131 1.3454
14 107349540 1016 0.0191225 53131 0.552675
15 102531392 993 0.0186897 53131 0.564642
16 90354753 691 0.0130056 53131 0.446927
17 81195210 537 0.0101071 53131 0.385767
18 78077248 654 0.0123092 53131 0.48846
19 59128983 732 0.0137773 53131 0.721323
20 63025520 455 0.00856374 53131 0.421859
21 48129895 435 0.00818731 53131 0.528214
22 51304566 111 0.00208918 53131 0.126617
X 155270560 2557 0.0481263 53131 0.960605
Y 59373566 33 0.000621106 53131 0.0325187
