1 249250621 4398 0.094404 46587 1.17418
2 243199373 2655 0.0569901 46587 0.726915
3 198022430 2432 0.0522034 46587 0.818235
4 191154276 3766 0.080838 46587 1.31231
5 180915260 3231 0.0693541 46587 1.18961
6 171115067 2728 0.0585571 46587 1.06082
7 159138663 2825 0.0606392 46587 1.18205
8 146364022 2532 0.0543499 46587 1.15148
9 141213431 1637 0.0351386 46587 0.772276
10 135534747 1205 0.0258656 46587 0.59189
11 135006516 2413 0.0517956 46587 1.1907
12 133851895 1327 0.0284843 46587 0.65936
13 115169878 2703 0.0580205 46587 1.56389
14 107349540 1419 0.0304591 46587 0.880322
15 102531392 1047 0.0224741 46587 0.678975
16 90354753 760 0.0163136 46587 0.560604
17 81195210 621 0.0133299 46587 0.508775
18 78077248 1159 0.0248782 46587 0.98723
19 59128983 407 0.00873634 46587 0.4574
20 63025520 312 0.00669715 46587 0.329909
21 48129895 397 0.00852169 46587 0.549786
22 51304566 217 0.00465795 46587 0.2823
X 155270560 3219 0.0690965 46587 1.37917
Y 59373566 40 0.000858609 46587 0.0449533
