1 249250621 9478 0.0937543 101094 1.1661
2 243199373 6317 0.0624864 101094 0.79702
3 198022430 7498 0.0741686 101094 1.16252
4 191154276 8184 0.0809544 101094 1.31419
5 180915260 7157 0.0707955 101094 1.21433
6 171115067 8560 0.0846737 101094 1.53394
7 159138663 3809 0.0376778 101094 0.73446
8 146364022 4848 0.0479554 101094 1.016
9 141213431 3885 0.0384296 101094 0.844606
10 135534747 2260 0.0223554 101094 0.511566
11 135006516 3451 0.0341365 101094 0.784748
12 133851895 4621 0.0457099 101094 1.0581
13 115169878 5947 0.0588264 101094 1.58562
14 107349540 1862 0.0184185 101094 0.532327
15 102531392 1844 0.0182404 101094 0.551071
16 90354753 1318 0.0130374 101094 0.44802
17 81195210 969 0.00958514 101094 0.365845
18 78077248 2148 0.0212476 101094 0.843157
19 59128983 1260 0.0124636 101094 0.652547
20 63025520 1286 0.0127208 101094 0.626642
21 48129895 1256 0.0124241 101094 0.801554
22 51304566 437 0.00432271 101094 0.261982
X 155270560 5424 0.053653 101094 1.07092
Y 59373566 66 0.000652858 101094 0.034181
