1 249250621 1596 0.101269 15760 1.25957
2 243199373 30 0.00190355 15760 0.02428
3 198022430 16 0.00101523 15760 0.0159127
4 191154276 18 0.00114213 15760 0.0185411
5 180915260 8 0.000507614 15760 0.00870693
6 171115067 11 0.00069797 15760 0.0126444
7 159138663 11 0.00069797 15760 0.0136056
8 146364022 11 0.00069797 15760 0.0147875
9 141213431 12 0.000761421 15760 0.0167345
10 135534747 12 0.000761421 15760 0.0174238
11 135006516 7 0.000444162 15760 0.0102106
12 133851895 9 0.000571066 15760 0.0132191
13 115169878 9 0.000571066 15760 0.0153926
14 107349540 1 6.34518e-05 15760 0.00183387
15 102531392 2 0.000126904 15760 0.00383394
16 90354753 8 0.000507614 15760 0.0174438
17 81195210 5 0.000317259 15760 0.0121091
18 78077248 6 0.000380711 15760 0.0151076
19 59128983 6 0.000380711 15760 0.0199325
20 63025520 4 0.000253807 15760 0.0125028
21 48129895 0 0 15760 0
22 51304566 4 0.000253807 15760 0.0153822
X 155270560 1 6.34518e-05 15760 0.0012665
Y 59373566 0 0 15760 0
