1 249250621 44 0.000973602 45193 0.0121095
2 243199373 38 0.000840838 45193 0.010725
3 198022430 16 0.000354037 45193 0.00554917
4 191154276 21 0.000464674 45193 0.0075434
5 180915260 19 0.000420419 45193 0.00721131
6 171115067 19 0.000420419 45193 0.00761629
7 159138663 36 0.000796584 45193 0.0155279
8 146364022 14 0.000309782 45193 0.00656319
9 141213431 23 0.000508928 45193 0.0111852
10 135534747 7 0.000154891 45193 0.00354442
11 135006516 7 0.000154891 45193 0.00356072
12 133851895 10 0.000221273 45193 0.00512206
13 115169878 18 0.000398292 45193 0.0107356
14 107349540 14 0.000309782 45193 0.00895325
15 102531392 8 0.000177019 45193 0.00534799
16 90354753 6 0.000132764 45193 0.00456233
17 81195210 11 0.000243401 45193 0.0092901
18 78077248 14 0.000309782 45193 0.012293
19 59128983 4 8.85093e-05 45193 0.00463399
20 63025520 27 0.000597438 45193 0.0294304
21 48129895 2 4.42546e-05 45193 0.00285514
22 51304566 4 8.85093e-05 45193 0.0053642
X 155270560 13 0.000287655 45193 0.00574162
Y 59373566 2 4.42546e-05 45193 0.002317
