1 249250621 5392 0.0730297 73833 0.908329
2 243199373 7111 0.0963119 73833 1.22847
3 198022430 5832 0.0789891 73833 1.23807
4 191154276 5100 0.0690748 73833 1.12134
5 180915260 5281 0.0715263 73833 1.22687
6 171115067 5029 0.0681132 73833 1.23393
7 159138663 3932 0.0532553 73833 1.03812
8 146364022 4157 0.0563027 73833 1.19285
9 141213431 2423 0.0328173 73833 0.721259
10 135534747 2951 0.0399686 73833 0.914613
11 135006516 2293 0.0310566 73833 0.713944
12 133851895 2880 0.0390069 73833 0.902939
13 115169878 1575 0.0213319 73833 0.574984
14 107349540 1863 0.0252326 73833 0.729266
15 102531392 1538 0.0208308 73833 0.629329
16 90354753 1541 0.0208714 73833 0.717231
17 81195210 1586 0.0214809 73833 0.819882
18 78077248 977 0.0132326 73833 0.525102
19 59128983 1415 0.0191649 73833 1.0034
20 63025520 720 0.00975174 73833 0.480381
21 48129895 1388 0.0187992 73833 1.21285
22 51304566 270 0.0036569 73833 0.22163
X 155270560 4855 0.0657565 73833 1.31251
Y 59373566 46 0.000623028 73833 0.0326192
