1 249250621 17548 0.0947542 185195 1.17853
2 243199373 14941 0.0806771 185195 1.02904
3 198022430 12382 0.0668593 185195 1.04795
4 191154276 13020 0.0703043 185195 1.1413
5 180915260 11755 0.0634736 185195 1.08874
6 171115067 11669 0.0630093 185195 1.14147
7 159138663 10002 0.0540079 185195 1.05279
8 146364022 8917 0.0481492 185195 1.02011
9 141213431 6761 0.0365075 185195 0.802362
10 135534747 8456 0.04566 185195 1.04485
11 135006516 6507 0.0351359 185195 0.807723
12 133851895 6475 0.0349631 185195 0.809332
13 115169878 7883 0.0425659 185195 1.14733
14 107349540 4585 0.0247577 185195 0.71554
15 102531392 5315 0.0286995 185195 0.867054
16 90354753 2852 0.0154 185195 0.529209
17 81195210 2931 0.0158266 185195 0.604067
18 78077248 3883 0.0209671 185195 0.832027
19 59128983 2541 0.0137207 185195 0.71836
20 63025520 1899 0.0102541 185195 0.505126
21 48129895 3162 0.0170739 185195 1.10154
22 51304566 1630 0.00880153 185195 0.533426
X 155270560 12065 0.0651475 185195 1.30035
Y 59373566 106 0.00057237 185195 0.029967
