1 249250621 4555 0.0610173 74651 0.758921
2 243199373 4406 0.0590213 74651 0.752823
3 198022430 3423 0.0458534 74651 0.718705
4 191154276 3564 0.0477422 74651 0.775035
5 180915260 3678 0.0492693 74651 0.845099
6 171115067 4097 0.0548821 74651 0.99424
7 159138663 4126 0.0552705 74651 1.0774
8 146364022 1983 0.0265636 74651 0.562788
9 141213431 1893 0.025358 74651 0.557319
10 135534747 1024 0.0137172 74651 0.313894
11 135006516 2824 0.0378294 74651 0.869641
12 133851895 2014 0.0269789 74651 0.624511
13 115169878 1698 0.0227458 74651 0.613096
14 107349540 1258 0.0168518 74651 0.487045
15 102531392 1228 0.0164499 74651 0.496975
16 90354753 1286 0.0172268 74651 0.591987
17 81195210 333 0.00446076 74651 0.170258
18 78077248 1046 0.0140119 74651 0.556027
19 59128983 424 0.00567976 74651 0.29737
20 63025520 476 0.00637634 74651 0.314105
21 48129895 611 0.00818475 74651 0.528049
22 51304566 214 0.00286667 74651 0.173738
X 155270560 4007 0.0536764 74651 1.07139
Y 59373566 29 0.000388474 74651 0.020339
