1 249250621 15 0.00109601 13686 0.013632
2 243199373 7 0.000511472 13686 0.00652387
3 198022430 15 0.00109601 13686 0.0171788
4 191154276 8 0.000584539 13686 0.00948927
5 180915260 14 0.00102294 13686 0.0175462
6 171115067 23 0.00168055 13686 0.0304447
7 159138663 16 0.00116908 13686 0.022789
8 146364022 3 0.000219202 13686 0.00464411
9 141213431 1 7.30674e-05 13686 0.00160588
10 135534747 7 0.000511472 13686 0.0117042
11 135006516 2 0.000146135 13686 0.00335942
12 133851895 9 0.000657606 13686 0.0152224
13 115169878 3 0.000219202 13686 0.00590841
14 107349540 5 0.000365337 13686 0.0105589
15 102531392 4 0.000292269 13686 0.00882989
16 90354753 5 0.000365337 13686 0.0125545
17 81195210 1 7.30674e-05 13686 0.00278883
18 78077248 0 0 13686 0
19 59128983 2 0.000146135 13686 0.00765103
20 63025520 7 0.000511472 13686 0.0251956
21 48129895 0 0 13686 0
22 51304566 1 7.30674e-05 13686 0.00442833
X 155270560 4 0.000292269 13686 0.00583372
Y 59373566 0 0 13686 0
