1 249250621 16 0.000640154 24994 0.00796211
2 243199373 11 0.000440106 24994 0.00561359
3 198022430 15 0.000600144 24994 0.00940665
4 191154276 13 0.000520125 24994 0.00844358
5 180915260 12 0.000480115 24994 0.00823525
6 171115067 14 0.000560134 24994 0.0101474
7 159138663 14 0.000560134 24994 0.0109188
8 146364022 4 0.000160038 24994 0.00339064
9 141213431 7 0.000280067 24994 0.00615532
10 135534747 2 8.00192e-05 24994 0.0018311
11 135006516 13 0.000520125 24994 0.0119569
12 133851895 11 0.000440106 24994 0.0101876
13 115169878 10 0.000400096 24994 0.0107843
14 107349540 3 0.000120029 24994 0.00346904
15 102531392 4 0.000160038 24994 0.004835
16 90354753 6 0.000240058 24994 0.0082494
17 81195210 10 0.000400096 24994 0.0152708
18 78077248 5 0.000200048 24994 0.00793841
19 59128983 0 0 24994 0
20 63025520 12 0.000480115 24994 0.023651
21 48129895 4 0.000160038 24994 0.0103251
22 51304566 5 0.000200048 24994 0.0121241
X 155270560 12 0.000480115 24994 0.00958314
Y 59373566 0 0 24994 0
