1 249250621 37 0.000878839 42101 0.0109308
2 243199373 54 0.00128263 42101 0.0163601
3 198022430 56 0.00133013 42101 0.0208485
4 191154276 57 0.00135389 42101 0.0219787
5 180915260 41 0.000973849 42101 0.0167041
6 171115067 44 0.00104511 42101 0.0189331
7 159138663 36 0.000855087 42101 0.0166684
8 146364022 31 0.000736325 42101 0.0156001
9 141213431 28 0.000665067 42101 0.0146169
10 135534747 22 0.000522553 42101 0.0119577
11 135006516 23 0.000546305 42101 0.0125587
12 133851895 36 0.000855087 42101 0.0197937
13 115169878 36 0.000855087 42101 0.0230482
14 107349540 19 0.000451296 42101 0.0130432
15 102531392 17 0.000403791 42101 0.0121991
16 90354753 14 0.000332534 42101 0.0114273
17 81195210 18 0.000427543 42101 0.0163184
18 78077248 10 0.000237524 42101 0.00942556
19 59128983 11 0.000261276 42101 0.0136794
20 63025520 22 0.000522553 42101 0.0257415
21 48129895 7 0.000166267 42101 0.0107269
22 51304566 4 9.50096e-05 42101 0.00575816
X 155270560 37 0.000878839 42101 0.0175417
Y 59373566 2 4.75048e-05 42101 0.00248716
