1 249250621 9268 0.135719 68288 1.68805
2 243199373 3056 0.0447516 68288 0.570812
3 198022430 2660 0.0389527 68288 0.610543
4 191154276 5065 0.0741712 68288 1.20408
5 180915260 7900 0.115687 68288 1.98433
6 171115067 6291 0.0921245 68288 1.66892
7 159138663 4272 0.0625586 68288 1.21947
8 146364022 1696 0.024836 68288 0.526186
9 141213431 1767 0.0258757 68288 0.568697
10 135534747 2991 0.0437998 68288 1.00228
11 135006516 79 0.00115687 68288 0.0265946
12 133851895 3428 0.0501992 68288 1.16202
13 115169878 3760 0.0550609 68288 1.48412
14 107349540 3514 0.0514585 68288 1.48724
15 102531392 549 0.00803948 68288 0.242885
16 90354753 1891 0.0276915 68288 0.951599
17 81195210 1185 0.017353 68288 0.662327
18 78077248 1675 0.0245285 68288 0.973352
19 59128983 39 0.000571111 68288 0.0299011
20 63025520 723 0.0105875 68288 0.521552
21 48129895 450 0.00658974 68288 0.425144
22 51304566 395 0.00578433 68288 0.350565
X 155270560 2873 0.0420718 68288 0.839757
Y 59373566 39 0.000571111 68288 0.0299011
