1 249250621 7265 0.0808201 89891 1.00523
2 243199373 10432 0.116052 89891 1.48025
3 198022430 3324 0.0369781 89891 0.579594
4 191154276 981 0.0109132 89891 0.177163
5 180915260 5938 0.0660578 89891 1.13307
6 171115067 3922 0.0436306 89891 0.79041
7 159138663 894 0.00994538 89891 0.193867
8 146364022 6375 0.0709192 89891 1.50253
9 141213431 1405 0.01563 89891 0.343517
10 135534747 2508 0.0279005 89891 0.638454
11 135006516 6252 0.0695509 89891 1.59887
12 133851895 2579 0.0286903 89891 0.664127
13 115169878 5085 0.0565685 89891 1.52476
14 107349540 911 0.0101345 89891 0.292905
15 102531392 830 0.0092334 89891 0.278955
16 90354753 909 0.0101122 89891 0.3475
17 81195210 159 0.00176881 89891 0.0675118
18 78077248 4085 0.0454439 89891 1.80333
19 59128983 622 0.00691949 89891 0.362277
20 63025520 1271 0.0141393 89891 0.69652
21 48129895 962 0.0107019 89891 0.690442
22 51304566 149 0.00165756 89891 0.100458
X 155270560 4938 0.0549332 89891 1.09647
Y 59373566 42 0.000467233 89891 0.0244624
