1 249250621 34 0.00125996 26985 0.0156711
2 243199373 39 0.00144525 26985 0.0184343
3 198022430 18 0.000667037 26985 0.0104551
4 191154276 26 0.000963498 26985 0.0156412
5 180915260 26 0.000963498 26985 0.0165266
6 171115067 18 0.000667037 26985 0.012084
7 159138663 21 0.00077821 26985 0.0151698
8 146364022 18 0.000667037 26985 0.0141321
9 141213431 16 0.000592922 26985 0.0130313
10 135534747 16 0.000592922 26985 0.013568
11 135006516 16 0.000592922 26985 0.0136304
12 133851895 27 0.00100056 26985 0.023161
13 115169878 19 0.000704095 26985 0.0189783
14 107349540 16 0.000592922 26985 0.0171365
15 102531392 6 0.000222346 26985 0.00671739
16 90354753 12 0.000444691 26985 0.0152815
17 81195210 3 0.000111173 26985 0.00424324
18 78077248 7 0.000259403 26985 0.0102938
19 59128983 3 0.000111173 26985 0.00582057
20 63025520 15 0.000555864 26985 0.0273825
21 48129895 1 3.70576e-05 26985 0.00239081
22 51304566 2 7.41152e-05 26985 0.00449183
X 155270560 10 0.000370576 26985 0.00739673
Y 59373566 0 0 26985 0
