1 249250621 4186 0.0663728 63068 0.825532
2 243199373 5983 0.0948659 63068 1.21002
3 198022430 5308 0.0841631 63068 1.31917
4 191154276 4187 0.0663887 63068 1.07774
5 180915260 4730 0.0749984 63068 1.28642
6 171115067 4104 0.0650726 63068 1.17885
7 159138663 3658 0.0580009 63068 1.13062
8 146364022 2266 0.0359295 63068 0.761218
9 141213431 2611 0.0413998 63068 0.909885
10 135534747 2027 0.0321399 63068 0.735467
11 135006516 3025 0.0479641 63068 1.10262
12 133851895 2696 0.0427475 63068 0.989526
13 115169878 3347 0.0530697 63068 1.43045
14 107349540 1783 0.0282711 63068 0.817083
15 102531392 1147 0.0181867 63068 0.549448
16 90354753 813 0.0128908 63068 0.442984
17 81195210 957 0.0151741 63068 0.579164
18 78077248 1281 0.0203114 63068 0.806008
19 59128983 251 0.00397983 63068 0.208368
20 63025520 900 0.0142703 63068 0.702971
21 48129895 319 0.00505803 63068 0.326325
22 51304566 273 0.00432866 63068 0.262343
X 155270560 3127 0.0495814 63068 0.989649
Y 59373566 26 0.000412253 63068 0.0215839
