1 249250621 5350 0.113653 47073 1.4136
2 243199373 2826 0.0600344 47073 0.765745
3 198022430 3416 0.0725681 47073 1.13743
4 191154276 2897 0.0615427 47073 0.99907
5 180915260 3054 0.064878 47073 1.11283
6 171115067 3056 0.0649204 47073 1.17609
7 159138663 3276 0.069594 47073 1.35661
8 146364022 1611 0.0342234 47073 0.725073
9 141213431 1355 0.0287851 47073 0.632639
10 135534747 1960 0.0416375 47073 0.952802
11 135006516 1754 0.0372613 47073 0.856581
12 133851895 2351 0.0499437 47073 1.1561
13 115169878 2876 0.0610966 47073 1.64681
14 107349540 1275 0.0270856 47073 0.782821
15 102531392 549 0.0116627 47073 0.352349
16 90354753 766 0.0162726 47073 0.559196
17 81195210 658 0.0139783 47073 0.533522
18 78077248 1323 0.0281053 47073 1.11529
19 59128983 367 0.0077964 47073 0.408189
20 63025520 508 0.0107917 47073 0.531613
21 48129895 244 0.00518344 47073 0.334415
22 51304566 399 0.0084762 47073 0.513709
X 155270560 2802 0.0595246 47073 1.18812
Y 59373566 30 0.000637308 47073 0.0333669
