1 249250621 2370 0.0717117 33049 0.891937
2 243199373 3239 0.098006 33049 1.25008
3 198022430 2604 0.0787921 33049 1.23499
4 191154276 2888 0.0873854 33049 1.41859
5 180915260 1991 0.0602439 33049 1.03334
6 171115067 1963 0.0593967 33049 1.07603
7 159138663 2015 0.0609701 33049 1.1885
8 146364022 1526 0.0461739 33049 0.97826
9 141213431 720 0.0217858 33049 0.47881
10 135534747 1080 0.0326787 33049 0.747797
11 135006516 1423 0.0430573 33049 0.989822
12 133851895 982 0.0297135 33049 0.687811
13 115169878 1711 0.0517716 33049 1.39546
14 107349540 1057 0.0319828 33049 0.924359
15 102531392 738 0.0223305 33049 0.674637
16 90354753 715 0.0216345 33049 0.743455
17 81195210 619 0.0187298 33049 0.714877
18 78077248 822 0.0248722 33049 0.98699
19 59128983 203 0.00614239 33049 0.321591
20 63025520 276 0.00835124 33049 0.411391
21 48129895 538 0.0162789 33049 1.05025
22 51304566 113 0.00341917 33049 0.207222
X 155270560 2055 0.0621804 33049 1.24113
Y 59373566 16 0.00048413 33049 0.0253471
