1 249250621 5707 0.0767286 74379 0.954336
2 243199373 6750 0.0907514 74379 1.15754
3 198022430 4919 0.0661343 74379 1.03659
4 191154276 7013 0.0942874 74379 1.53064
5 180915260 3330 0.0447707 74379 0.767937
6 171115067 5333 0.0717003 74379 1.29892
7 159138663 4242 0.0570322 74379 1.11174
8 146364022 3315 0.044569 74379 0.944259
9 141213431 3713 0.04992 74379 1.09714
10 135534747 1679 0.0225736 74379 0.516558
11 135006516 3027 0.040697 74379 0.935563
12 133851895 3428 0.0460883 74379 1.06686
13 115169878 4138 0.055634 74379 1.49957
14 107349540 1736 0.0233399 74379 0.674564
15 102531392 1412 0.0189839 74379 0.57353
16 90354753 977 0.0131354 74379 0.451389
17 81195210 763 0.0102583 74379 0.391537
18 78077248 1510 0.0203014 74379 0.805612
19 59128983 669 0.00899447 74379 0.470915
20 63025520 449 0.00603665 74379 0.297372
21 48129895 292 0.00392584 74379 0.25328
22 51304566 266 0.00357628 74379 0.216744
X 155270560 5746 0.077253 74379 1.54198
Y 59373566 47 0.000631899 74379 0.0330837
