1 249250621 5824 0.0624732 93224 0.77703
2 243199373 4575 0.0490753 93224 0.625961
3 198022430 4007 0.0429825 93224 0.673707
4 191154276 4698 0.0503947 93224 0.818097
5 180915260 4317 0.0463078 93224 0.794302
6 171115067 4538 0.0486785 93224 0.881856
7 159138663 3629 0.0389277 93224 0.758825
8 146364022 3133 0.0336072 93224 0.712017
9 141213431 1874 0.0201021 93224 0.441805
10 135534747 1952 0.0209388 93224 0.479149
11 135006516 2336 0.0250579 93224 0.576044
12 133851895 2672 0.0286621 93224 0.663476
13 115169878 3917 0.0420171 93224 1.13254
14 107349540 1280 0.0137304 93224 0.396831
15 102531392 786 0.00843131 93224 0.254722
16 90354753 410 0.00439801 93224 0.151134
17 81195210 1168 0.012529 93224 0.478205
18 78077248 1465 0.0157148 93224 0.623605
19 59128983 320 0.00343259 93224 0.179717
20 63025520 412 0.00441946 93224 0.217708
21 48129895 520 0.00557796 93224 0.359869
22 51304566 194 0.00208101 93224 0.126122
X 155270560 3111 0.0333712 93224 0.666093
Y 59373566 49 0.000525616 93224 0.0275191
