1 249250621 19 0.000795012 23899 0.00988821
2 243199373 13 0.000543956 23899 0.00693821
3 198022430 24 0.00100423 23899 0.0157402
4 191154276 14 0.000585799 23899 0.00950972
5 180915260 19 0.000795012 23899 0.0136366
6 171115067 8 0.000334742 23899 0.00606417
7 159138663 15 0.000627641 23899 0.0122347
8 146364022 8 0.000334742 23899 0.00709199
9 141213431 7 0.000292899 23899 0.00643735
10 135534747 13 0.000543956 23899 0.0124475
11 135006516 10 0.000418428 23899 0.00961902
12 133851895 5 0.000209214 23899 0.00484291
13 115169878 8 0.000334742 23899 0.0090227
14 107349540 5 0.000209214 23899 0.00604664
15 102531392 3 0.000125528 23899 0.00379239
16 90354753 14 0.000585799 23899 0.0201305
17 81195210 2 8.36855e-05 23899 0.0031941
18 78077248 2 8.36855e-05 23899 0.00332085
19 59128983 0 0 23899 0
20 63025520 11 0.00046027 23899 0.0226734
21 48129895 2 8.36855e-05 23899 0.00539907
22 51304566 1 4.18428e-05 23899 0.00253592
X 155270560 11 0.00046027 23899 0.00918703
Y 59373566 1 4.18428e-05 23899 0.00219072
