1 249250621 5996 0.0572088 104809 0.711553
2 243199373 7172 0.0684292 104809 0.872822
3 198022430 8522 0.0813098 104809 1.27445
4 191154276 9428 0.0899541 104809 1.46029
5 180915260 4120 0.0393096 104809 0.674264
6 171115067 6498 0.0619985 104809 1.12316
7 159138663 5628 0.0536977 104809 1.04674
8 146364022 5967 0.0569321 104809 1.20619
9 141213431 4045 0.038594 104809 0.84822
10 135534747 4946 0.0471906 104809 1.07988
11 135006516 4530 0.0432215 104809 0.993597
12 133851895 4727 0.0451011 104809 1.04401
13 115169878 3968 0.0378593 104809 1.02047
14 107349540 2312 0.0220592 104809 0.637548
15 102531392 1282 0.0122318 104809 0.36954
16 90354753 901 0.00859659 104809 0.295415
17 81195210 911 0.008692 104809 0.331756
18 78077248 2706 0.0258184 104809 1.02454
19 59128983 1592 0.0151895 104809 0.795264
20 63025520 1892 0.0180519 104809 0.889255
21 48129895 941 0.00897824 104809 0.579241
22 51304566 634 0.0060491 104809 0.366612
X 155270560 8493 0.0810331 104809 1.61743
Y 59373566 76 0.000725129 104809 0.0379648
