1 249250621 88 0.00163605 53788 0.0203489
2 243199373 61 0.00113408 53788 0.0144653
3 198022430 56 0.00104112 53788 0.0163186
4 191154276 36 0.000669294 53788 0.0108652
5 180915260 34 0.000632111 53788 0.0108424
6 171115067 34 0.000632111 53788 0.0114513
7 159138663 55 0.00102253 53788 0.0199324
8 146364022 42 0.000780843 53788 0.0165433
9 141213431 22 0.000409013 53788 0.0089893
10 135534747 31 0.000576337 53788 0.0131885
11 135006516 30 0.000557745 53788 0.0128217
12 133851895 16 0.000297464 53788 0.00688574
13 115169878 40 0.00074366 53788 0.0200448
14 107349540 19 0.000353239 53788 0.0102092
15 102531392 15 0.000278873 53788 0.00842515
16 90354753 17 0.000316056 53788 0.010861
17 81195210 17 0.000316056 53788 0.0120632
18 78077248 17 0.000316056 53788 0.0125419
19 59128983 15 0.000278873 53788 0.0146007
20 63025520 36 0.000669294 53788 0.0329702
21 48129895 9 0.000167324 53788 0.0107951
22 51304566 10 0.000185915 53788 0.0112676
X 155270560 26 0.000483379 53788 0.00964829
Y 59373566 0 0 53788 0
