1 249250621 18 0.00114402 15734 0.0142291
2 243199373 23 0.0014618 15734 0.0186454
3 198022430 8 0.000508453 15734 0.00796948
4 191154276 9 0.00057201 15734 0.00928587
5 180915260 16 0.00101691 15734 0.0174426
6 171115067 8 0.000508453 15734 0.00921111
7 159138663 22 0.00139825 15734 0.0272563
8 146364022 11 0.000699123 15734 0.0148119
9 141213431 4 0.000254227 15734 0.0055874
10 135534747 3 0.00019067 15734 0.00436316
11 135006516 10 0.000635566 15734 0.0146107
12 133851895 7 0.000444896 15734 0.0102985
13 115169878 11 0.000699123 15734 0.0188443
14 107349540 4 0.000254227 15734 0.00734759
15 102531392 1 6.35566e-05 15734 0.00192014
16 90354753 5 0.000317783 15734 0.0109204
17 81195210 3 0.00019067 15734 0.00727748
18 78077248 3 0.00019067 15734 0.00756627
19 59128983 1 6.35566e-05 15734 0.00332757
20 63025520 6 0.00038134 15734 0.0187852
21 48129895 0 0 15734 0
22 51304566 1 6.35566e-05 15734 0.00385192
X 155270560 10 0.000635566 15734 0.012686
Y 59373566 1 6.35566e-05 15734 0.00332757
