1 249250621 8135 0.0931471 87335 1.15855
2 243199373 8015 0.0917731 87335 1.17057
3 198022430 7802 0.0893342 87335 1.40022
4 191154276 6481 0.0742085 87335 1.20468
5 180915260 6385 0.0731093 87335 1.25402
6 171115067 5976 0.0684262 87335 1.2396
7 159138663 5824 0.0666858 87335 1.29992
8 146364022 3498 0.0400527 87335 0.848574
9 141213431 2898 0.0331826 87335 0.729287
10 135534747 2179 0.0249499 87335 0.570936
11 135006516 4425 0.050667 87335 1.16476
12 133851895 1516 0.0173584 87335 0.401816
13 115169878 4004 0.0458465 87335 1.23575
14 107349540 1451 0.0166142 87335 0.480179
15 102531392 1508 0.0172668 87335 0.521657
16 90354753 1341 0.0153547 87335 0.527652
17 81195210 1253 0.0143471 87335 0.547597
18 78077248 1922 0.0220072 87335 0.873302
19 59128983 762 0.00872502 87335 0.456808
20 63025520 1035 0.0118509 87335 0.583789
21 48129895 1220 0.0139692 87335 0.901239
22 51304566 162 0.00185493 87335 0.11242
X 155270560 5326 0.0609836 87335 1.21724
Y 59373566 53 0.000606859 87335 0.0317727
