1 249250621 37 0.00109721 33722 0.0136468
2 243199373 34 0.00100824 33722 0.0128603
3 198022430 26 0.00077101 33722 0.0120848
4 191154276 26 0.00077101 33722 0.0125164
5 180915260 20 0.000593085 33722 0.010173
6 171115067 22 0.000652393 33722 0.0118187
7 159138663 45 0.00133444 33722 0.0260125
8 146364022 30 0.000889627 33722 0.018848
9 141213431 16 0.000474468 33722 0.0104279
10 135534747 14 0.000415159 33722 0.00950021
11 135006516 21 0.000622739 33722 0.0143158
12 133851895 18 0.000533776 33722 0.0123559
13 115169878 36 0.00106755 33722 0.028775
14 107349540 14 0.000415159 33722 0.0119988
15 102531392 9 0.000266888 33722 0.00806308
16 90354753 6 0.000177925 33722 0.00611427
17 81195210 11 0.000326197 33722 0.0124502
18 78077248 6 0.000177925 33722 0.00706053
19 59128983 5 0.000148271 33722 0.00776289
20 63025520 27 0.000800664 33722 0.0394416
21 48129895 2 5.93085e-05 33722 0.00382635
22 51304566 0 0 33722 0
X 155270560 33 0.00097859 33722 0.0195327
Y 59373566 0 0 33722 0
