1 249250621 16 0.000907801 17625 0.0112911
2 243199373 14 0.000794326 17625 0.0101317
3 198022430 8 0.000453901 17625 0.00711443
4 191154276 10 0.000567376 17625 0.00921065
5 180915260 2 0.000113475 17625 0.0019464
6 171115067 7 0.000397163 17625 0.00719498
7 159138663 16 0.000907801 17625 0.0176959
8 146364022 13 0.000737589 17625 0.0156269
9 141213431 1 5.67376e-05 17625 0.00124698
10 135534747 3 0.000170213 17625 0.00389503
11 135006516 5 0.000283688 17625 0.00652156
12 133851895 5 0.000283688 17625 0.00656685
13 115169878 0 0 17625 0
14 107349540 5 0.000283688 17625 0.00819907
15 102531392 5 0.000283688 17625 0.00857063
16 90354753 7 0.000397163 17625 0.0136482
17 81195210 2 0.000113475 17625 0.00433111
18 78077248 7 0.000397163 17625 0.0157604
19 59128983 4 0.00022695 17625 0.0118822
20 63025520 8 0.000453901 17625 0.0223596
21 48129895 5 0.000283688 17625 0.0183024
22 51304566 3 0.000170213 17625 0.0103159
X 155270560 6 0.000340426 17625 0.00679492
Y 59373566 2 0.000113475 17625 0.00594111
