1 249250621 2901 0.0657734 44106 0.818077
2 243199373 4065 0.0921643 44106 1.17557
3 198022430 3302 0.0748651 44106 1.17343
4 191154276 3679 0.0834127 44106 1.3541
5 180915260 2462 0.0558201 44106 0.957463
6 171115067 2539 0.0575659 44106 1.04286
7 159138663 2902 0.065796 44106 1.28257
8 146364022 2122 0.0481114 44106 1.01931
9 141213431 2000 0.0453453 44106 0.9966
10 135534747 892 0.020224 44106 0.462792
11 135006516 1981 0.0449145 44106 1.03252
12 133851895 2165 0.0490863 44106 1.13626
13 115169878 2226 0.0504693 44106 1.36036
14 107349540 1336 0.0302907 44106 0.875453
15 102531392 630 0.0142838 44106 0.431534
16 90354753 181 0.00410375 44106 0.141022
17 81195210 488 0.0110643 44106 0.4223
18 78077248 1174 0.0266177 44106 1.05626
19 59128983 381 0.00863828 44106 0.452266
20 63025520 606 0.0137396 44106 0.676829
21 48129895 423 0.00959053 44106 0.618744
22 51304566 118 0.00267537 44106 0.162144
X 155270560 2749 0.0623271 44106 1.24405
Y 59373566 27 0.000612162 44106 0.0320503
