1 249250621 6 0.000239674 25034 0.00298102
2 243199373 27 0.00107853 25034 0.0137568
3 198022430 23 0.00091875 25034 0.0144005
4 191154276 4 0.000159783 25034 0.00259387
5 180915260 17 0.000679076 25034 0.011648
6 171115067 22 0.000878805 25034 0.0159204
7 159138663 20 0.000798913 25034 0.0155734
8 146364022 8 0.000319565 25034 0.00677045
9 141213431 12 0.000479348 25034 0.0105351
10 135534747 10 0.000399457 25034 0.00914089
11 135006516 15 0.000599185 25034 0.0137744
12 133851895 16 0.000639131 25034 0.0147947
13 115169878 16 0.000639131 25034 0.0172272
14 107349540 8 0.000319565 25034 0.00923599
15 102531392 3 0.000119837 25034 0.00362045
16 90354753 12 0.000479348 25034 0.0164724
17 81195210 0 0 25034 0
18 78077248 19 0.000758968 25034 0.0301178
19 59128983 1 3.99457e-05 25034 0.0020914
20 63025520 27 0.00107853 25034 0.0531297
21 48129895 0 0 25034 0
22 51304566 2 7.98913e-05 25034 0.0048419
X 155270560 20 0.000798913 25034 0.0159464
Y 59373566 2 7.98913e-05 25034 0.00418279
