1 249250621 4384 0.108884 40263 1.35428
2 243199373 3830 0.0951246 40263 1.21332
3 198022430 2771 0.0688225 40263 1.07872
4 191154276 3485 0.0865559 40263 1.40513
5 180915260 3143 0.0780617 40263 1.33897
6 171115067 2357 0.0585401 40263 1.06051
7 159138663 2282 0.0566773 40263 1.10482
8 146364022 1411 0.0350446 40263 0.74247
9 141213431 1508 0.0374537 40263 0.823159
10 135534747 1117 0.0277426 40263 0.634842
11 135006516 1576 0.0391426 40263 0.899831
12 133851895 1367 0.0339518 40263 0.785921
13 115169878 2219 0.0551126 40263 1.48552
14 107349540 797 0.0197948 40263 0.572105
15 102531392 649 0.016119 40263 0.486979
16 90354753 276 0.00685493 40263 0.235565
17 81195210 507 0.0125922 40263 0.480619
18 78077248 869 0.0215831 40263 0.856472
19 59128983 178 0.00442093 40263 0.231462
20 63025520 238 0.00591113 40263 0.291189
21 48129895 523 0.0129896 40263 0.838038
22 51304566 177 0.0043961 40263 0.26643
X 155270560 2686 0.0667114 40263 1.33156
Y 59373566 24 0.000596081 40263 0.0312084
