1 249250621 7094 0.0699668 101391 0.870233
2 243199373 6818 0.0672446 101391 0.857712
3 198022430 5596 0.0551923 101391 0.865083
4 191154276 5104 0.0503398 101391 0.817204
5 180915260 4001 0.0394611 101391 0.676863
6 171115067 5122 0.0505173 101391 0.915169
7 159138663 3190 0.0314624 101391 0.613301
8 146364022 3253 0.0320837 101391 0.67974
9 141213431 2422 0.0238877 101391 0.525005
10 135534747 1979 0.0195185 101391 0.446648
11 135006516 1778 0.0175361 101391 0.403128
12 133851895 2381 0.0234833 101391 0.543596
13 115169878 5213 0.0514148 101391 1.38584
14 107349540 2387 0.0235425 101391 0.68042
15 102531392 1652 0.0162934 101391 0.492247
16 90354753 1386 0.0136699 101391 0.469754
17 81195210 735 0.00724916 101391 0.276686
18 78077248 1918 0.0189169 101391 0.750669
19 59128983 406 0.0040043 101391 0.209649
20 63025520 557 0.00549358 101391 0.27062
21 48129895 643 0.00634179 101391 0.409147
22 51304566 211 0.00208105 101391 0.126124
X 155270560 4357 0.0429723 101391 0.85773
Y 59373566 33 0.000325473 101391 0.0170405
