1 249250621 5638 0.0773696 72871 0.962308
2 243199373 6408 0.0879362 72871 1.12164
3 198022430 5201 0.0713727 72871 1.11869
4 191154276 5679 0.0779322 72871 1.26513
5 180915260 4199 0.0576224 72871 0.988377
6 171115067 5322 0.0730332 72871 1.32306
7 159138663 3838 0.0526684 72871 1.02667
8 146364022 2570 0.0352678 72871 0.747199
9 141213431 2974 0.0408118 72871 0.896964
10 135534747 2707 0.0371478 72871 0.850065
11 135006516 3023 0.0414843 72871 0.953661
12 133851895 3398 0.0466303 72871 1.07941
13 115169878 3068 0.0421018 72871 1.13482
14 107349540 1863 0.0255657 72871 0.738894
15 102531392 1482 0.0203373 72871 0.61442
16 90354753 1645 0.0225741 72871 0.775744
17 81195210 750 0.0102922 72871 0.392831
18 78077248 1376 0.0188827 72871 0.749313
19 59128983 421 0.00577733 72871 0.302478
20 63025520 1003 0.013764 72871 0.678032
21 48129895 1107 0.0151912 72871 0.980079
22 51304566 246 0.00337583 72871 0.204596
X 155270560 5489 0.0753249 72871 1.50349
Y 59373566 53 0.000727313 72871 0.0380792
