1 249250621 18 0.000998502 18027 0.0124192
2 243199373 14 0.000776613 18027 0.00990578
3 198022430 9 0.000499251 18027 0.00782525
4 191154276 7 0.000388306 18027 0.00630368
5 180915260 7 0.000388306 18027 0.00666049
6 171115067 10 0.000554723 18027 0.0100493
7 159138663 25 0.00138681 18027 0.0270333
8 146364022 9 0.000499251 18027 0.0105774
9 141213431 8 0.000443779 18027 0.00975338
10 135534747 5 0.000277362 18027 0.00634695
11 135006516 4 0.000221889 18027 0.00510091
12 133851895 11 0.000610196 18027 0.0141249
13 115169878 17 0.00094303 18027 0.0254186
14 107349540 5 0.000277362 18027 0.00801624
15 102531392 4 0.000221889 18027 0.00670361
16 90354753 9 0.000499251 18027 0.0171564
17 81195210 5 0.000277362 18027 0.0105863
18 78077248 4 0.000221889 18027 0.00880513
19 59128983 3 0.000166417 18027 0.00871293
20 63025520 11 0.000610196 18027 0.0300589
21 48129895 2 0.000110945 18027 0.00715772
22 51304566 2 0.000110945 18027 0.00672392
X 155270560 14 0.000776613 18027 0.0155013
Y 59373566 0 0 18027 0
