1 249250621 4 0.000370199 10805 0.00460446
2 243199373 9 0.000832948 10805 0.0106243
3 198022430 13 0.00120315 10805 0.0188581
4 191154276 11 0.00101805 10805 0.0165267
5 180915260 6 0.000555298 10805 0.00952485
6 171115067 7 0.000647848 10805 0.0117364
7 159138663 12 0.0011106 10805 0.0216491
8 146364022 1 9.25497e-05 10805 0.0019608
9 141213431 14 0.0012957 10805 0.0284768
10 135534747 8 0.000740398 10805 0.0169427
11 135006516 2 0.000185099 10805 0.00425516
12 133851895 7 0.000647848 10805 0.0149965
13 115169878 2 0.000185099 10805 0.0049892
14 107349540 0 0 10805 0
15 102531392 8 0.000740398 10805 0.0223685
16 90354753 2 0.000185099 10805 0.00636081
17 81195210 0 0 10805 0
18 78077248 2 0.000185099 10805 0.00734522
19 59128983 3 0.000277649 10805 0.0145366
20 63025520 4 0.000370199 10805 0.0182364
21 48129895 0 0 10805 0
22 51304566 0 0 10805 0
X 155270560 9 0.000832948 10805 0.0166257
Y 59373566 0 0 10805 0
