1 249250621 9305 0.11485 81019 1.42848
2 243199373 6058 0.0747726 81019 0.953732
3 198022430 4685 0.0578259 81019 0.906363
4 191154276 3927 0.0484701 81019 0.786852
5 180915260 5560 0.0686259 81019 1.17712
6 171115067 4564 0.0563325 81019 1.02052
7 159138663 4026 0.049692 81019 0.968656
8 146364022 3711 0.0458041 81019 0.970425
9 141213431 3143 0.0387934 81019 0.852602
10 135534747 4003 0.0494082 81019 1.13062
11 135006516 2529 0.0312149 81019 0.717584
12 133851895 3360 0.0414718 81019 0.959994
13 115169878 4551 0.056172 81019 1.51407
14 107349540 1682 0.0207606 81019 0.600016
15 102531392 1806 0.0222911 81019 0.673446
16 90354753 2766 0.0341401 81019 1.1732
17 81195210 954 0.011775 81019 0.449428
18 78077248 1280 0.0157988 81019 0.626935
19 59128983 1118 0.0137992 81019 0.722473
20 63025520 364 0.00449277 81019 0.221319
21 48129895 1194 0.0147373 81019 0.950793
22 51304566 257 0.0031721 81019 0.192248
X 155270560 5875 0.0725139 81019 1.44738
Y 59373566 54 0.00066651 81019 0.0348958
