1 249250621 11095 0.0829545 133748 1.03177
2 243199373 9446 0.0706254 133748 0.900834
3 198022430 9641 0.0720833 133748 1.12983
4 191154276 11429 0.0854517 133748 1.3872
5 180915260 9237 0.0690627 133748 1.18461
6 171115067 9339 0.0698253 133748 1.26495
7 159138663 6313 0.0472007 133748 0.920092
8 146364022 5436 0.0406436 133748 0.861093
9 141213431 5762 0.043081 133748 0.946836
10 135534747 5984 0.0447409 133748 1.02382
11 135006516 4266 0.0318958 133748 0.733237
12 133851895 6919 0.0517316 133748 1.19749
13 115169878 6111 0.0456904 133748 1.23155
14 107349540 2031 0.0151853 133748 0.438881
15 102531392 2729 0.020404 133748 0.616436
16 90354753 2872 0.0214732 133748 0.737911
17 81195210 1885 0.0140937 133748 0.537926
18 78077248 2561 0.0191479 133748 0.759839
19 59128983 1290 0.009645 133748 0.504974
20 63025520 815 0.00609355 133748 0.300175
21 48129895 606 0.00453091 133748 0.292317
22 51304566 973 0.00727488 133748 0.440902
X 155270560 5974 0.0446661 133748 0.891539
Y 59373566 99 0.000740198 133748 0.0387538
