1 249250621 8994 0.0504137 178404 0.627036
2 243199373 12244 0.0686307 178404 0.875392
3 198022430 10507 0.0588944 178404 0.92311
4 191154276 14538 0.0814892 178404 1.32288
5 180915260 7653 0.042897 178404 0.735798
6 171115067 6459 0.0362043 178404 0.655876
7 159138663 18589 0.104196 178404 2.03111
8 146364022 13451 0.0753963 178404 1.59738
9 141213431 7646 0.0428578 178404 0.941929
10 135534747 3625 0.0203191 178404 0.464967
11 135006516 13148 0.0736979 178404 1.6942
12 133851895 6527 0.0365855 178404 0.846887
13 115169878 2351 0.013178 178404 0.355201
14 107349540 6540 0.0366584 178404 1.05949
15 102531392 1959 0.0109807 178404 0.331743
16 90354753 1441 0.00807717 178404 0.277566
17 81195210 2106 0.0118047 178404 0.45056
18 78077248 5705 0.031978 178404 1.26897
19 59128983 1451 0.00813323 178404 0.425823
20 63025520 574 0.00321742 178404 0.158493
21 48129895 1845 0.0103417 178404 0.667206
22 51304566 899 0.00503912 178404 0.305401
X 155270560 18323 0.102705 178404 2.05
Y 59373566 177 0.00099213 178404 0.051944
