1 249250621 3794 0.0751168 50508 0.934289
2 243199373 4312 0.0853726 50508 1.08894
3 198022430 3728 0.0738101 50508 1.1569
4 191154276 3673 0.0727212 50508 1.18054
5 180915260 3974 0.0786806 50508 1.34958
6 171115067 3877 0.0767601 50508 1.39058
7 159138663 3079 0.0609606 50508 1.18832
8 146364022 2322 0.0459729 50508 0.974002
9 141213431 1639 0.0324503 50508 0.713194
10 135534747 1423 0.0281738 50508 0.644708
11 135006516 2695 0.0533579 50508 1.22662
12 133851895 1812 0.0358755 50508 0.830452
13 115169878 2078 0.041142 50508 1.10895
14 107349540 1230 0.0243526 50508 0.703832
15 102531392 1253 0.024808 50508 0.749485
16 90354753 1004 0.019878 50508 0.683094
17 81195210 846 0.0167498 50508 0.639306
18 78077248 949 0.0187891 50508 0.745599
19 59128983 374 0.00740477 50508 0.387684
20 63025520 572 0.0113249 50508 0.557879
21 48129895 550 0.0108894 50508 0.70254
22 51304566 234 0.00463293 50508 0.280784
X 155270560 2379 0.0471014 50508 0.940149
Y 59373566 31 0.000613764 50508 0.0321342
