1 249250621 24 0.000596466 40237 0.00741873
2 243199373 34 0.000844993 40237 0.010778
3 198022430 37 0.000919552 40237 0.014413
4 191154276 22 0.00054676 40237 0.00887598
5 180915260 33 0.000820141 40237 0.0140676
6 171115067 15 0.000372791 40237 0.00675346
7 159138663 37 0.000919552 40237 0.017925
8 146364022 19 0.000472202 40237 0.0100043
9 141213431 23 0.000571613 40237 0.0125629
10 135534747 13 0.000323086 40237 0.00739327
11 135006516 14 0.000347938 40237 0.00799859
12 133851895 16 0.000397644 40237 0.00920472
13 115169878 29 0.00072073 40237 0.0194267
14 107349540 3 7.45582e-05 40237 0.00215486
15 102531392 5 0.000124264 40237 0.00375419
16 90354753 7 0.000173969 40237 0.00597832
17 81195210 12 0.000298233 40237 0.0113829
18 78077248 0 0 40237 0
19 59128983 5 0.000124264 40237 0.00650595
20 63025520 49 0.00121778 40237 0.0599894
21 48129895 5 0.000124264 40237 0.00801702
22 51304566 6 0.000149116 40237 0.00903736
X 155270560 6 0.000149116 40237 0.00297638
Y 59373566 0 0 40237 0
