1 249250621 1461 0.0790927 18472 0.98374
2 243199373 1713 0.092735 18472 1.18284
3 198022430 1481 0.0801754 18472 1.25667
4 191154276 1613 0.0873214 18472 1.41755
5 180915260 1392 0.0753573 18472 1.29258
6 171115067 1329 0.0719467 18472 1.30338
7 159138663 914 0.0494803 18472 0.964528
8 146364022 501 0.0271221 18472 0.574621
9 141213431 643 0.0348094 18472 0.765043
10 135534747 770 0.0416847 18472 0.953884
11 135006516 671 0.0363252 18472 0.835063
12 133851895 858 0.0464487 18472 1.0752
13 115169878 952 0.0515375 18472 1.38915
14 107349540 368 0.019922 18472 0.575782
15 102531392 191 0.01034 18472 0.312386
16 90354753 148 0.00801213 18472 0.275331
17 81195210 236 0.0127761 18472 0.487637
18 78077248 621 0.0336184 18472 1.33407
19 59128983 102 0.00552187 18472 0.289103
20 63025520 262 0.0141836 18472 0.698701
21 48129895 214 0.0115851 18472 0.747426
22 51304566 77 0.00416847 18472 0.252635
X 155270560 773 0.0418471 18472 0.835272
Y 59373566 9 0.000487224 18472 0.0255091
