1 249250621 805 0.0722751 11138 0.898944
2 243199373 854 0.0766744 11138 0.97799
3 198022430 937 0.0841264 11138 1.3186
4 191154276 618 0.0554857 11138 0.900742
5 180915260 980 0.0879871 11138 1.50921
6 171115067 706 0.0633866 11138 1.14831
7 159138663 502 0.0450709 11138 0.878576
8 146364022 461 0.0413898 11138 0.876903
9 141213431 507 0.0455198 11138 1.00044
10 135534747 519 0.0465972 11138 1.0663
11 135006516 357 0.0320524 11138 0.736838
12 133851895 331 0.0297181 11138 0.687919
13 115169878 554 0.0497396 11138 1.34069
14 107349540 289 0.0259472 11138 0.749919
15 102531392 228 0.0204705 11138 0.618443
16 90354753 256 0.0229844 11138 0.789841
17 81195210 206 0.0184952 11138 0.705925
18 78077248 245 0.0219968 11138 0.872888
19 59128983 137 0.0123002 11138 0.643991
20 63025520 161 0.014455 11138 0.71207
21 48129895 57 0.00511762 11138 0.330169
22 51304566 43 0.00386066 11138 0.233979
X 155270560 714 0.0641049 11138 1.27954
Y 59373566 4 0.000359131 11138 0.0188027
