1 249250621 6897 0.0722494 95461 0.898624
2 243199373 9504 0.099559 95461 1.26988
3 198022430 8296 0.0869046 95461 1.36214
4 191154276 8948 0.0937346 95461 1.52167
5 180915260 5813 0.060894 95461 1.04449
6 171115067 7819 0.0819078 95461 1.48384
7 159138663 5485 0.057458 95461 1.12004
8 146364022 3846 0.0402887 95461 0.853574
9 141213431 2339 0.0245022 95461 0.538509
10 135534747 3044 0.0318874 95461 0.729688
11 135006516 2441 0.0255707 95461 0.587831
12 133851895 3269 0.0342444 95461 0.792693
13 115169878 5944 0.0622663 95461 1.67834
14 107349540 2765 0.0289647 95461 0.83713
15 102531392 1398 0.0146447 95461 0.442439
16 90354753 1955 0.0204796 95461 0.703765
17 81195210 1171 0.0122668 95461 0.468198
18 78077248 2438 0.0255392 95461 1.01346
19 59128983 299 0.00313217 95461 0.163988
20 63025520 1161 0.012162 95461 0.599115
21 48129895 665 0.0069662 95461 0.449432
22 51304566 371 0.0038864 95461 0.23554
X 155270560 4619 0.0483863 95461 0.965793
Y 59373566 52 0.000544725 95461 0.0285196
