1 249250621 4577 0.0907451 50438 1.12867
2 243199373 4361 0.0864626 50438 1.10284
3 198022430 3931 0.0779373 50438 1.22159
4 191154276 4173 0.0827352 50438 1.3431
5 180915260 3564 0.070661 50438 1.21202
6 171115067 3893 0.0771839 50438 1.39826
7 159138663 2725 0.0540267 50438 1.05315
8 146364022 2118 0.0419921 50438 0.889664
9 141213431 1245 0.0246838 50438 0.5425
10 135534747 1530 0.0303343 50438 0.694148
11 135006516 2107 0.0417741 50438 0.960323
12 133851895 2211 0.043836 50438 1.01472
13 115169878 2446 0.0484952 50438 1.30715
14 107349540 1064 0.0210952 50438 0.609688
15 102531392 766 0.015187 50438 0.458821
16 90354753 692 0.0137198 50438 0.471471
17 81195210 557 0.0110433 50438 0.421499
18 78077248 1489 0.0295214 50438 1.17148
19 59128983 467 0.00925889 50438 0.484759
20 63025520 454 0.00900115 50438 0.443406
21 48129895 733 0.0145327 50438 0.937593
22 51304566 204 0.00404457 50438 0.245125
X 155270560 2062 0.0408819 50438 0.816005
Y 59373566 31 0.000614616 50438 0.0321788
