1 249250621 3592 0.0678235 52961 0.843576
2 243199373 4660 0.0879893 52961 1.12231
3 198022430 4252 0.0802855 52961 1.25839
4 191154276 3196 0.0603463 52961 0.979648
5 180915260 4711 0.0889522 52961 1.52577
6 171115067 3651 0.0689375 52961 1.24887
7 159138663 3231 0.0610072 52961 1.18922
8 146364022 2921 0.0551538 52961 1.16851
9 141213431 1250 0.0236023 52961 0.518731
10 135534747 1750 0.0330432 52961 0.756137
11 135006516 2426 0.0458073 52961 1.05304
12 133851895 1866 0.0352335 52961 0.81559
13 115169878 2867 0.0541342 52961 1.45914
14 107349540 1478 0.0279073 52961 0.80657
15 102531392 1000 0.0188818 52961 0.570448
16 90354753 1075 0.020298 52961 0.697524
17 81195210 873 0.0164838 52961 0.629154
18 78077248 1148 0.0216763 52961 0.860172
19 59128983 477 0.00900663 52961 0.471551
20 63025520 211 0.00398406 52961 0.196259
21 48129895 494 0.00932762 52961 0.601782
22 51304566 285 0.00538132 52961 0.326141
X 155270560 3331 0.0628953 52961 1.2554
Y 59373566 41 0.000774155 52961 0.0405317
