1 249250621 7451 0.0733482 101584 0.912291
2 243199373 7018 0.0690857 101584 0.881195
3 198022430 5755 0.0566526 101584 0.887972
4 191154276 8467 0.0833497 101584 1.35308
5 180915260 7310 0.0719602 101584 1.23431
6 171115067 5902 0.0580997 101584 1.05253
7 159138663 5769 0.0567904 101584 1.10703
8 146364022 4003 0.0394058 101584 0.834869
9 141213431 3877 0.0381655 101584 0.838801
10 135534747 3850 0.0378997 101584 0.867269
11 135006516 5911 0.0581883 101584 1.33766
12 133851895 5274 0.0519176 101584 1.2018
13 115169878 4852 0.0477634 101584 1.28742
14 107349540 1328 0.0130729 101584 0.37783
15 102531392 996 0.00980469 101584 0.296214
16 90354753 2189 0.0215487 101584 0.740504
17 81195210 1531 0.0150713 101584 0.575239
18 78077248 2554 0.0251418 101584 0.997689
19 59128983 946 0.00931249 101584 0.487565
20 63025520 1077 0.0106021 101584 0.522269
21 48129895 1503 0.0147956 101584 0.954557
22 51304566 236 0.0023232 101584 0.1408
X 155270560 5387 0.05303 101584 1.05848
Y 59373566 55 0.000541424 101584 0.0283468
