1 249250621 23 0.000957775 24014 0.0119126
2 243199373 14 0.000582993 24014 0.00743614
3 198022430 17 0.00070792 24014 0.0110959
4 191154276 22 0.000916132 24014 0.0148723
5 180915260 14 0.000582993 24014 0.00999988
6 171115067 10 0.000416424 24014 0.00754391
7 159138663 14 0.000582993 24014 0.0113644
8 146364022 17 0.00070792 24014 0.0149983
9 141213431 7 0.000291497 24014 0.00640652
10 135534747 8 0.000333139 24014 0.00762332
11 135006516 7 0.000291497 24014 0.00670107
12 133851895 9 0.000374781 24014 0.00867549
13 115169878 12 0.000499709 24014 0.0134692
14 107349540 7 0.000291497 24014 0.00842476
15 102531392 2 8.32848e-05 24014 0.00251616
16 90354753 3 0.000124927 24014 0.00429303
17 81195210 6 0.000249854 24014 0.00953642
18 78077248 9 0.000374781 24014 0.0148723
19 59128983 0 0 24014 0
20 63025520 6 0.000249854 24014 0.0123081
21 48129895 6 0.000249854 24014 0.0161196
22 51304566 2 8.32848e-05 24014 0.00504756
X 155270560 15 0.000624636 24014 0.0124678
Y 59373566 3 0.000124927 24014 0.00654069
