1 249250621 6713 0.0741916 90482 0.92278
2 243199373 8864 0.0979642 90482 1.24954
3 198022430 6962 0.0769435 90482 1.20601
4 191154276 7026 0.0776508 90482 1.26056
5 180915260 5729 0.0633165 90482 1.08605
6 171115067 6159 0.0680688 90482 1.23313
7 159138663 7284 0.0805022 90482 1.56924
8 146364022 2580 0.028514 90482 0.604109
9 141213431 2249 0.0248558 90482 0.546281
10 135534747 2039 0.0225349 90482 0.515672
11 135006516 4180 0.046197 90482 1.062
12 133851895 2513 0.0277735 90482 0.642905
13 115169878 6287 0.0694834 90482 1.87287
14 107349540 2574 0.0284476 90482 0.822186
15 102531392 1804 0.0199377 90482 0.602346
16 90354753 1515 0.0167437 90482 0.575384
17 81195210 892 0.00985831 90482 0.376272
18 78077248 1602 0.0177052 90482 0.702586
19 59128983 1474 0.0162905 90482 0.852907
20 63025520 1150 0.0127097 90482 0.626094
21 48129895 348 0.00384607 90482 0.248133
22 51304566 368 0.00406711 90482 0.246491
X 155270560 5696 0.0629517 90482 1.25652
Y 59373566 68 0.000751531 90482 0.0393472
