1 249250621 3655 0.0923283 39587 1.14836
2 243199373 3071 0.077576 39587 0.989489
3 198022430 2751 0.0694925 39587 1.08922
4 191154276 2758 0.0696693 39587 1.131
5 180915260 2715 0.0685831 39587 1.17638
6 171115067 2714 0.0685579 39587 1.24199
7 159138663 1949 0.0492333 39587 0.959714
8 146364022 2183 0.0551444 39587 1.16831
9 141213431 1554 0.0392553 39587 0.862754
10 135534747 1393 0.0351883 39587 0.805225
11 135006516 1816 0.0458736 39587 1.05457
12 133851895 1143 0.0288731 39587 0.668359
13 115169878 1022 0.0258166 39587 0.695864
14 107349540 809 0.020436 39587 0.590636
15 102531392 782 0.019754 39587 0.596796
16 90354753 669 0.0168995 39587 0.580738
17 81195210 609 0.0153838 39587 0.587169
18 78077248 823 0.0207897 39587 0.824986
19 59128983 419 0.0105843 39587 0.554151
20 63025520 260 0.00656781 39587 0.323538
21 48129895 874 0.022078 39587 1.42438
22 51304566 208 0.00525425 39587 0.318439
X 155270560 2535 0.0640362 39587 1.27817
Y 59373566 32 0.000808346 39587 0.0423218
