1 249250621 17 0.000490663 34647 0.00610277
2 243199373 43 0.00124109 34647 0.0158302
3 198022430 20 0.000577251 34647 0.00904781
4 191154276 20 0.000577251 34647 0.00937095
5 180915260 33 0.000952463 34647 0.0163373
6 171115067 12 0.00034635 34647 0.00627446
7 159138663 27 0.000779288 34647 0.0151908
8 146364022 20 0.000577251 34647 0.0122299
9 141213431 14 0.000404075 34647 0.00888078
10 135534747 9 0.000259763 34647 0.00594423
11 135006516 14 0.000404075 34647 0.00928909
12 133851895 8 0.0002309 34647 0.00534491
13 115169878 19 0.000548388 34647 0.0147813
14 107349540 8 0.0002309 34647 0.00667342
15 102531392 10 0.000288625 34647 0.0087198
16 90354753 10 0.000288625 34647 0.00991839
17 81195210 3 8.65876e-05 34647 0.00330487
18 78077248 1 2.88625e-05 34647 0.00114534
19 59128983 7 0.000202038 34647 0.0105779
20 63025520 21 0.000606113 34647 0.0298578
21 48129895 5 0.000144313 34647 0.00931049
22 51304566 6 0.000173175 34647 0.0104955
X 155270560 27 0.000779288 34647 0.0155547
Y 59373566 0 0 34647 0
