1 249250621 20 0.000800128 24996 0.00995184
2 243199373 43 0.00172028 24996 0.0219423
3 198022430 15 0.000600096 24996 0.00940589
4 191154276 22 0.000880141 24996 0.014288
5 180915260 14 0.00056009 24996 0.00960703
6 171115067 13 0.000520083 24996 0.0094218
7 159138663 24 0.000960154 24996 0.0187164
8 146364022 15 0.000600096 24996 0.0127139
9 141213431 18 0.000720115 24996 0.0158267
10 135534747 2 8.00128e-05 24996 0.00183096
11 135006516 6 0.000240038 24996 0.00551812
12 133851895 14 0.00056009 24996 0.012965
13 115169878 23 0.000920147 24996 0.0248018
14 107349540 8 0.000320051 24996 0.00925003
15 102531392 13 0.000520083 24996 0.0157125
16 90354753 5 0.000200032 24996 0.00687395
17 81195210 11 0.00044007 24996 0.0167966
18 78077248 6 0.000240038 24996 0.00952533
19 59128983 4 0.000160026 24996 0.0083783
20 63025520 27 0.00108017 24996 0.0532105
21 48129895 4 0.000160026 24996 0.0103242
22 51304566 2 8.00128e-05 24996 0.00484926
X 155270560 34 0.00136022 24996 0.0271501
Y 59373566 0 0 24996 0
