1 249250621 11191 0.0526816 212427 0.655244
2 243199373 14605 0.068753 212427 0.876952
3 198022430 12636 0.059484 212427 0.932351
4 191154276 9142 0.043036 212427 0.698636
5 180915260 19379 0.0912266 212427 1.56478
6 171115067 13738 0.0646716 212427 1.17159
7 159138663 13397 0.0630664 212427 1.22936
8 146364022 7124 0.0335362 212427 0.710513
9 141213431 220 0.00103565 212427 0.0227615
10 135534747 191 0.000899132 212427 0.0205751
11 135006516 5309 0.0249921 212427 0.574531
12 133851895 21409 0.100783 212427 2.33294
13 115169878 14704 0.0692191 212427 1.86574
14 107349540 5101 0.024013 212427 0.694016
15 102531392 8202 0.0386109 212427 1.16649
16 90354753 12598 0.0593051 212427 2.03798
17 81195210 2629 0.012376 212427 0.472367
18 78077248 3457 0.0162738 212427 0.645787
19 59128983 3673 0.0172906 212427 0.905269
20 63025520 6608 0.0311072 212427 1.53237
21 48129895 1810 0.00852057 212427 0.549714
22 51304566 89 0.000418967 212427 0.025392
X 155270560 14874 0.0700193 212427 1.39759
Y 59373566 170 0.000800275 212427 0.0418992
