1 249250621 23 0.000920995 24973 0.0114552
2 243199373 17 0.000680735 24973 0.00868285
3 198022430 19 0.000760822 24973 0.0119251
4 191154276 22 0.000880951 24973 0.0143012
5 180915260 9 0.000360389 24973 0.00618163
6 171115067 12 0.000480519 24973 0.00870505
7 159138663 18 0.000720778 24973 0.0140503
8 146364022 13 0.000520562 24973 0.0110289
9 141213431 4 0.000160173 24973 0.00352029
10 135534747 8 0.000320346 24973 0.00733057
11 135006516 13 0.000520562 24973 0.0119669
12 133851895 14 0.000560605 24973 0.012977
13 115169878 7 0.000280303 24973 0.00755533
14 107349540 2 8.00865e-05 24973 0.00231464
15 102531392 2 8.00865e-05 24973 0.00241953
16 90354753 12 0.000480519 24973 0.0165127
17 81195210 6 0.000240259 24973 0.00917021
18 78077248 7 0.000280303 24973 0.0111231
19 59128983 7 0.000280303 24973 0.0146755
20 63025520 29 0.00116125 24973 0.0572046
21 48129895 5 0.000200216 24973 0.0129172
22 51304566 7 0.000280303 24973 0.016988
X 155270560 6 0.000240259 24973 0.0047956
Y 59373566 2 8.00865e-05 24973 0.00419301
