1 249250621 34 0.000899971 37779 0.0111937
2 243199373 57 0.00150877 37779 0.0192446
3 198022430 54 0.00142937 37779 0.0224038
4 191154276 2941 0.0778475 37779 1.26376
5 180915260 30 0.000794092 37779 0.0136208
6 171115067 27 0.000714683 37779 0.0129472
7 159138663 29 0.000767622 37779 0.0149634
8 146364022 22 0.000582334 37779 0.0123376
9 141213431 12 0.000317637 37779 0.00698103
10 135534747 23 0.000608804 37779 0.0139314
11 135006516 22 0.000582334 37779 0.013387
12 133851895 18 0.000476455 37779 0.0110291
13 115169878 16 0.000423516 37779 0.0114155
14 107349540 11 0.000291167 37779 0.00841523
15 102531392 4 0.000105879 37779 0.00319876
16 90354753 3 7.94092e-05 37779 0.00272884
17 81195210 1227 0.0324784 37779 1.23963
18 78077248 17 0.000449985 37779 0.0178566
19 59128983 10 0.000264697 37779 0.0138585
20 63025520 19 0.000502925 37779 0.0247746
21 48129895 4 0.000105879 37779 0.0068309
22 51304566 4 0.000105879 37779 0.0064169
X 155270560 37 0.00097938 37779 0.0195485
Y 59373566 1 2.64697e-05 37779 0.00138585
