1 249250621 10250 0.0772565 132675 0.960901
2 243199373 13106 0.0987827 132675 1.25998
3 198022430 8017 0.0604259 132675 0.947114
4 191154276 11163 0.0841379 132675 1.36588
5 180915260 8609 0.0648879 132675 1.113
6 171115067 10838 0.0816883 132675 1.47986
7 159138663 8258 0.0622423 132675 1.2133
8 146364022 6206 0.046776 132675 0.991016
9 141213431 5556 0.0418768 132675 0.920368
10 135534747 4676 0.035244 132675 0.806499
11 135006516 4771 0.0359601 132675 0.826668
12 133851895 4170 0.0314302 132675 0.727551
13 115169878 5933 0.0447183 132675 1.20534
14 107349540 4005 0.0301865 132675 0.872444
15 102531392 2960 0.0223102 132675 0.674023
16 90354753 1661 0.0125193 132675 0.430217
17 81195210 2440 0.0183908 132675 0.701939
18 78077248 962 0.0072508 132675 0.28773
19 59128983 853 0.00642924 132675 0.33661
20 63025520 960 0.00723573 132675 0.35644
21 48129895 1528 0.0115169 132675 0.743024
22 51304566 1076 0.00811004 132675 0.491518
X 155270560 7781 0.0586471 132675 1.1706
Y 59373566 78 0.000587903 132675 0.0307802
