1 249250621 39 0.000723508 53904 0.00899886
2 243199373 64 0.0011873 53904 0.0151441
3 198022430 40 0.00074206 53904 0.011631
4 191154276 39 0.000723508 53904 0.0117453
5 180915260 35 0.000649302 53904 0.0111373
6 171115067 39 0.000723508 53904 0.013107
7 159138663 45 0.000834817 53904 0.0162732
8 146364022 25 0.000463787 53904 0.00982601
9 141213431 19 0.000352478 53904 0.00774678
10 135534747 15 0.000278272 53904 0.00636779
11 135006516 39 0.000723508 53904 0.0166324
12 133851895 28 0.000519442 53904 0.0120241
13 115169878 24 0.000445236 53904 0.012001
14 107349540 17 0.000315375 53904 0.0091149
15 102531392 6 0.000111309 53904 0.00336281
16 90354753 18 0.000333927 53904 0.0114752
17 81195210 8 0.000148412 53904 0.00566458
18 78077248 30 0.000556545 53904 0.0220851
19 59128983 6 0.000111309 53904 0.0058277
20 63025520 21 0.000389581 53904 0.0191912
21 48129895 8 0.000148412 53904 0.00957497
22 51304566 4 7.4206e-05 53904 0.00449733
X 155270560 33 0.000612199 53904 0.0122196
Y 59373566 2 3.7103e-05 53904 0.00194257
