1 249250621 5304 0.0764177 69408 0.950469
2 243199373 5479 0.078939 69408 1.00688
3 198022430 3187 0.0459169 69408 0.719701
4 191154276 5107 0.0735794 69408 1.19447
5 180915260 3064 0.0441448 69408 0.7572
6 171115067 5526 0.0796162 69408 1.44232
7 159138663 3237 0.0466373 69408 0.909109
8 146364022 3416 0.0492162 69408 1.04272
9 141213431 3382 0.0487264 69408 1.07091
10 135534747 2256 0.0325035 69408 0.743786
11 135006516 1846 0.0265964 69408 0.611411
12 133851895 3315 0.0477611 69408 1.10558
13 115169878 4366 0.0629034 69408 1.69551
14 107349540 1440 0.0207469 69408 0.599621
15 102531392 888 0.0127939 69408 0.386523
16 90354753 2162 0.0311491 69408 1.07042
17 81195210 1155 0.0166407 69408 0.635142
18 78077248 2364 0.0340595 69408 1.35157
19 59128983 409 0.00589269 69408 0.308518
20 63025520 1050 0.0151279 69408 0.745219
21 48129895 314 0.00452397 69408 0.291869
22 51304566 374 0.00538843 69408 0.326571
X 155270560 5275 0.0759999 69408 1.51696
Y 59373566 43 0.000619525 69408 0.0324359
