1 249250621 3408 0.130926 26030 1.62843
2 243199373 729 0.0280061 26030 0.357221
3 198022430 1526 0.0586247 26030 0.918882
4 191154276 1768 0.0679216 26030 1.10262
5 180915260 1514 0.0581637 26030 0.997661
6 171115067 912 0.0350365 26030 0.634719
7 159138663 1875 0.0720323 26030 1.40414
8 146364022 1026 0.0394161 26030 0.835086
9 141213431 545 0.0209374 26030 0.460162
10 135534747 776 0.0298118 26030 0.682191
11 135006516 489 0.018786 26030 0.431862
12 133851895 1215 0.0466769 26030 1.08048
13 115169878 315 0.0121014 26030 0.326184
14 107349540 1057 0.040607 26030 1.17361
15 102531392 540 0.0207453 26030 0.626746
16 90354753 407 0.0156358 26030 0.537313
17 81195210 541 0.0207837 26030 0.793271
18 78077248 1049 0.0402997 26030 1.59919
19 59128983 328 0.0126008 26030 0.65973
20 63025520 507 0.0194775 26030 0.959484
21 48129895 342 0.0131387 26030 0.847657
22 51304566 126 0.00484057 26030 0.293368
X 155270560 1894 0.0727622 26030 1.45234
Y 59373566 20 0.000768344 26030 0.0402274
