1 249250621 3207 0.0788096 40693 0.980219
2 243199373 4168 0.102425 40693 1.30645
3 198022430 2247 0.0552183 40693 0.865491
4 191154276 3615 0.0888359 40693 1.44214
5 180915260 2044 0.0502298 40693 0.861574
6 171115067 3243 0.0796943 40693 1.44374
7 159138663 2791 0.0685867 40693 1.33697
8 146364022 1999 0.0491239 40693 1.04076
9 141213431 1543 0.0379181 40693 0.833364
10 135534747 1697 0.0417025 40693 0.954291
11 135006516 757 0.0186027 40693 0.427648
12 133851895 1244 0.0305704 40693 0.707647
13 115169878 2139 0.0525643 40693 1.41683
14 107349540 1613 0.0396383 40693 1.14561
15 102531392 859 0.0211093 40693 0.637743
16 90354753 422 0.0103703 40693 0.356369
17 81195210 546 0.0134175 40693 0.51212
18 78077248 849 0.0208635 40693 0.827918
19 59128983 235 0.00577495 40693 0.302353
20 63025520 421 0.0103458 40693 0.509643
21 48129895 354 0.00869928 40693 0.561244
22 51304566 276 0.00678249 40693 0.41106
X 155270560 2536 0.0623203 40693 1.24392
Y 59373566 25 0.000614356 40693 0.0321653
