1 249250621 3363 0.100071 33606 1.24467
2 243199373 2985 0.0888234 33606 1.13295
3 198022430 2814 0.083735 33606 1.31246
4 191154276 2230 0.0663572 33606 1.07723
5 180915260 1769 0.0526394 33606 0.902906
6 171115067 2117 0.0629947 33606 1.14121
7 159138663 2400 0.0714158 33606 1.39212
8 146364022 1140 0.0339225 33606 0.718697
9 141213431 1436 0.0427305 33606 0.939131
10 135534747 1140 0.0339225 33606 0.776259
11 135006516 1548 0.0460632 33606 1.05892
12 133851895 1075 0.0319883 33606 0.740471
13 115169878 1777 0.0528775 33606 1.42527
14 107349540 1058 0.0314825 33606 0.909898
15 102531392 754 0.0224365 33606 0.677839
16 90354753 774 0.0230316 33606 0.791464
17 81195210 566 0.0168422 33606 0.642833
18 78077248 602 0.0179135 33606 0.710852
19 59128983 219 0.00651669 33606 0.341188
20 63025520 371 0.0110397 33606 0.543827
21 48129895 277 0.00824258 33606 0.531779
22 51304566 220 0.00654645 33606 0.396755
X 155270560 1408 0.0418973 33606 0.836273
Y 59373566 10 0.000297566 33606 0.0155794
