1 249250621 13493 0.0748239 180330 0.930646
2 243199373 18486 0.102512 180330 1.30755
3 198022430 12873 0.0713858 180330 1.1189
4 191154276 12539 0.0695336 180330 1.12879
5 180915260 11726 0.0650252 180330 1.11536
6 171115067 13036 0.0722897 180330 1.3096
7 159138663 12235 0.0678478 180330 1.32257
8 146364022 9209 0.0510675 180330 1.08194
9 141213431 5878 0.0325958 180330 0.716391
10 135534747 7481 0.0414851 180330 0.949315
11 135006516 4145 0.0229856 180330 0.528405
12 133851895 7564 0.0419453 180330 0.970957
13 115169878 10177 0.0564354 180330 1.52117
14 107349540 4026 0.0223257 180330 0.645252
15 102531392 4368 0.0242223 180330 0.73179
16 90354753 1660 0.00920535 180330 0.316335
17 81195210 2887 0.0160095 180330 0.611051
18 78077248 3421 0.0189708 180330 0.752809
19 59128983 1481 0.00821272 180330 0.429985
20 63025520 2277 0.0126269 180330 0.622012
21 48129895 1936 0.0107359 180330 0.692637
22 51304566 1410 0.007819 180330 0.473879
X 155270560 11141 0.0617812 180330 1.23316
Y 59373566 120 0.000665447 180330 0.0348401
