1 249250621 5792 0.080165 72251 0.997077
2 243199373 6742 0.0933136 72251 1.19022
3 198022430 5524 0.0764557 72251 1.19837
4 191154276 6219 0.0860749 72251 1.39732
5 180915260 4188 0.0579646 72251 0.994247
6 171115067 3991 0.055238 72251 1.00069
7 159138663 4952 0.0685388 72251 1.33604
8 146364022 4411 0.0610511 72251 1.29345
9 141213431 2057 0.0284702 72251 0.625719
10 135534747 1571 0.0217436 72251 0.497566
11 135006516 3916 0.0541999 72251 1.24598
12 133851895 2600 0.0359857 72251 0.833001
13 115169878 5174 0.0716115 72251 1.93023
14 107349540 1013 0.0140206 72251 0.405219
15 102531392 523 0.00723865 72251 0.21869
16 90354753 735 0.0101729 72251 0.349583
17 81195210 869 0.0120275 72251 0.459065
18 78077248 1405 0.0194461 72251 0.771671
19 59128983 230 0.00318335 72251 0.166667
20 63025520 452 0.00625597 72251 0.308176
21 48129895 1208 0.0167195 72251 1.07868
22 51304566 313 0.00433212 72251 0.262553
X 155270560 4178 0.0578262 72251 1.15422
Y 59373566 45 0.000622829 72251 0.0326088
