1 249250621 2918 0.0798599 36539 0.993282
2 243199373 2274 0.0622349 36539 0.793812
3 198022430 2433 0.0665864 36539 1.04367
4 191154276 2950 0.0807357 36539 1.31064
5 180915260 2347 0.0642327 36539 1.10176
6 171115067 2798 0.0765757 36539 1.38724
7 159138663 1660 0.0454309 36539 0.885593
8 146364022 1242 0.0339911 36539 0.72015
9 141213431 1587 0.043433 36539 0.954572
10 135534747 1819 0.0497824 36539 1.13919
11 135006516 1072 0.0293385 36539 0.674449
12 133851895 1199 0.0328143 36539 0.759589
13 115169878 1400 0.0383152 36539 1.03276
14 107349540 834 0.0228249 36539 0.65968
15 102531392 596 0.0163113 36539 0.49279
16 90354753 827 0.0226334 36539 0.777778
17 81195210 595 0.016284 36539 0.621526
18 78077248 1030 0.0281891 36539 1.11861
19 59128983 255 0.00697884 36539 0.365385
20 63025520 723 0.0197871 36539 0.974733
21 48129895 345 0.00944197 36539 0.609159
22 51304566 130 0.00355784 36539 0.215627
X 155270560 2967 0.0812009 36539 1.62078
Y 59373566 28 0.000766304 36539 0.0401207
