1 249250621 3973 0.0800395 49638 0.995516
2 243199373 4727 0.0952295 49638 1.21466
3 198022430 2920 0.0588259 49638 0.922036
4 191154276 2954 0.0595109 49638 0.966085
5 180915260 3636 0.0732503 49638 1.25644
6 171115067 2764 0.0556831 49638 1.00875
7 159138663 1908 0.0384383 49638 0.749284
8 146364022 2355 0.0474435 49638 1.00516
9 141213431 1527 0.0307627 49638 0.676104
10 135534747 1271 0.0256054 49638 0.585936
11 135006516 1354 0.0272775 49638 0.627069
12 133851895 2044 0.0411781 49638 0.953197
13 115169878 3204 0.0645473 49638 1.73982
14 107349540 1448 0.0291712 49638 0.843098
15 102531392 721 0.0145252 49638 0.438827
16 90354753 1889 0.0380555 49638 1.30775
17 81195210 553 0.0111407 49638 0.425216
18 78077248 2316 0.0466578 49638 1.8515
19 59128983 657 0.0132358 49638 0.692975
20 63025520 635 0.0127926 49638 0.630178
21 48129895 538 0.0108385 49638 0.699256
22 51304566 202 0.00406946 49638 0.246634
X 155270560 3254 0.0655546 49638 1.30848
Y 59373566 16 0.000322334 49638 0.0168761
