1 249250621 7 0.000953678 7340 0.0118617
2 243199373 8 0.00108992 7340 0.013902
3 198022430 6 0.000817439 7340 0.0128125
4 191154276 0 0 7340 0
5 180915260 8 0.00108992 7340 0.018695
6 171115067 4 0.000544959 7340 0.00987245
7 159138663 3 0.000408719 7340 0.00796724
8 146364022 5 0.000681199 7340 0.0144322
9 141213431 2 0.00027248 7340 0.00598856
10 135534747 6 0.000817439 7340 0.0187057
11 135006516 4 0.000544959 7340 0.0125278
12 133851895 2 0.00027248 7340 0.0063074
13 115169878 2 0.00027248 7340 0.00734446
14 107349540 2 0.00027248 7340 0.00787513
15 102531392 0 0 7340 0
16 90354753 0 0 7340 0
17 81195210 1 0.00013624 7340 0.00519999
18 78077248 0 0 7340 0
19 59128983 4 0.000544959 7340 0.0285319
20 63025520 2 0.00027248 7340 0.0134226
21 48129895 0 0 7340 0
22 51304566 0 0 7340 0
X 155270560 5 0.000681199 7340 0.0135968
Y 59373566 0 0 7340 0
