1 249250621 4284 0.0862371 49677 1.0726
2 243199373 4951 0.0996638 49677 1.27122
3 198022430 3743 0.0753467 49677 1.18098
4 191154276 4917 0.0989794 49677 1.60681
5 180915260 3162 0.0636512 49677 1.09179
6 171115067 3343 0.0672947 49677 1.21911
7 159138663 3612 0.0727097 49677 1.41734
8 146364022 2176 0.043803 49677 0.928029
9 141213431 1285 0.0258671 49677 0.568508
10 135534747 1445 0.0290879 49677 0.665627
11 135006516 1548 0.0311613 49677 0.716352
12 133851895 2367 0.0476478 49677 1.10296
13 115169878 2594 0.0522173 49677 1.40748
14 107349540 858 0.0172716 49677 0.499178
15 102531392 743 0.0149566 49677 0.451862
16 90354753 660 0.0132858 49677 0.456558
17 81195210 883 0.0177748 49677 0.678428
18 78077248 792 0.015943 49677 0.632658
19 59128983 223 0.004489 49677 0.235026
20 63025520 431 0.00867605 49677 0.427391
21 48129895 379 0.00762929 49677 0.492212
22 51304566 89 0.00179157 49677 0.10858
X 155270560 2869 0.0577531 49677 1.15276
Y 59373566 46 0.000925982 49677 0.0484807
