1 249250621 3640 0.095797 37997 1.19151
2 243199373 3499 0.0920862 37997 1.17457
3 198022430 2083 0.0548201 37997 0.859249
4 191154276 3434 0.0903756 37997 1.46714
5 180915260 3121 0.0821381 37997 1.40889
6 171115067 3440 0.0905335 37997 1.6401
7 159138663 1870 0.0492144 37997 0.959345
8 146364022 1070 0.0281601 37997 0.596613
9 141213431 1161 0.030555 37997 0.671539
10 135534747 644 0.0169487 37997 0.387842
11 135006516 1402 0.0368976 37997 0.848222
12 133851895 1028 0.0270548 37997 0.626268
13 115169878 2007 0.05282 37997 1.42372
14 107349540 1061 0.0279233 37997 0.807031
15 102531392 729 0.0191857 37997 0.579629
16 90354753 438 0.0115272 37997 0.396125
17 81195210 618 0.0162644 37997 0.62078
18 78077248 886 0.0233176 37997 0.925303
19 59128983 225 0.00592152 37997 0.310027
20 63025520 629 0.0165539 37997 0.815465
21 48129895 482 0.0126852 37997 0.818401
22 51304566 157 0.00413191 37997 0.250418
X 155270560 2255 0.0593468 37997 1.18457
Y 59373566 15 0.000394768 37997 0.0206685
