1 249250621 6380 0.104105 61284 1.29484
2 243199373 5898 0.0962405 61284 1.22756
3 198022430 3698 0.060342 61284 0.9458
4 191154276 3301 0.053864 61284 0.874415
5 180915260 5036 0.0821748 61284 1.40952
6 171115067 4239 0.0691698 61284 1.25308
7 159138663 4322 0.0705241 61284 1.37474
8 146364022 2933 0.0478591 61284 1.01396
9 141213431 2337 0.0381339 61284 0.838108
10 135534747 2373 0.0387214 61284 0.886072
11 135006516 2154 0.0351478 61284 0.807996
12 133851895 1928 0.0314601 61284 0.728243
13 115169878 3902 0.0636708 61284 1.71619
14 107349540 1334 0.0217675 61284 0.629119
15 102531392 544 0.00887671 61284 0.268178
16 90354753 521 0.0085014 61284 0.292144
17 81195210 1078 0.0175902 61284 0.671383
18 78077248 2037 0.0332387 61284 1.319
19 59128983 300 0.00489524 61284 0.256295
20 63025520 449 0.00732655 61284 0.360914
21 48129895 472 0.00770185 61284 0.496893
22 51304566 252 0.004112 61284 0.249212
X 155270560 3003 0.0490014 61284 0.978071
Y 59373566 41 0.000669016 61284 0.035027
