1 249250621 9514 0.0793005 119974 0.986325
2 243199373 8777 0.0731575 119974 0.933132
3 198022430 9680 0.0806841 119974 1.26464
4 191154276 7325 0.0610549 119974 0.991151
5 180915260 6382 0.0531949 119974 0.912433
6 171115067 6389 0.0532532 119974 0.964732
7 159138663 8773 0.0731242 119974 1.42542
8 146364022 6619 0.0551703 119974 1.16886
9 141213431 3446 0.0287229 119974 0.631272
10 135534747 2683 0.0223632 119974 0.511743
11 135006516 7021 0.058521 119974 1.34531
12 133851895 6154 0.0512944 119974 1.18737
13 115169878 5815 0.0484688 119974 1.30644
14 107349540 3825 0.0318819 119974 0.921442
15 102531392 2155 0.0179622 119974 0.542665
16 90354753 1108 0.00923533 119974 0.317365
17 81195210 1336 0.0111357 119974 0.425028
18 78077248 1848 0.0154033 119974 0.611244
19 59128983 693 0.00577625 119974 0.302422
20 63025520 1397 0.0116442 119974 0.573605
21 48129895 1637 0.0136446 119974 0.880298
22 51304566 452 0.00376748 119974 0.228332
X 155270560 7771 0.0647724 119974 1.29286
Y 59373566 107 0.00089186 119974 0.0466942
