1 249250621 2 0.000430756 4643 0.00535766
2 243199373 2 0.000430756 4643 0.00549434
3 198022430 2 0.000430756 4643 0.00675166
4 191154276 0 0 4643 0
5 180915260 8 0.00172302 4643 0.0295544
6 171115067 3 0.000646134 4643 0.0117053
7 159138663 0 0 4643 0
8 146364022 3 0.000646134 4643 0.0136893
9 141213431 6 0.00129227 4643 0.0284015
10 135534747 6 0.00129227 4643 0.0295713
11 135006516 2 0.000430756 4643 0.00990244
12 133851895 1 0.000215378 4643 0.0049856
13 115169878 2 0.000430756 4643 0.0116107
14 107349540 2 0.000430756 4643 0.0124496
15 102531392 4 0.000861512 4643 0.0260276
16 90354753 0 0 4643 0
17 81195210 1 0.000215378 4643 0.00822053
18 78077248 1 0.000215378 4643 0.00854675
19 59128983 1 0.000215378 4643 0.0112763
20 63025520 2 0.000430756 4643 0.0212195
21 48129895 0 0 4643 0
22 51304566 0 0 4643 0
X 155270560 6 0.00129227 4643 0.0257938
Y 59373566 0 0 4643 0
