1 249250621 7721 0.08378 92158 1.04204
2 243199373 8728 0.0947069 92158 1.208
3 198022430 6176 0.0670153 92158 1.0504
4 191154276 7449 0.0808286 92158 1.31215
5 180915260 7021 0.0761844 92158 1.30676
6 171115067 6748 0.0732221 92158 1.32649
7 159138663 5282 0.0573146 92158 1.11724
8 146364022 4354 0.0472449 92158 1.00095
9 141213431 3362 0.0364808 92158 0.801776
10 135534747 3461 0.0375551 92158 0.859384
11 135006516 3560 0.0386293 92158 0.88803
12 133851895 4049 0.0439354 92158 1.01702
13 115169878 4135 0.0448686 92158 1.2094
14 107349540 2289 0.0248378 92158 0.717855
15 102531392 1725 0.0187179 92158 0.565494
16 90354753 1896 0.0205734 92158 0.706988
17 81195210 671 0.00728097 92158 0.2779
18 78077248 2130 0.0231125 92158 0.917162
19 59128983 510 0.00553397 92158 0.289737
20 63025520 885 0.00960307 92158 0.473058
21 48129895 1098 0.0119143 92158 0.768666
22 51304566 322 0.003494 92158 0.211758
X 155270560 4312 0.0467892 92158 0.933916
Y 59373566 62 0.000672758 92158 0.0352229
