1 249250621 5302 0.0500514 105931 0.62253
2 243199373 5579 0.0526664 105931 0.671765
3 198022430 3851 0.0363539 105931 0.56981
4 191154276 4722 0.0445762 105931 0.723639
5 180915260 4174 0.039403 105931 0.675866
6 171115067 2761 0.0260641 105931 0.472176
7 159138663 4380 0.0413477 105931 0.805997
8 146364022 2922 0.027584 105931 0.584407
9 141213431 2021 0.0190785 105931 0.419307
10 135534747 3020 0.0285091 105931 0.652383
11 135006516 2621 0.0247425 105931 0.568794
12 133851895 1831 0.0172848 105931 0.400112
13 115169878 3489 0.0329365 105931 0.887777
14 107349540 1968 0.0185781 105931 0.53694
15 102531392 681 0.00642871 105931 0.194221
16 90354753 1420 0.013405 105931 0.460651
17 81195210 1145 0.0108089 105931 0.412554
18 78077248 1643 0.0155101 105931 0.61548
19 59128983 347 0.00327572 105931 0.171504
20 63025520 663 0.00625879 105931 0.308315
21 48129895 879 0.00829785 105931 0.535345
22 51304566 190 0.00179362 105931 0.108704
X 155270560 3029 0.0285941 105931 0.57074
Y 59373566 32 0.000302083 105931 0.0158159
