1 249250621 2294 0.0628683 36489 0.781944
2 243199373 2565 0.0702952 36489 0.896622
3 198022430 2773 0.0759955 36489 1.19115
4 191154276 3291 0.0901916 36489 1.46415
5 180915260 3017 0.0826825 36489 1.41822
6 171115067 2898 0.0794212 36489 1.43879
7 159138663 1782 0.0488366 36489 0.951981
8 146364022 1534 0.0420401 36489 0.890679
9 141213431 1428 0.0391351 36489 0.860112
10 135534747 756 0.0207186 36489 0.474109
11 135006516 1750 0.0479597 36489 1.10252
12 133851895 1383 0.0379018 36489 0.877357
13 115169878 1586 0.0434652 36489 1.17157
14 107349540 1029 0.0282003 36489 0.815037
15 102531392 503 0.013785 36489 0.416465
16 90354753 875 0.0239798 36489 0.824049
17 81195210 165 0.00452191 36489 0.172592
18 78077248 1055 0.0289128 36489 1.14733
19 59128983 214 0.00586478 36489 0.307057
20 63025520 391 0.0107156 36489 0.52786
21 48129895 272 0.0074543 36489 0.480923
22 51304566 85 0.00232947 36489 0.14118
X 155270560 2561 0.0701855 36489 1.40091
Y 59373566 20 0.00054811 36489 0.0286969
