1 249250621 39 0.00149557 26077 0.0186016
2 243199373 39 0.00149557 26077 0.0190762
3 198022430 33 0.00126548 26077 0.0198352
4 191154276 36 0.00138053 26077 0.0224112
5 180915260 29 0.00111209 26077 0.0190753
6 171115067 30 0.00115044 26077 0.0208413
7 159138663 39 0.00149557 26077 0.0291534
8 146364022 22 0.000843655 26077 0.0178741
9 141213431 15 0.00057522 26077 0.0126422
10 135534747 17 0.000651915 26077 0.014918
11 135006516 32 0.00122714 26077 0.02821
12 133851895 18 0.000690263 26077 0.0159783
13 115169878 28 0.00107374 26077 0.0289419
14 107349540 13 0.000498524 26077 0.0144082
15 102531392 19 0.000728611 26077 0.0220124
16 90354753 5 0.00019174 26077 0.006589
17 81195210 11 0.000421828 26077 0.0161003
18 78077248 13 0.000498524 26077 0.0197827
19 59128983 2 7.66959e-05 26077 0.00401549
20 63025520 24 0.000920351 26077 0.0453375
21 48129895 3 0.000115044 26077 0.00742219
22 51304566 1 3.8348e-05 26077 0.00232412
X 155270560 22 0.000843655 26077 0.0168394
Y 59373566 0 0 26077 0
