1 249250621 3408 0.062132 54851 0.772786
2 243199373 4816 0.0878015 54851 1.11992
3 198022430 4784 0.0872181 54851 1.36705
4 191154276 5795 0.10565 54851 1.71509
5 180915260 3199 0.0583216 54851 1.00037
6 171115067 4055 0.0739275 54851 1.33927
7 159138663 3920 0.0714663 54851 1.39311
8 146364022 1411 0.0257242 54851 0.545005
9 141213431 1859 0.0338918 54851 0.744875
10 135534747 2215 0.0403821 54851 0.924076
11 135006516 1985 0.0361889 54851 0.83193
12 133851895 2241 0.0408561 54851 0.945744
13 115169878 2943 0.0536544 54851 1.44621
14 107349540 935 0.0170462 54851 0.492664
15 102531392 1007 0.0183588 54851 0.554647
16 90354753 1283 0.0233906 54851 0.803802
17 81195210 677 0.0123425 54851 0.471089
18 78077248 1208 0.0220233 54851 0.87394
19 59128983 395 0.00720133 54851 0.377033
20 63025520 448 0.00816758 54851 0.402344
21 48129895 210 0.00382855 54851 0.247003
22 51304566 145 0.00264353 54851 0.160214
X 155270560 3293 0.0600354 54851 1.19831
Y 59373566 37 0.000674555 54851 0.035317
