1 249250621 1210 0.0347821 34788 0.432613
2 243199373 3971 0.114149 34788 1.45598
3 198022430 2687 0.0772393 34788 1.21065
4 191154276 3295 0.0947166 34788 1.53761
5 180915260 1907 0.0548178 34788 0.94027
6 171115067 2715 0.0780442 34788 1.41384
7 159138663 2424 0.0696792 34788 1.35827
8 146364022 1916 0.0550765 34788 1.16687
9 141213431 774 0.0222491 34788 0.48899
10 135534747 1299 0.0373405 34788 0.854473
11 135006516 959 0.027567 34788 0.633724
12 133851895 1571 0.0451593 34788 1.04535
13 115169878 2662 0.0765206 34788 2.06255
14 107349540 488 0.0140278 34788 0.405428
15 102531392 533 0.0153214 34788 0.462881
16 90354753 830 0.0238588 34788 0.81989
17 81195210 193 0.00554789 34788 0.211752
18 78077248 395 0.0113545 34788 0.450575
19 59128983 186 0.00534667 34788 0.27993
20 63025520 213 0.0061228 34788 0.301616
21 48129895 342 0.00983098 34788 0.634257
22 51304566 58 0.00166724 34788 0.101045
X 155270560 2888 0.0830171 34788 1.65703
Y 59373566 22 0.000632402 34788 0.0331101
