1 249250621 24 0.000928038 25861 0.0115428
2 243199373 18 0.000696029 25861 0.00887792
3 198022430 16 0.000618692 25861 0.00969737
4 191154276 9 0.000348014 25861 0.00564958
5 180915260 14 0.000541356 25861 0.00928569
6 171115067 19 0.000734697 25861 0.0133097
7 159138663 23 0.00088937 25861 0.0173366
8 146364022 15 0.000580024 25861 0.0122886
9 141213431 13 0.000502687 25861 0.0110481
10 135534747 14 0.000541356 25861 0.012388
11 135006516 5 0.000193341 25861 0.00444463
12 133851895 11 0.000425351 25861 0.00984609
13 115169878 8 0.000309346 25861 0.00833817
14 107349540 8 0.000309346 25861 0.00894064
15 102531392 5 0.000193341 25861 0.00584113
16 90354753 14 0.000541356 25861 0.0186033
17 81195210 0 0 25861 0
18 78077248 5 0.000193341 25861 0.00767227
19 59128983 3 0.000116005 25861 0.00607355
20 63025520 12 0.000464019 25861 0.0228581
21 48129895 4 0.000154673 25861 0.00997891
22 51304566 2 7.73365e-05 25861 0.00468706
X 155270560 22 0.000850702 25861 0.0169801
Y 59373566 0 0 25861 0
