1 249250621 1 8.16127e-05 12253 0.00101508
2 243199373 15 0.00122419 12253 0.0156147
3 198022430 11 0.000897739 12253 0.0140711
4 191154276 6 0.000489676 12253 0.00794929
5 180915260 11 0.000897739 12253 0.0153986
6 171115067 17 0.00138742 12253 0.0251343
7 159138663 11 0.000897739 12253 0.0174998
8 146364022 6 0.000489676 12253 0.0103745
9 141213431 1 8.16127e-05 12253 0.00179368
10 135534747 2 0.000163225 12253 0.00373513
11 135006516 4 0.000326451 12253 0.00750461
12 133851895 1 8.16127e-05 12253 0.00188918
13 115169878 13 0.00106096 12253 0.0285974
14 107349540 5 0.000408063 12253 0.0117937
15 102531392 2 0.000163225 12253 0.00493128
16 90354753 0 0 12253 0
17 81195210 0 0 12253 0
18 78077248 1 8.16127e-05 12253 0.0032386
19 59128983 3 0.000244838 12253 0.0128187
20 63025520 5 0.000408063 12253 0.0201016
21 48129895 2 0.000163225 12253 0.0105307
22 51304566 1 8.16127e-05 12253 0.00494622
X 155270560 7 0.000571289 12253 0.011403
Y 59373566 1 8.16127e-05 12253 0.00427291
