1 249250621 30 0.000633459 47359 0.00787885
2 243199373 48 0.00101353 47359 0.0129277
3 198022430 34 0.000717921 47359 0.0112527
4 191154276 38 0.000802382 47359 0.0130257
5 180915260 37 0.000781266 47359 0.0134008
6 171115067 35 0.000739036 47359 0.0133883
7 159138663 52 0.001098 47359 0.0214034
8 146364022 36 0.000760151 47359 0.0161049
9 141213431 23 0.000485652 47359 0.0106737
10 135534747 19 0.000401191 47359 0.00918057
11 135006516 22 0.000464537 47359 0.010679
12 133851895 15 0.00031673 47359 0.00733171
13 115169878 48 0.00101353 47359 0.027319
14 107349540 8 0.000168922 47359 0.00488215
15 102531392 29 0.000612344 47359 0.0184998
16 90354753 11 0.000232268 47359 0.00798173
17 81195210 54 0.00114023 47359 0.0435201
18 78077248 13 0.000274499 47359 0.0108928
19 59128983 1 2.11153e-05 47359 0.00110551
20 63025520 43 0.000907958 47359 0.044727
21 48129895 5 0.000105577 47359 0.00681139
22 51304566 1 2.11153e-05 47359 0.00127972
X 155270560 38 0.000802382 47359 0.0160156
Y 59373566 2 4.22306e-05 47359 0.00221103
