1 249250621 7340 0.0800227 91724 0.995307
2 243199373 7231 0.0788343 91724 1.00554
3 198022430 7374 0.0803934 91724 1.26008
4 191154276 6753 0.073623 91724 1.19518
5 180915260 6746 0.0735467 91724 1.26152
6 171115067 7083 0.0772208 91724 1.39893
7 159138663 3672 0.0400331 91724 0.780373
8 146364022 4813 0.0524726 91724 1.11171
9 141213431 3636 0.0396407 91724 0.871223
10 135534747 3796 0.041385 91724 0.947026
11 135006516 2157 0.0235162 91724 0.540602
12 133851895 4297 0.0468471 91724 1.08442
13 115169878 4747 0.0517531 91724 1.39496
14 107349540 2212 0.0241158 91724 0.696989
15 102531392 1919 0.0209215 91724 0.632068
16 90354753 1737 0.0189372 91724 0.650764
17 81195210 1135 0.0123741 91724 0.472293
18 78077248 2095 0.0228403 91724 0.90636
19 59128983 579 0.00631242 91724 0.330493
20 63025520 1410 0.0153722 91724 0.757251
21 48129895 1550 0.0168985 91724 1.09023
22 51304566 531 0.00578911 91724 0.350855
X 155270560 4891 0.053323 91724 1.06433
Y 59373566 67 0.000730452 91724 0.0382436
