1 249250621 9985 0.0911098 109593 1.13321
2 243199373 7928 0.0723404 109593 0.922709
3 198022430 6849 0.0624949 109593 0.979543
4 191154276 7193 0.0656338 109593 1.06548
5 180915260 8446 0.077067 109593 1.3219
6 171115067 5502 0.0502039 109593 0.909492
7 159138663 6697 0.0611079 109593 1.19119
8 146364022 4863 0.0443733 109593 0.940112
9 141213431 5305 0.0484064 109593 1.06388
10 135534747 4449 0.0405957 109593 0.928962
11 135006516 3813 0.0347924 109593 0.799825
12 133851895 4764 0.0434699 109593 1.00625
13 115169878 5072 0.0462803 109593 1.24745
14 107349540 3142 0.0286697 109593 0.828604
15 102531392 2163 0.0197367 109593 0.596274
16 90354753 2560 0.0233592 109593 0.80272
17 81195210 2569 0.0234413 109593 0.894705
18 78077248 1910 0.0174281 109593 0.691592
19 59128983 1767 0.0161233 109593 0.844151
20 63025520 1192 0.0108766 109593 0.535793
21 48129895 1476 0.013468 109593 0.868904
22 51304566 973 0.0088783 109593 0.538079
X 155270560 5864 0.0535071 109593 1.06801
Y 59373566 45 0.00041061 109593 0.0214979
