1 249250621 7934 0.0865486 91671 1.07648
2 243199373 8866 0.0967154 91671 1.23362
3 198022430 7268 0.0792835 91671 1.24269
4 191154276 6103 0.066575 91671 1.08076
5 180915260 5764 0.062877 91671 1.07851
6 171115067 5845 0.0637606 91671 1.15508
7 159138663 6138 0.0669568 91671 1.3052
8 146364022 4423 0.0482486 91671 1.02222
9 141213431 2482 0.0270751 91671 0.595057
10 135534747 3799 0.0414417 91671 0.948322
11 135006516 3524 0.0384418 91671 0.88372
12 133851895 4669 0.0509321 91671 1.17898
13 115169878 4403 0.0480305 91671 1.29462
14 107349540 2641 0.0288095 91671 0.832646
15 102531392 1498 0.016341 91671 0.493687
16 90354753 1131 0.0123376 91671 0.423972
17 81195210 1425 0.0155447 91671 0.59331
18 78077248 2189 0.0238789 91671 0.947574
19 59128983 862 0.00940319 91671 0.492314
20 63025520 1234 0.0134612 91671 0.663112
21 48129895 938 0.0102322 91671 0.660145
22 51304566 374 0.00407981 91671 0.247261
X 155270560 3732 0.0407108 91671 0.812591
Y 59373566 29 0.000316349 91671 0.0165628
