1 249250621 2715 0.077874 34864 0.968582
2 243199373 2489 0.0713917 34864 0.910608
3 198022430 2608 0.074805 34864 1.17249
4 191154276 3252 0.0932767 34864 1.51423
5 180915260 2226 0.0638481 34864 1.09516
6 171115067 2689 0.0771283 34864 1.39725
7 159138663 1863 0.0534362 34864 1.04164
8 146364022 1633 0.0468391 34864 0.992355
9 141213431 1218 0.0349358 34864 0.767819
10 135534747 1074 0.0308054 34864 0.704929
11 135006516 1651 0.0473554 34864 1.08863
12 133851895 1144 0.0328132 34864 0.759565
13 115169878 2008 0.0575952 34864 1.55243
14 107349540 1034 0.0296581 34864 0.857171
15 102531392 442 0.0126778 34864 0.383016
16 90354753 403 0.0115592 34864 0.397223
17 81195210 576 0.0165213 34864 0.630585
18 78077248 611 0.0175252 34864 0.695446
19 59128983 268 0.00768701 34864 0.402461
20 63025520 250 0.00717072 34864 0.353237
21 48129895 483 0.0138538 34864 0.893796
22 51304566 114 0.00326985 34864 0.198173
X 155270560 2456 0.0704452 34864 1.40609
Y 59373566 32 0.000917852 34864 0.0480551
