1 249250621 3477 0.0703633 49415 0.875165
2 243199373 4440 0.0898513 49415 1.14606
3 198022430 3262 0.0660123 49415 1.03468
4 191154276 3639 0.0736416 49415 1.19548
5 180915260 4619 0.0934736 49415 1.60332
6 171115067 2782 0.0562987 49415 1.0199
7 159138663 3436 0.0695335 49415 1.35543
8 146364022 1814 0.0367095 49415 0.777744
9 141213431 1913 0.0387129 49415 0.850834
10 135534747 1172 0.0237175 49415 0.542734
11 135006516 2125 0.0430031 49415 0.988578
12 133851895 2375 0.0480623 49415 1.11255
13 115169878 3098 0.0626935 49415 1.68985
14 107349540 1104 0.0223414 49415 0.645705
15 102531392 809 0.0163715 49415 0.494609
16 90354753 463 0.00936962 49415 0.32198
17 81195210 649 0.0131337 49415 0.501285
18 78077248 1594 0.0322574 49415 1.28006
19 59128983 623 0.0126075 49415 0.660079
20 63025520 465 0.0094101 49415 0.463552
21 48129895 275 0.00556511 49415 0.359039
22 51304566 127 0.00257007 49415 0.155762
X 155270560 3195 0.0646565 49415 1.29055
Y 59373566 48 0.000971365 49415 0.0508568
