1 249250621 21945 0.0821827 267027 1.02217
2 243199373 24212 0.0906725 267027 1.15654
3 198022430 21153 0.0792167 267027 1.24164
4 191154276 19450 0.0728391 267027 1.18245
5 180915260 17743 0.0664465 267027 1.13973
6 171115067 17824 0.0667498 267027 1.20924
7 159138663 15419 0.0577432 267027 1.1256
8 146364022 9803 0.0367116 267027 0.777789
9 141213431 9920 0.0371498 267027 0.816479
10 135534747 13658 0.0511484 267027 1.17044
11 135006516 11703 0.043827 267027 1.00752
12 133851895 8687 0.0325323 267027 0.753062
13 115169878 9146 0.0342512 267027 0.923213
14 107349540 6083 0.0227805 267027 0.658395
15 102531392 6478 0.0242597 267027 0.732922
16 90354753 4652 0.0174215 267027 0.598676
17 81195210 3907 0.0146315 267027 0.558453
18 78077248 5278 0.0197658 267027 0.784357
19 59128983 2221 0.00831751 267027 0.435472
20 63025520 1655 0.00619788 267027 0.305314
21 48129895 3233 0.0121074 267027 0.781122
22 51304566 2598 0.00972935 267027 0.589658
X 155270560 17287 0.0647388 267027 1.29219
Y 59373566 136 0.000509312 267027 0.0266655
