1 249250621 9755 0.096895 100676 1.20516
2 243199373 9638 0.0957328 100676 1.22108
3 198022430 7852 0.0779928 100676 1.22246
4 191154276 5963 0.0592296 100676 0.96152
5 180915260 6869 0.0682288 100676 1.1703
6 171115067 7526 0.0747547 100676 1.35425
7 159138663 5023 0.0498927 100676 0.972568
8 146364022 3255 0.0323314 100676 0.684988
9 141213431 3628 0.0360364 100676 0.792009
10 135534747 4686 0.0465454 100676 1.06511
11 135006516 4082 0.0405459 100676 0.93209
12 133851895 4363 0.043337 100676 1.00317
13 115169878 3906 0.0387977 100676 1.04576
14 107349540 2339 0.0232329 100676 0.671472
15 102531392 2766 0.0274743 100676 0.830038
16 90354753 1840 0.0182765 100676 0.628057
17 81195210 1909 0.0189618 100676 0.723734
18 78077248 1930 0.0191704 100676 0.76073
19 59128983 884 0.00878064 100676 0.45972
20 63025520 1025 0.0101812 100676 0.501536
21 48129895 783 0.00777742 100676 0.501769
22 51304566 553 0.00549287 100676 0.332901
X 155270560 5368 0.0533196 100676 1.06426
Y 59373566 38 0.000377448 100676 0.0197617
