1 249250621 23 0.000722294 31843 0.00898375
2 243199373 23 0.000722294 31843 0.00921293
3 198022430 28 0.000879314 31843 0.0137824
4 191154276 17 0.000533869 31843 0.00866671
5 180915260 16 0.000502465 31843 0.00861861
6 171115067 20 0.000628082 31843 0.0113783
7 159138663 30 0.000942122 31843 0.018365
8 146364022 22 0.00069089 31843 0.0146375
9 141213431 7 0.000219829 31843 0.0048314
10 135534747 6 0.000188424 31843 0.00431177
11 135006516 14 0.000439657 31843 0.0101071
12 133851895 12 0.000376849 31843 0.00872335
13 115169878 13 0.000408253 31843 0.0110041
14 107349540 16 0.000502465 31843 0.0145221
15 102531392 3 9.42122e-05 31843 0.00284629
16 90354753 7 0.000219829 31843 0.00755425
17 81195210 13 0.000408253 31843 0.0155822
18 78077248 10 0.000314041 31843 0.0124619
19 59128983 7 0.000219829 31843 0.0115093
20 63025520 19 0.000596677 31843 0.029393
21 48129895 4 0.000125616 31843 0.00810428
22 51304566 3 9.42122e-05 31843 0.00570983
X 155270560 25 0.000785102 31843 0.0156707
Y 59373566 0 0 31843 0
