1 249250621 10348 0.098184 105394 1.22119
2 243199373 10197 0.0967512 105394 1.23407
3 198022430 7824 0.0742357 105394 1.16357
4 191154276 6900 0.0654686 105394 1.0628
5 180915260 5503 0.0522136 105394 0.895602
6 171115067 7679 0.0728599 105394 1.31993
7 159138663 5153 0.0488927 105394 0.953075
8 146364022 5243 0.0497467 105394 1.05395
9 141213431 2735 0.0259502 105394 0.570335
10 135534747 3811 0.0361596 105394 0.82745
11 135006516 4149 0.0393666 105394 0.904979
12 133851895 5092 0.0483139 105394 1.11838
13 115169878 4013 0.0380762 105394 1.02631
14 107349540 2545 0.0241475 105394 0.697904
15 102531392 2532 0.0240241 105394 0.725805
16 90354753 2033 0.0192895 105394 0.66287
17 81195210 892 0.00846348 105394 0.323034
18 78077248 2521 0.0239198 105394 0.949197
19 59128983 1026 0.0097349 105394 0.509681
20 63025520 1117 0.0105983 105394 0.522085
21 48129895 1500 0.0142323 105394 0.918213
22 51304566 313 0.00296981 105394 0.179988
X 155270560 6474 0.0614266 105394 1.22608
Y 59373566 81 0.000768545 105394 0.0402379
