1 249250621 9030 0.0747808 120753 0.930109
2 243199373 9887 0.0818779 120753 1.04436
3 198022430 8006 0.0663006 120753 1.03919
4 191154276 10769 0.089182 120753 1.44776
5 180915260 6939 0.0574644 120753 0.985667
6 171115067 5270 0.0436428 120753 0.790631
7 159138663 5439 0.0450424 120753 0.878019
8 146364022 5473 0.0453239 120753 0.960253
9 141213431 4256 0.0352455 120753 0.774626
10 135534747 4006 0.0331752 120753 0.759157
11 135006516 5313 0.0439989 120753 1.01147
12 133851895 5699 0.0471955 120753 1.09249
13 115169878 6086 0.0504004 120753 1.3585
14 107349540 2661 0.0220367 120753 0.636899
15 102531392 2719 0.022517 120753 0.680273
16 90354753 2076 0.0171921 120753 0.590794
17 81195210 1415 0.0117181 120753 0.447257
18 78077248 2897 0.0239911 120753 0.952029
19 59128983 1486 0.0123061 120753 0.644299
20 63025520 932 0.00771823 120753 0.380209
21 48129895 903 0.00747808 120753 0.482456
22 51304566 591 0.00489429 120753 0.296624
X 155270560 8251 0.0683296 120753 1.36386
Y 59373566 101 0.000836418 120753 0.0437915
