1 249250621 2851 0.104428 27301 1.29886
2 243199373 2059 0.0754185 27301 0.96197
3 198022430 1597 0.058496 27301 0.916866
4 191154276 1569 0.0574704 27301 0.932961
5 180915260 1474 0.0539907 27301 0.926084
6 171115067 2151 0.0787883 27301 1.42732
7 159138663 1459 0.0534413 27301 1.04174
8 146364022 1299 0.0475807 27301 1.00807
9 141213431 730 0.0267389 27301 0.587669
10 135534747 984 0.0360426 27301 0.824774
11 135006516 1076 0.0394125 27301 0.906034
12 133851895 1429 0.0523424 27301 1.21163
13 115169878 1449 0.053075 27301 1.43059
14 107349540 598 0.021904 27301 0.633062
15 102531392 574 0.0210249 27301 0.635192
16 90354753 436 0.0159701 27301 0.548801
17 81195210 329 0.0120508 27301 0.459956
18 78077248 374 0.0136991 27301 0.543616
19 59128983 204 0.00747225 27301 0.391217
20 63025520 173 0.00633676 27301 0.312156
21 48129895 427 0.0156405 27301 1.00906
22 51304566 130 0.00476173 27301 0.28859
X 155270560 1382 0.0506209 27301 1.0104
Y 59373566 22 0.000805831 27301 0.0421901
