1 249250621 4989 0.108123 46142 1.34481
2 243199373 3965 0.0859304 46142 1.09605
3 198022430 2585 0.0560227 46142 0.878099
4 191154276 3685 0.0798622 46142 1.29646
5 180915260 3213 0.0696329 46142 1.19439
6 171115067 3255 0.0705431 46142 1.27795
7 159138663 3311 0.0717568 46142 1.39877
8 146364022 1730 0.037493 46142 0.794342
9 141213431 1689 0.0366044 46142 0.804492
10 135534747 1885 0.0408522 46142 0.934832
11 135006516 2559 0.0554592 46142 1.27492
12 133851895 1129 0.0244679 46142 0.566388
13 115169878 2501 0.0542022 46142 1.46098
14 107349540 828 0.0179446 46142 0.51863
15 102531392 1237 0.0268085 46142 0.809926
16 90354753 266 0.00576481 46142 0.198104
17 81195210 658 0.0142603 46142 0.544287
18 78077248 456 0.00988254 46142 0.392164
19 59128983 289 0.00626327 46142 0.32792
20 63025520 512 0.0110962 46142 0.54661
21 48129895 137 0.0029691 46142 0.191555
22 51304566 145 0.00314247 46142 0.190453
X 155270560 2692 0.0583416 46142 1.1645
Y 59373566 14 0.000303411 46142 0.0158854
