1 249250621 6181 0.089057 69405 1.10767
2 243199373 6409 0.0923421 69405 1.17783
3 198022430 4530 0.0652691 69405 1.02303
4 191154276 6556 0.0944601 69405 1.53344
5 180915260 4813 0.0693466 69405 1.18948
6 171115067 4830 0.0695915 69405 1.26072
7 159138663 4017 0.0578777 69405 1.12822
8 146364022 3306 0.0476335 69405 1.00918
9 141213431 2162 0.0311505 69405 0.684626
10 135534747 2235 0.0322023 69405 0.736895
11 135006516 3488 0.0502557 69405 1.1553
12 133851895 2664 0.0383834 69405 0.888505
13 115169878 4413 0.0635833 69405 1.71384
14 107349540 2149 0.0309632 69405 0.89489
15 102531392 979 0.0141056 69405 0.426151
16 90354753 1213 0.0174771 69405 0.600589
17 81195210 726 0.0104603 69405 0.39925
18 78077248 1918 0.0276349 69405 1.09662
19 59128983 173 0.00249262 69405 0.130503
20 63025520 210 0.00302572 69405 0.14905
21 48129895 114 0.00164253 69405 0.10597
22 51304566 203 0.00292486 69405 0.177264
X 155270560 2894 0.0416973 69405 0.832281
Y 59373566 51 0.000734817 69405 0.0384721
