1 249250621 12268 0.100855 121640 1.25442
2 243199373 10406 0.0855475 121640 1.09117
3 198022430 9820 0.08073 121640 1.26536
4 191154276 10837 0.0890908 121640 1.44628
5 180915260 7442 0.0611805 121640 1.04941
6 171115067 9331 0.07671 121640 1.38967
7 159138663 7443 0.0611888 121640 1.19276
8 146364022 5127 0.042149 121640 0.892987
9 141213431 4425 0.0363778 121640 0.799513
10 135534747 3110 0.0255672 121640 0.585063
11 135006516 5488 0.0451167 121640 1.03717
12 133851895 4043 0.0332374 121640 0.769385
13 115169878 6670 0.0548339 121640 1.478
14 107349540 2122 0.0174449 121640 0.504188
15 102531392 2326 0.019122 121640 0.577704
16 90354753 1950 0.0160309 121640 0.55089
17 81195210 683 0.00561493 121640 0.21431
18 78077248 2703 0.0222213 121640 0.881798
19 59128983 1183 0.00972542 121640 0.509184
20 63025520 672 0.0055245 121640 0.272143
21 48129895 1621 0.0133262 121640 0.859755
22 51304566 228 0.00187438 121640 0.113599
X 155270560 5517 0.0453551 121640 0.905292
Y 59373566 58 0.000476817 121640 0.0249642
