1 249250621 14411 0.0518706 277826 0.645157
2 243199373 53744 0.193445 277826 2.46741
3 198022430 15364 0.0553008 277826 0.866784
4 191154276 24618 0.0886094 277826 1.43846
5 180915260 11867 0.0427138 277826 0.732655
6 171115067 22469 0.0808744 277826 1.46512
7 159138663 7797 0.0280643 277826 0.547063
8 146364022 12412 0.0446754 277826 0.946514
9 141213431 7977 0.0287122 277826 0.631038
10 135534747 4398 0.0158301 277826 0.362244
11 135006516 16003 0.0576008 277826 1.32416
12 133851895 6665 0.0239898 277826 0.55532
13 115169878 22771 0.0819614 277826 2.2092
14 107349540 3898 0.0140304 277826 0.405502
15 102531392 2232 0.00803381 277826 0.242713
16 90354753 4638 0.0166939 277826 0.573674
17 81195210 5014 0.0180473 277826 0.688827
18 78077248 11809 0.042505 277826 1.68671
19 59128983 1350 0.00485916 277826 0.254406
20 63025520 2992 0.0107693 277826 0.530509
21 48129895 1567 0.00564022 277826 0.363885
22 51304566 1136 0.00408889 277826 0.247812
X 155270560 12114 0.0436028 277826 0.870316
Y 59373566 102 0.000367136 277826 0.0192218
