1 249250621 4455 0.0696224 63988 0.865951
2 243199373 5866 0.0916734 63988 1.1693
3 198022430 4014 0.0627305 63988 0.983237
4 191154276 5026 0.078546 63988 1.2751
5 180915260 4235 0.0661843 63988 1.13524
6 171115067 4677 0.0730918 63988 1.32413
7 159138663 3428 0.0535725 63988 1.0443
8 146364022 2959 0.046243 63988 0.979726
9 141213431 2487 0.0388667 63988 0.854212
10 135534747 2238 0.0349753 63988 0.80035
11 135006516 2863 0.0447428 63988 1.02857
12 133851895 1636 0.0255673 63988 0.591836
13 115169878 3075 0.0480559 63988 1.29531
14 107349540 1429 0.0223323 63988 0.645443
15 102531392 762 0.0119085 63988 0.359773
16 90354753 2183 0.0341158 63988 1.17236
17 81195210 463 0.00723573 63988 0.276173
18 78077248 1861 0.0290836 63988 1.15411
19 59128983 308 0.0048134 63988 0.252011
20 63025520 340 0.0053135 63988 0.261749
21 48129895 756 0.0118147 63988 0.76224
22 51304566 259 0.00404763 63988 0.245311
X 155270560 3645 0.0569638 63988 1.137
Y 59373566 42 0.000656373 63988 0.0343651
