1 249250621 3616 0.0671869 53820 0.835658
2 243199373 3331 0.0618915 53820 0.789432
3 198022430 4441 0.0825158 53820 1.29335
4 191154276 2395 0.0445002 53820 0.722406
5 180915260 4510 0.0837978 53820 1.43736
6 171115067 70 0.00130063 53820 0.0235622
7 159138663 3637 0.0675771 53820 1.31729
8 146364022 1651 0.0306763 53820 0.649922
9 141213431 1902 0.03534 53820 0.776704
10 135534747 2505 0.046544 53820 1.06508
11 135006516 1826 0.0339279 53820 0.779952
12 133851895 3326 0.0617986 53820 1.43052
13 115169878 2929 0.0544221 53820 1.4669
14 107349540 1235 0.0229469 53820 0.663204
15 102531392 1979 0.0367707 53820 1.1109
16 90354753 2388 0.0443701 53820 1.52475
17 81195210 391 0.00726496 53820 0.277288
18 78077248 1806 0.0335563 53820 1.3316
19 59128983 19 0.000353029 53820 0.0184832
20 63025520 305 0.00566704 53820 0.279164
21 48129895 988 0.0183575 53820 1.18435
22 51304566 356 0.00661464 53820 0.400887
X 155270560 3719 0.0691007 53820 1.37926
Y 59373566 38 0.000706057 53820 0.0369663
