1 249250621 37 0.000963793 38390 0.0119875
2 243199373 55 0.00143266 38390 0.0182738
3 198022430 42 0.00109403 38390 0.0171479
4 191154276 33 0.000859599 38390 0.0139545
5 180915260 23 0.000599114 38390 0.0102764
6 171115067 29 0.000755405 38390 0.0136849
7 159138663 51 0.00132847 38390 0.0258961
8 146364022 29 0.000755405 38390 0.0160043
9 141213431 8 0.000208388 38390 0.00457995
10 135534747 12 0.000312581 38390 0.00715289
11 135006516 28 0.000729357 38390 0.0167668
12 133851895 21 0.000547017 38390 0.0126624
13 115169878 36 0.000937744 38390 0.0252761
14 107349540 9 0.000234436 38390 0.00677561
15 102531392 3 7.81454e-05 38390 0.00236089
16 90354753 15 0.000390727 38390 0.013427
17 81195210 8 0.000208388 38390 0.00795373
18 78077248 5 0.000130242 38390 0.00516834
19 59128983 4 0.000104194 38390 0.00545517
20 63025520 27 0.000703308 38390 0.0346457
21 48129895 3 7.81454e-05 38390 0.00504164
22 51304566 1 2.60485e-05 38390 0.00157869
X 155270560 34 0.000885647 38390 0.0176776
Y 59373566 0 0 38390 0
