1 249250621 5646 0.111422 50672 1.38585
2 243199373 4267 0.0842082 50672 1.07408
3 198022430 3403 0.0671574 50672 1.05262
4 191154276 3432 0.0677297 50672 1.09951
5 180915260 3812 0.0752289 50672 1.29038
6 171115067 3275 0.0646314 50672 1.17086
7 159138663 3283 0.0647892 50672 1.26295
8 146364022 1806 0.035641 50672 0.755106
9 141213431 2071 0.0408707 50672 0.898257
10 135534747 2445 0.0482515 50672 1.10415
11 135006516 2388 0.0471266 50672 1.08337
12 133851895 1479 0.0291877 50672 0.675642
13 115169878 2548 0.0502842 50672 1.35537
14 107349540 860 0.0169719 50672 0.490517
15 102531392 1026 0.0202479 50672 0.611718
16 90354753 448 0.00884117 50672 0.30382
17 81195210 730 0.0144064 50672 0.549862
18 78077248 966 0.0190638 50672 0.756499
19 59128983 664 0.0131039 50672 0.686067
20 63025520 328 0.006473 50672 0.318867
21 48129895 511 0.0100845 50672 0.650611
22 51304566 361 0.00712425 50672 0.431773
X 155270560 2467 0.0486857 50672 0.97177
Y 59373566 20 0.000394695 50672 0.0206647
