1 249250621 4975 0.0980914 50718 1.22004
2 243199373 4088 0.0806025 50718 1.02809
3 198022430 3634 0.0716511 50718 1.12306
4 191154276 4201 0.0828306 50718 1.34465
5 180915260 2626 0.0517765 50718 0.888104
6 171115067 4003 0.0789266 50718 1.42983
7 159138663 3064 0.0604125 50718 1.17763
8 146364022 2520 0.0496865 50718 1.05268
9 141213431 1415 0.0278994 50718 0.613173
10 135534747 2077 0.0409519 50718 0.937115
11 135006516 1748 0.0344651 50718 0.792301
12 133851895 2186 0.0431011 50718 0.99771
13 115169878 3056 0.0602547 50718 1.62412
14 107349540 1102 0.021728 50718 0.627976
15 102531392 497 0.00979928 50718 0.296051
16 90354753 906 0.0178635 50718 0.613865
17 81195210 633 0.0124808 50718 0.476365
18 78077248 1617 0.0318822 50718 1.26517
19 59128983 304 0.00599393 50718 0.313818
20 63025520 546 0.0107654 50718 0.530316
21 48129895 179 0.00352932 50718 0.227698
22 51304566 249 0.0049095 50718 0.297545
X 155270560 2446 0.0482275 50718 0.962624
Y 59373566 17 0.000335187 50718 0.017549
