1 249250621 16 0.000601956 26580 0.00748702
2 243199373 27 0.0010158 26580 0.0129566
3 198022430 19 0.000714823 26580 0.0112041
4 191154276 18 0.000677201 26580 0.0109935
5 180915260 11 0.000413845 26580 0.00709854
6 171115067 22 0.00082769 26580 0.0149944
7 159138663 20 0.000752445 26580 0.0146676
8 146364022 19 0.000714823 26580 0.0151446
9 141213431 10 0.000376223 26580 0.00826863
10 135534747 10 0.000376223 26580 0.00860922
11 135006516 19 0.000714823 26580 0.0164327
12 133851895 6 0.000225734 26580 0.00522532
13 115169878 10 0.000376223 26580 0.0101408
14 107349540 6 0.000225734 26580 0.00652409
15 102531392 7 0.000263356 26580 0.00795637
16 90354753 6 0.000225734 26580 0.00775717
17 81195210 4 0.000150489 26580 0.00574386
18 78077248 9 0.0003386 26580 0.0134365
19 59128983 3 0.000112867 26580 0.00590926
20 63025520 26 0.000978179 26580 0.0481862
21 48129895 0 0 26580 0
22 51304566 1 3.76223e-05 26580 0.00228014
X 155270560 22 0.00082769 26580 0.0165208
Y 59373566 1 3.76223e-05 26580 0.00196975
