1 249250621 2417 0.0702249 34418 0.873444
2 243199373 2791 0.0810913 34418 1.03433
3 198022430 2687 0.0780696 34418 1.22366
4 191154276 1919 0.0557557 34418 0.905125
5 180915260 2290 0.066535 34418 1.14125
6 171115067 2910 0.0845488 34418 1.53168
7 159138663 2327 0.06761 34418 1.31793
8 146364022 1477 0.0429136 34418 0.909186
9 141213431 1298 0.0377128 34418 0.828853
10 135534747 1131 0.0328607 34418 0.751961
11 135006516 1525 0.0443082 34418 1.01858
12 133851895 1286 0.0373642 34418 0.864911
13 115169878 2084 0.0605497 34418 1.63207
14 107349540 781 0.0226916 34418 0.655827
15 102531392 528 0.0153408 34418 0.463469
16 90354753 738 0.0214423 34418 0.736848
17 81195210 333 0.00967517 34418 0.369281
18 78077248 1054 0.0306235 34418 1.21522
19 59128983 133 0.00386426 34418 0.202317
20 63025520 92 0.00267302 34418 0.131676
21 48129895 271 0.00787379 34418 0.507986
22 51304566 71 0.00206287 34418 0.125023
X 155270560 2629 0.0763844 34418 1.52464
Y 59373566 27 0.000784473 34418 0.0410719
