1 249250621 36 0.00137536 26175 0.0171064
2 243199373 21 0.000802292 26175 0.0102333
3 198022430 24 0.000916905 26175 0.0143716
4 191154276 28 0.00106972 26175 0.0173656
5 180915260 31 0.00118434 26175 0.0203145
6 171115067 22 0.000840497 26175 0.0152264
7 159138663 32 0.00122254 26175 0.0238312
8 146364022 9 0.00034384 26175 0.00728474
9 141213431 18 0.000687679 26175 0.0151138
10 135534747 14 0.000534862 26175 0.0122394
11 135006516 16 0.00061127 26175 0.0140522
12 133851895 14 0.000534862 26175 0.0123811
13 115169878 33 0.00126074 26175 0.0339823
14 107349540 7 0.000267431 26175 0.00772921
15 102531392 9 0.00034384 26175 0.0103879
16 90354753 3 0.000114613 26175 0.0039386
17 81195210 7 0.000267431 26175 0.0102073
18 78077248 8 0.000305635 26175 0.0121284
19 59128983 10 0.000382044 26175 0.0200023
20 63025520 30 0.00114613 26175 0.0564597
21 48129895 8 0.000305635 26175 0.0197184
22 51304566 6 0.000229226 26175 0.0138925
X 155270560 14 0.000534862 26175 0.0106759
Y 59373566 0 0 26175 0
