1 249250621 35 0.00101526 34474 0.0126276
2 243199373 39 0.00113129 34474 0.0144297
3 198022430 34 0.000986251 34474 0.0154585
4 191154276 39 0.00113129 34474 0.0183651
5 180915260 35 0.00101526 34474 0.0174144
6 171115067 42 0.00121831 34474 0.0220708
7 159138663 45 0.00130533 34474 0.0254451
8 146364022 22 0.000638162 34474 0.0135204
9 141213431 10 0.000290074 34474 0.00637525
10 135534747 16 0.000464118 34474 0.0106205
11 135006516 21 0.000609155 34474 0.0140036
12 133851895 31 0.000899228 34474 0.0208155
13 115169878 40 0.00116029 34474 0.0312748
14 107349540 14 0.000406103 34474 0.0117371
15 102531392 8 0.000232059 34474 0.00701084
16 90354753 9 0.000261066 34474 0.00897135
17 81195210 10 0.000290074 34474 0.0110715
18 78077248 8 0.000232059 34474 0.00920869
19 59128983 7 0.000203052 34474 0.010631
20 63025520 16 0.000464118 34474 0.022863
21 48129895 9 0.000261066 34474 0.016843
22 51304566 2 5.80147e-05 34474 0.00351604
X 155270560 23 0.000667169 34474 0.0133168
Y 59373566 5 0.000145037 34474 0.00759355
