1 249250621 14 0.000829974 16868 0.0103231
2 243199373 27 0.00160066 16868 0.0204166
3 198022430 5 0.000296419 16868 0.00464607
4 191154276 28 0.00165995 16868 0.0269472
5 180915260 25 0.0014821 16868 0.0254219
6 171115067 11 0.000652122 16868 0.0118138
7 159138663 150 0.00889258 16868 0.173345
8 146364022 12 0.000711406 16868 0.0150722
9 141213431 14 0.000829974 16868 0.0182412
10 135534747 14 0.000829974 16868 0.0189925
11 135006516 14 0.000829974 16868 0.0190799
12 133851895 22 0.00130424 16868 0.0301909
13 115169878 13 0.00077069 16868 0.0207733
14 107349540 5 0.000296419 16868 0.00856703
15 102531392 0 0 16868 0
16 90354753 4 0.000237135 16868 0.00814898
17 81195210 1 5.92839e-05 16868 0.00226274
18 78077248 4 0.000237135 16868 0.00941014
19 59128983 7 0.000414987 16868 0.0217271
20 63025520 11 0.000652122 16868 0.0321243
21 48129895 0 0 16868 0
22 51304566 2 0.000118568 16868 0.00718592
X 155270560 53 0.00314204 16868 0.0627155
Y 59373566 0 0 16868 0
