1 249250621 40 0.00126763 31555 0.0157665
2 243199373 37 0.00117256 31555 0.0149561
3 198022430 35 0.00110917 31555 0.0173852
4 191154276 22 0.000697195 31555 0.0113181
5 180915260 26 0.000823958 31555 0.0141331
6 171115067 32 0.0010141 31555 0.0183714
7 159138663 33 0.00104579 31555 0.0203858
8 146364022 21 0.000665505 31555 0.0140997
9 141213431 11 0.000348598 31555 0.00766149
10 135534747 11 0.000348598 31555 0.00797706
11 135006516 20 0.000633814 31555 0.0145704
12 133851895 28 0.00088734 31555 0.0205403
13 115169878 11 0.000348598 31555 0.00939616
14 107349540 8 0.000253526 31555 0.00732733
15 102531392 7 0.000221835 31555 0.00670196
16 90354753 8 0.000253526 31555 0.00871222
17 81195210 8 0.000253526 31555 0.00967655
18 78077248 5 0.000158453 31555 0.00628784
19 59128983 4 0.000126763 31555 0.0066368
20 63025520 17 0.000538742 31555 0.026539
21 48129895 7 0.000221835 31555 0.0143119
22 51304566 2 6.33814e-05 31555 0.0038413
X 155270560 19 0.000602123 31555 0.0120184
Y 59373566 0 0 31555 0
