1 249250621 210 0.0146535 14331 0.182258
2 243199373 171 0.0119322 14331 0.152196
3 198022430 209 0.0145838 14331 0.228586
4 191154276 215 0.0150024 14331 0.243546
5 180915260 243 0.0169562 14331 0.290845
6 171115067 117 0.00816412 14331 0.147901
7 159138663 135 0.00942014 14331 0.183628
8 146364022 101 0.00704766 14331 0.149315
9 141213431 67 0.00467518 14331 0.102751
10 135534747 82 0.00572186 14331 0.130935
11 135006516 155 0.0108157 14331 0.248637
12 133851895 160 0.0111646 14331 0.25844
13 115169878 106 0.00739655 14331 0.199368
14 107349540 88 0.00614053 14331 0.177472
15 102531392 50 0.00348894 14331 0.105406
16 90354753 32 0.00223292 14331 0.0767327
17 81195210 21 0.00146535 14331 0.0559296
18 78077248 76 0.00530319 14331 0.210444
19 59128983 16 0.00111646 14331 0.0584534
20 63025520 28 0.00195381 14331 0.0962466
21 48129895 36 0.00251204 14331 0.162067
22 51304566 7 0.000488452 14331 0.0296031
X 155270560 150 0.0104668 14331 0.208919
Y 59373566 3 0.000209336 14331 0.01096
