1 249250621 8571 0.0794391 107894 0.988048
2 243199373 11073 0.102629 107894 1.30904
3 198022430 7492 0.0694385 107894 1.08838
4 191154276 8555 0.0792908 107894 1.28719
5 180915260 7388 0.0684746 107894 1.17452
6 171115067 5241 0.0485755 107894 0.87999
7 159138663 5910 0.054776 107894 1.06776
8 146364022 4766 0.044173 107894 0.935868
9 141213431 4093 0.0379354 107894 0.833745
10 135534747 3619 0.0335422 107894 0.767556
11 135006516 3410 0.0316051 107894 0.726554
12 133851895 4117 0.0381578 107894 0.883283
13 115169878 5198 0.0481769 107894 1.29857
14 107349540 3326 0.0308266 107894 0.890941
15 102531392 2006 0.0185923 107894 0.561702
16 90354753 1943 0.0180084 107894 0.618846
17 81195210 1398 0.0129572 107894 0.494548
18 78077248 2949 0.0273324 107894 1.08462
19 59128983 1195 0.0110757 107894 0.579879
20 63025520 896 0.00830445 107894 0.409086
21 48129895 1159 0.010742 107894 0.693034
22 51304566 472 0.00437466 107894 0.265131
X 155270560 7183 0.0665746 107894 1.32883
Y 59373566 64 0.000593175 107894 0.0310563
