1 249250621 39 0.000939895 41494 0.0116902
2 243199373 51 0.00122909 41494 0.0156772
3 198022430 42 0.00101219 41494 0.0158651
4 191154276 46 0.00110859 41494 0.0179967
5 180915260 24 0.000578397 41494 0.00992104
6 171115067 23 0.000554297 41494 0.0100416
7 159138663 29 0.000698896 41494 0.0136237
8 146364022 27 0.000650696 41494 0.0137859
9 141213431 17 0.000409698 41494 0.00900435
10 135534747 24 0.000578397 41494 0.0132356
11 135006516 28 0.000674796 41494 0.0155126
12 133851895 17 0.000409698 41494 0.00948375
13 115169878 34 0.000819396 41494 0.0220861
14 107349540 11 0.000265099 41494 0.00766181
15 102531392 14 0.000337398 41494 0.0101933
16 90354753 10 0.000240999 41494 0.00828174
17 81195210 7 0.000168699 41494 0.0064389
18 78077248 7 0.000168699 41494 0.00669441
19 59128983 3 7.22996e-05 41494 0.00378532
20 63025520 22 0.000530197 41494 0.0261181
21 48129895 3 7.22996e-05 41494 0.00466449
22 51304566 0 0 41494 0
X 155270560 29 0.000698896 41494 0.01395
Y 59373566 2 4.81997e-05 41494 0.00252355
