1 249250621 7904 0.0776417 101801 0.965692
2 243199373 7670 0.0753431 101801 0.961009
3 198022430 5443 0.0534671 101801 0.838042
4 191154276 8838 0.0868164 101801 1.40936
5 180915260 7970 0.07829 101801 1.34288
6 171115067 7262 0.0713353 101801 1.29231
7 159138663 7515 0.0738205 101801 1.439
8 146364022 4541 0.0446066 101801 0.945056
9 141213431 2761 0.0271215 101801 0.596078
10 135534747 2374 0.02332 101801 0.533639
11 135006516 3618 0.0355399 101801 0.81701
12 133851895 4447 0.0436833 101801 1.01119
13 115169878 8061 0.0791839 101801 2.13434
14 107349540 3238 0.0318072 101801 0.919282
15 102531392 1196 0.0117484 101801 0.354937
16 90354753 1191 0.0116993 101801 0.402038
17 81195210 1135 0.0111492 101801 0.425542
18 78077248 1983 0.0194792 101801 0.772983
19 59128983 1179 0.0115814 101801 0.606357
20 63025520 1293 0.0127013 101801 0.625677
21 48129895 509 0.00499995 101801 0.322577
22 51304566 435 0.00427304 101801 0.258972
X 155270560 5464 0.0536733 101801 1.07132
Y 59373566 54 0.000530447 101801 0.0277721
