1 249250621 2172 0.0250121 86838 0.311096
2 243199373 10066 0.115917 86838 1.47853
3 198022430 7059 0.0812893 86838 1.27413
4 191154276 8957 0.103146 86838 1.67445
5 180915260 8030 0.092471 86838 1.58612
6 171115067 2596 0.0298947 86838 0.541571
7 159138663 1583 0.0182293 86838 0.355348
8 146364022 3748 0.0431608 86838 0.914424
9 141213431 3009 0.0346507 86838 0.761554
10 135534747 2025 0.0233193 86838 0.533622
11 135006516 3772 0.0434372 86838 0.998556
12 133851895 5450 0.0627605 86838 1.45279
13 115169878 2833 0.032624 86838 0.879352
14 107349540 1825 0.0210161 86838 0.607403
15 102531392 1846 0.021258 86838 0.642235
16 90354753 2226 0.0256339 86838 0.880891
17 81195210 1237 0.0142449 86838 0.543699
18 78077248 1356 0.0156153 86838 0.619654
19 59128983 689 0.00793431 86838 0.415409
20 63025520 595 0.00685184 86838 0.337529
21 48129895 979 0.0112739 86838 0.727346
22 51304566 140 0.0016122 86838 0.0977089
X 155270560 8442 0.0972155 86838 1.94043
Y 59373566 62 0.000713973 86838 0.0373808
