1 249250621 3788 0.0905895 41815 1.12674
2 243199373 2998 0.0716968 41815 0.914499
3 198022430 4157 0.0994141 41815 1.55821
4 191154276 2970 0.0710271 41815 1.15304
5 180915260 2624 0.0627526 41815 1.07637
6 171115067 1833 0.0438359 41815 0.794129
7 159138663 1910 0.0456774 41815 0.890397
8 146364022 1168 0.0279326 41815 0.591792
9 141213431 1095 0.0261868 41815 0.575534
10 135534747 1747 0.0417793 41815 0.956047
11 135006516 2081 0.0497668 41815 1.14407
12 133851895 2457 0.0587588 41815 1.36016
13 115169878 2965 0.0709076 41815 1.91126
14 107349540 612 0.0146359 41815 0.423003
15 102531392 585 0.0139902 41815 0.422664
16 90354753 676 0.0161664 41815 0.555548
17 81195210 778 0.0186058 41815 0.710144
18 78077248 1375 0.0328829 41815 1.30488
19 59128983 612 0.0146359 41815 0.766277
20 63025520 360 0.00860935 41815 0.424106
21 48129895 106 0.00253498 41815 0.163547
22 51304566 314 0.00750927 41815 0.455107
X 155270560 1487 0.0355614 41815 0.709808
Y 59373566 18 0.000430468 41815 0.0225376
