1 249250621 5967 0.0826878 72163 1.02846
2 243199373 7017 0.0972382 72163 1.24028
3 198022430 5552 0.0769369 72163 1.20591
4 191154276 7243 0.10037 72163 1.62938
5 180915260 5036 0.0697865 72163 1.19702
6 171115067 5906 0.0818425 72163 1.48265
7 159138663 2261 0.0313318 72163 0.610757
8 146364022 4552 0.0630794 72163 1.33643
9 141213431 2015 0.0279229 72163 0.61369
10 135534747 1767 0.0244862 72163 0.560326
11 135006516 3624 0.0502196 72163 1.15447
12 133851895 2155 0.0298629 72163 0.691272
13 115169878 4144 0.0574256 72163 1.54786
14 107349540 722 0.0100051 72163 0.289166
15 102531392 630 0.00873024 72163 0.263753
16 90354753 905 0.0125411 72163 0.430964
17 81195210 551 0.00763549 72163 0.291431
18 78077248 1577 0.0218533 72163 0.867195
19 59128983 320 0.00443441 72163 0.232168
20 63025520 212 0.00293779 72163 0.144719
21 48129895 709 0.00982498 72163 0.63387
22 51304566 193 0.0026745 72163 0.162091
X 155270560 3962 0.0549035 72163 1.09588
Y 59373566 52 0.000720591 72163 0.0377273
