1 249250621 2545 0.0740558 34366 0.921091
2 243199373 2822 0.082116 34366 1.0474
3 198022430 2709 0.0788279 34366 1.23555
4 191154276 2223 0.064686 34366 1.0501
5 180915260 2152 0.06262 34366 1.0741
6 171115067 1905 0.0554327 34366 1.00422
7 159138663 1613 0.0469359 34366 0.91493
8 146364022 1862 0.0541815 34366 1.14791
9 141213431 1387 0.0403597 34366 0.887025
10 135534747 1258 0.0366059 34366 0.837665
11 135006516 1379 0.0401269 34366 0.922457
12 133851895 1366 0.0397486 34366 0.920106
13 115169878 1893 0.0550835 34366 1.48473
14 107349540 721 0.02098 34366 0.606359
15 102531392 700 0.020369 34366 0.615377
16 90354753 624 0.0181575 34366 0.623968
17 81195210 534 0.0155386 34366 0.593077
18 78077248 745 0.0216784 34366 0.860254
19 59128983 252 0.00733283 34366 0.383918
20 63025520 457 0.013298 34366 0.655075
21 48129895 424 0.0123378 34366 0.795986
22 51304566 172 0.00500495 34366 0.30333
X 155270560 1990 0.0579061 34366 1.15581
Y 59373566 15 0.000436478 34366 0.0228522
