1 249250621 2299 0.0783358 29348 0.974326
2 243199373 2099 0.0715211 29348 0.912258
3 198022430 2070 0.0705329 29348 1.10553
4 191154276 2717 0.0925787 29348 1.5029
5 180915260 2013 0.0685907 29348 1.17651
6 171115067 2112 0.071964 29348 1.3037
7 159138663 1849 0.0630026 29348 1.22812
8 146364022 1331 0.0453523 29348 0.960854
9 141213431 1227 0.0418086 29348 0.918871
10 135534747 1163 0.0396279 29348 0.906817
11 135006516 561 0.0191154 29348 0.439435
12 133851895 1287 0.0438531 29348 1.01512
13 115169878 1839 0.0626619 29348 1.689
14 107349540 783 0.0266798 29348 0.771094
15 102531392 425 0.0144814 29348 0.437504
16 90354753 463 0.0157762 29348 0.542138
17 81195210 305 0.0103925 29348 0.396661
18 78077248 526 0.0179229 29348 0.711224
19 59128983 335 0.0114147 29348 0.597631
20 63025520 123 0.00419109 29348 0.206457
21 48129895 211 0.00718959 29348 0.463844
22 51304566 91 0.00310072 29348 0.187923
X 155270560 1378 0.0469538 29348 0.937202
Y 59373566 17 0.000579256 29348 0.0303275
