1 249250621 9858 0.0877741 112311 1.09172
2 243199373 9867 0.0878543 112311 1.12059
3 198022430 6207 0.0552662 112311 0.866241
4 191154276 7998 0.071213 112311 1.15605
5 180915260 6599 0.0587565 112311 1.00783
6 171115067 8026 0.0714623 112311 1.29461
7 159138663 7173 0.0638673 112311 1.24498
8 146364022 6384 0.0568422 112311 1.20428
9 141213431 4277 0.0380818 112311 0.836962
10 135534747 4587 0.0408419 112311 0.934598
11 135006516 6371 0.0567264 112311 1.30406
12 133851895 2711 0.0241383 112311 0.558758
13 115169878 5655 0.0503513 112311 1.35718
14 107349540 3124 0.0278156 112311 0.80392
15 102531392 1837 0.0163564 112311 0.49415
16 90354753 1060 0.00943808 112311 0.324333
17 81195210 2203 0.0196152 112311 0.748671
18 78077248 2087 0.0185823 112311 0.737394
19 59128983 983 0.00875248 112311 0.458245
20 63025520 789 0.00702514 112311 0.346066
21 48129895 1373 0.012225 112311 0.788709
22 51304566 714 0.00635735 112311 0.385294
X 155270560 6761 0.0601989 112311 1.20158
Y 59373566 78 0.0006945 112311 0.0363613
