1 249250621 99 0.00107795 91841 0.0134073
2 243199373 93 0.00101262 91841 0.0129161
3 198022430 72 0.000783964 91841 0.0122878
4 191154276 87 0.000947289 91841 0.0153781
5 180915260 60 0.000653303 91841 0.0112059
6 171115067 64 0.000696857 91841 0.0126242
7 159138663 97 0.00105617 91841 0.0205882
8 146364022 54 0.000587973 91841 0.012457
9 141213431 46 0.000500866 91841 0.011008
10 135534747 29 0.000315763 91841 0.0072257
11 135006516 40 0.000435535 91841 0.0100123
12 133851895 45 0.000489977 91841 0.0113421
13 115169878 47 0.000511754 91841 0.0137939
14 107349540 13 0.000141549 91841 0.00409101
15 102531392 27 0.000293986 91841 0.00888176
16 90354753 25 0.00027221 91841 0.00935428
17 81195210 23 0.000250433 91841 0.0095585
18 78077248 26 0.000283098 91841 0.011234
19 59128983 10 0.000108884 91841 0.00570072
20 63025520 60 0.000653303 91841 0.0321824
21 48129895 8 8.71071e-05 91841 0.00561981
22 51304566 7 7.62187e-05 91841 0.00461931
X 155270560 47 0.000511754 91841 0.0102147
Y 59373566 3 3.26651e-05 91841 0.00171022
