1 249250621 2813 0.0791324 35548 0.984234
2 243199373 3158 0.0888376 35548 1.13313
3 198022430 2913 0.0819455 35548 1.28441
4 191154276 3041 0.0855463 35548 1.38874
5 180915260 2361 0.0664172 35548 1.13923
6 171115067 2543 0.0715371 35548 1.29596
7 159138663 1339 0.0376674 35548 0.734257
8 146364022 1435 0.040368 35548 0.855253
9 141213431 1239 0.0348543 35548 0.766028
10 135534747 1449 0.0407618 35548 0.932764
11 135006516 1004 0.0282435 35548 0.649276
12 133851895 1285 0.0361483 35548 0.836766
13 115169878 2148 0.0604253 35548 1.62872
14 107349540 965 0.0271464 35548 0.784578
15 102531392 572 0.0160909 35548 0.48613
16 90354753 427 0.0120119 35548 0.412781
17 81195210 262 0.00737032 35548 0.28131
18 78077248 699 0.0196636 35548 0.7803
19 59128983 198 0.00556993 35548 0.29162
20 63025520 257 0.00722966 35548 0.356141
21 48129895 339 0.0095364 35548 0.615252
22 51304566 142 0.0039946 35548 0.242097
X 155270560 1986 0.0558681 35548 1.11513
Y 59373566 16 0.000450096 35548 0.0235652
