1 249250621 9603 0.0737331 130240 0.917078
2 243199373 16325 0.125346 130240 1.59879
3 198022430 10293 0.079031 130240 1.23873
4 191154276 10007 0.0768351 130240 1.24732
5 180915260 9743 0.074808 130240 1.28316
6 171115067 8452 0.0648956 130240 1.17564
7 159138663 7644 0.0586916 130240 1.14409
8 146364022 5029 0.0386133 130240 0.818079
9 141213431 4023 0.0308891 130240 0.678882
10 135534747 3538 0.0271652 130240 0.62163
11 135006516 6114 0.0469441 130240 1.07917
12 133851895 5130 0.0393888 130240 0.911778
13 115169878 5847 0.044894 130240 1.21008
14 107349540 2091 0.016055 130240 0.464017
15 102531392 1703 0.0130759 130240 0.395041
16 90354753 1237 0.00949785 130240 0.326387
17 81195210 1185 0.00909859 130240 0.347274
18 78077248 2375 0.0182356 130240 0.723634
19 59128983 877 0.00673372 130240 0.352551
20 63025520 1740 0.01336 130240 0.658126
21 48129895 1047 0.008039 130240 0.518645
22 51304566 504 0.00386978 130240 0.234532
X 155270560 9318 0.0715448 130240 1.42804
Y 59373566 97 0.000744779 130240 0.0389937
