1 249250621 1 0.000220556 4534 0.00274323
2 243199373 7 0.00154389 4534 0.0196925
3 198022430 7 0.00154389 4534 0.0241989
4 191154276 3 0.000661667 4534 0.0107414
5 180915260 0 0 4534 0
6 171115067 2 0.000441112 4534 0.00799115
7 159138663 6 0.00132333 4534 0.025796
8 146364022 3 0.000661667 4534 0.0140184
9 141213431 0 0 4534 0
10 135534747 2 0.000441112 4534 0.0100941
11 135006516 1 0.000220556 4534 0.00507025
12 133851895 1 0.000220556 4534 0.00510546
13 115169878 0 0 4534 0
14 107349540 2 0.000441112 4534 0.0127489
15 102531392 0 0 4534 0
16 90354753 0 0 4534 0
17 81195210 0 0 4534 0
18 78077248 1 0.000220556 4534 0.00875221
19 59128983 0 0 4534 0
20 63025520 6 0.00132333 4534 0.0651889
21 48129895 0 0 4534 0
22 51304566 0 0 4534 0
X 155270560 0 0 4534 0
Y 59373566 1 0.000220556 4534 0.0115474
