1 249250621 81 0.00122364 66196 0.0152194
2 243199373 104 0.00157109 66196 0.0200394
3 198022430 52 0.000785546 66196 0.0123126
4 191154276 66 0.000997039 66196 0.0161857
5 180915260 61 0.000921506 66196 0.0158063
6 171115067 63 0.000951719 66196 0.0172413
7 159138663 81 0.00122364 66196 0.0238526
8 146364022 63 0.000951719 66196 0.0201635
9 141213431 41 0.000619373 66196 0.0136126
10 135534747 29 0.000438093 66196 0.010025
11 135006516 41 0.000619373 66196 0.0142385
12 133851895 30 0.0004532 66196 0.0104907
13 115169878 32 0.000483413 66196 0.01303
14 107349540 22 0.000332346 66196 0.00960539
15 102531392 27 0.00040788 66196 0.0123226
16 90354753 24 0.00036256 66196 0.0124591
17 81195210 24 0.00036256 66196 0.0138382
18 78077248 21 0.00031724 66196 0.0125889
19 59128983 8 0.000120853 66196 0.00632739
20 63025520 40 0.000604266 66196 0.0297668
21 48129895 9 0.00013596 66196 0.0087716
22 51304566 4 6.04266e-05 66196 0.00366222
X 155270560 53 0.000800653 66196 0.0159811
Y 59373566 3 4.532e-05 66196 0.00237277
