1 249250621 18 0.00115666 15562 0.0143864
2 243199373 11 0.00070685 15562 0.00901594
3 198022430 17 0.0010924 15562 0.0171223
4 191154276 13 0.000835368 15562 0.0135612
5 180915260 13 0.000835368 15562 0.0143288
6 171115067 6 0.000385555 15562 0.00698468
7 159138663 10 0.000642591 15562 0.0125261
8 146364022 9 0.000578332 15562 0.0122528
9 141213431 1 6.42591e-05 15562 0.00141229
10 135534747 10 0.000642591 15562 0.0147046
11 135006516 8 0.000514073 15562 0.0118178
12 133851895 9 0.000578332 15562 0.0133873
13 115169878 11 0.00070685 15562 0.0190526
14 107349540 2 0.000128518 15562 0.0037144
15 102531392 0 0 15562 0
16 90354753 4 0.000257036 15562 0.00883286
17 81195210 4 0.000257036 15562 0.00981055
18 78077248 7 0.000449814 15562 0.0178497
19 59128983 0 0 15562 0
20 63025520 16 0.00102815 15562 0.0506476
21 48129895 4 0.000257036 15562 0.016583
22 51304566 3 0.000192777 15562 0.0116835
X 155270560 4 0.000257036 15562 0.00513047
Y 59373566 2 0.000128518 15562 0.0067287
