1 249250621 5589 0.0932666 59925 1.16003
2 243199373 5733 0.0956696 59925 1.22028
3 198022430 4567 0.0762119 59925 1.19454
4 191154276 4548 0.0758949 59925 1.23206
5 180915260 4248 0.0708886 59925 1.21593
6 171115067 4207 0.0702044 59925 1.27182
7 159138663 3423 0.0571214 59925 1.11348
8 146364022 3000 0.0500626 59925 1.06065
9 141213431 2413 0.040267 59925 0.884989
10 135534747 1836 0.0306383 59925 0.701105
11 135006516 1815 0.0302879 59925 0.696273
12 133851895 1615 0.0269504 59925 0.623851
13 115169878 3722 0.062111 59925 1.67415
14 107349540 1584 0.026433 59925 0.763961
15 102531392 916 0.0152858 59925 0.461806
16 90354753 715 0.0119316 59925 0.41002
17 81195210 563 0.00939508 59925 0.358591
18 78077248 1156 0.0192908 59925 0.765507
19 59128983 518 0.00864414 59925 0.452573
20 63025520 770 0.0128494 59925 0.632975
21 48129895 527 0.00879433 59925 0.567376
22 51304566 241 0.00402169 59925 0.243739
X 155270560 2685 0.044806 59925 0.894331
Y 59373566 37 0.000617438 59925 0.0323266
