1 249250621 39519 0.0834948 473311 1.03849
2 243199373 41863 0.0884471 473311 1.12815
3 198022430 29343 0.0619952 473311 0.971711
4 191154276 35995 0.0760494 473311 1.23457
5 180915260 29120 0.061524 473311 1.0553
6 171115067 27813 0.0587626 473311 1.06454
7 159138663 29183 0.0616571 473311 1.20189
8 146364022 23944 0.0505883 473311 1.07179
9 141213431 18215 0.0384842 473311 0.845807
10 135534747 16058 0.033927 473311 0.77636
11 135006516 19302 0.0407808 473311 0.93749
12 133851895 17164 0.0362637 473311 0.839437
13 115169878 22102 0.0466966 473311 1.25867
14 107349540 10530 0.0222475 473311 0.642992
15 102531392 9845 0.0208003 473311 0.628407
16 90354753 10951 0.023137 473311 0.795086
17 81195210 8017 0.0169381 473311 0.646493
18 78077248 7938 0.0167712 473311 0.665524
19 59128983 5768 0.0121865 473311 0.638036
20 63025520 5865 0.0123914 473311 0.610415
21 48129895 5884 0.0124316 473311 0.802037
22 51304566 3404 0.00719189 473311 0.435872
X 155270560 29745 0.0628445 473311 1.25438
Y 59373566 380 0.000802855 473311 0.0420343
