1 249250621 5545 0.0801104 69217 0.996398
2 243199373 5836 0.0843145 69217 1.07544
3 198022430 5563 0.0803704 69217 1.25972
4 191154276 6985 0.100915 69217 1.63822
5 180915260 4671 0.0674834 69217 1.15752
6 171115067 5156 0.0744904 69217 1.34946
7 159138663 3769 0.0544519 69217 1.06144
8 146364022 3800 0.0548998 69217 1.16313
9 141213431 1772 0.0256006 69217 0.562652
10 135534747 2410 0.034818 69217 0.796751
11 135006516 2161 0.0312207 69217 0.717716
12 133851895 3029 0.0437609 69217 1.01298
13 115169878 4546 0.0656775 69217 1.77028
14 107349540 1451 0.0209631 69217 0.605869
15 102531392 563 0.00813384 69217 0.245735
16 90354753 1276 0.0184348 69217 0.633498
17 81195210 411 0.00593785 69217 0.226635
18 78077248 1589 0.0229568 69217 0.910984
19 59128983 364 0.00525882 69217 0.275331
20 63025520 483 0.00697805 69217 0.343747
21 48129895 964 0.0139272 69217 0.89853
22 51304566 224 0.0032362 69217 0.196133
X 155270560 4024 0.058136 69217 1.1604
Y 59373566 32 0.000462314 69217 0.0242049
