1 249250621 37 0.00106069 34883 0.0131926
2 243199373 43 0.00123269 34883 0.0157231
3 198022430 32 0.000917352 34883 0.0143786
4 191154276 29 0.000831351 34883 0.0134959
5 180915260 36 0.00103202 34883 0.0177019
6 171115067 35 0.00100335 34883 0.0181767
7 159138663 43 0.00123269 34883 0.0240291
8 146364022 13 0.000372674 34883 0.00789564
9 141213431 18 0.000516011 34883 0.0113409
10 135534747 18 0.000516011 34883 0.011808
11 135006516 15 0.000430009 34883 0.00988526
12 133851895 20 0.000573345 34883 0.0132719
13 115169878 18 0.000516011 34883 0.0139086
14 107349540 10 0.000286673 34883 0.00828534
15 102531392 39 0.00111802 34883 0.0337771
16 90354753 10 0.000286673 34883 0.00985129
17 81195210 8 0.000229338 34883 0.00875336
18 78077248 10 0.000286673 34883 0.0113759
19 59128983 5 0.000143336 34883 0.00750452
20 63025520 18 0.000516011 34883 0.0254192
21 48129895 2 5.73345e-05 34883 0.003699
22 51304566 1 2.86673e-05 34883 0.00173741
X 155270560 18 0.000516011 34883 0.0102996
Y 59373566 3 8.60018e-05 34883 0.00450271
