1 249250621 3495 0.0812545 43013 1.01063
2 243199373 3490 0.0811383 43013 1.03493
3 198022430 2611 0.0607026 43013 0.951451
4 191154276 4194 0.0975054 43013 1.58288
5 180915260 3864 0.0898333 43013 1.54088
6 171115067 3605 0.0838119 43013 1.51833
7 159138663 1494 0.0347337 43013 0.67707
8 146364022 2594 0.0603073 43013 1.2777
9 141213431 1195 0.0277823 43013 0.6106
10 135534747 1598 0.0371516 43013 0.85015
11 135006516 1763 0.0409876 43013 0.942244
12 133851895 2346 0.0545417 43013 1.26254
13 115169878 1447 0.033641 43013 0.906765
14 107349540 639 0.014856 43013 0.429363
15 102531392 945 0.0219701 43013 0.663749
16 90354753 503 0.0116941 43013 0.40186
17 81195210 705 0.0163904 43013 0.625588
18 78077248 691 0.0160649 43013 0.637496
19 59128983 291 0.0067654 43013 0.354209
20 63025520 157 0.00365006 43013 0.179806
21 48129895 407 0.00946226 43013 0.610468
22 51304566 210 0.00488224 43013 0.295894
X 155270560 2575 0.0598656 43013 1.19492
Y 59373566 32 0.000743961 43013 0.0389508
