1 249250621 6236 0.100207 62231 1.24636
2 243199373 4346 0.0698366 62231 0.890773
3 198022430 3614 0.058074 62231 0.91025
4 191154276 5518 0.0886696 62231 1.43944
5 180915260 4238 0.0681011 62231 1.16812
6 171115067 4800 0.077132 62231 1.39732
7 159138663 4733 0.0760553 62231 1.48256
8 146364022 2821 0.0453311 62231 0.960405
9 141213431 2118 0.0340345 62231 0.748011
10 135534747 2064 0.0331667 62231 0.758965
11 135006516 2837 0.0455882 62231 1.048
12 133851895 2708 0.0435153 62231 1.0073
13 115169878 3766 0.0605165 62231 1.63117
14 107349540 780 0.0125339 62231 0.362253
15 102531392 1064 0.0170976 62231 0.516543
16 90354753 572 0.00919156 62231 0.315861
17 81195210 920 0.0147836 62231 0.564261
18 78077248 1133 0.0182064 62231 0.722475
19 59128983 255 0.00409764 62231 0.214536
20 63025520 508 0.00816313 62231 0.402125
21 48129895 354 0.00568848 62231 0.366999
22 51304566 166 0.00266748 62231 0.161666
X 155270560 3126 0.0502322 62231 1.00264
Y 59373566 34 0.000546351 62231 0.0286048
