1 249250621 10 0.000623403 16041 0.00775376
2 243199373 21 0.00130915 16041 0.0166983
3 198022430 15 0.000935104 16041 0.0146568
4 191154276 8 0.000498722 16041 0.00809614
5 180915260 23 0.00143383 16041 0.0245939
6 171115067 24 0.00149617 16041 0.0271045
7 159138663 20 0.00124681 16041 0.0243042
8 146364022 13 0.000810423 16041 0.01717
9 141213431 6 0.000374042 16041 0.00822069
10 135534747 85 0.00529892 16041 0.121257
11 135006516 17 0.00105978 16041 0.0243629
12 133851895 12 0.000748083 16041 0.0173167
13 115169878 19 0.00118446 16041 0.0319263
14 107349540 6 0.000374042 16041 0.0108104
15 102531392 6 0.000374042 16041 0.0113003
16 90354753 3 0.000187021 16041 0.00642683
17 81195210 12 0.000748083 16041 0.0285528
18 78077248 6 0.000374042 16041 0.0148429
19 59128983 0 0 16041 0
20 63025520 5 0.000311701 16041 0.0153547
21 48129895 2 0.000124681 16041 0.0080439
22 51304566 0 0 16041 0
X 155270560 23 0.00143383 16041 0.0286193
Y 59373566 1 6.23403e-05 16041 0.00326389
