1 249250621 5784 0.0661422 87448 0.822664
2 243199373 7991 0.09138 87448 1.16556
3 198022430 5083 0.058126 87448 0.911065
4 191154276 6378 0.0729348 87448 1.18401
5 180915260 6511 0.0744557 87448 1.27711
6 171115067 7153 0.0817972 87448 1.48183
7 159138663 4909 0.0561362 87448 1.09427
8 146364022 4862 0.0555988 87448 1.17794
9 141213431 3167 0.0362158 87448 0.795952
10 135534747 3285 0.0375652 87448 0.859615
11 135006516 4540 0.0519166 87448 1.19348
12 133851895 2289 0.0261756 87448 0.605916
13 115169878 4765 0.0544895 87448 1.46872
14 107349540 2063 0.0235912 87448 0.681826
15 102531392 1299 0.0148545 87448 0.448778
16 90354753 907 0.0103719 87448 0.356422
17 81195210 1262 0.0144314 87448 0.550818
18 78077248 1898 0.0217043 87448 0.861283
19 59128983 554 0.00633519 87448 0.331686
20 63025520 926 0.0105892 87448 0.521633
21 48129895 487 0.00556902 87448 0.359292
22 51304566 542 0.00619797 87448 0.375634
X 155270560 6194 0.0708307 87448 1.41379
Y 59373566 70 0.000800476 87448 0.0419097
