1 249250621 40 0.000841468 47536 0.010466
2 243199373 48 0.00100976 47536 0.0128796
3 198022430 39 0.000820431 47536 0.0128594
4 191154276 34 0.000715247 47536 0.0116112
5 180915260 30 0.000631101 47536 0.0108251
6 171115067 35 0.000736284 47536 0.0133385
7 159138663 38 0.000799394 47536 0.0155827
8 146364022 30 0.000631101 47536 0.0133708
9 141213431 23 0.000483844 47536 0.0106339
10 135534747 16 0.000336587 47536 0.00770222
11 135006516 23 0.000483844 47536 0.0111228
12 133851895 23 0.000483844 47536 0.0112001
13 115169878 22 0.000462807 47536 0.0124746
14 107349540 8 0.000168294 47536 0.00486397
15 102531392 5 0.000105183 47536 0.00317775
16 90354753 6 0.00012622 47536 0.00433746
17 81195210 7 0.000147257 47536 0.00562049
18 78077248 7 0.000147257 47536 0.00584352
19 59128983 4 8.41468e-05 47536 0.00440559
20 63025520 21 0.00044177 47536 0.0217621
21 48129895 4 8.41468e-05 47536 0.00542882
22 51304566 1 2.10367e-05 47536 0.00127495
X 155270560 22 0.000462807 47536 0.00923767
Y 59373566 2 4.20734e-05 47536 0.00220279
