1 249250621 9 0.00134208 6706 0.0166926
2 243199373 15 0.0022368 6706 0.0285306
3 198022430 9 0.00134208 6706 0.0210358
4 191154276 13 0.00193856 6706 0.0314702
5 180915260 2 0.00029824 6706 0.00511562
6 171115067 1 0.00014912 6706 0.00270145
7 159138663 11 0.00164032 6706 0.0319751
8 146364022 8 0.00119296 6706 0.0252746
9 141213431 12 0.00178944 6706 0.0393284
10 135534747 0 0 6706 0
11 135006516 2 0.00029824 6706 0.0068561
12 133851895 5 0.000745601 6706 0.0172593
13 115169878 2 0.00029824 6706 0.00803882
14 107349540 2 0.00029824 6706 0.00861966
15 102531392 0 0 6706 0
16 90354753 3 0.000447361 6706 0.0153732
17 81195210 2 0.00029824 6706 0.0113832
18 78077248 1 0.00014912 6706 0.00591747
19 59128983 0 0 6706 0
20 63025520 7 0.00104384 6706 0.0514208
21 48129895 0 0 6706 0
22 51304566 0 0 6706 0
X 155270560 7 0.00104384 6706 0.0208352
Y 59373566 0 0 6706 0
