1 249250621 8184 0.0659346 124123 0.820082
2 243199373 7590 0.061149 124123 0.779962
3 198022430 6335 0.0510381 124123 0.79997
4 191154276 8099 0.0652498 124123 1.05925
5 180915260 7721 0.0622044 124123 1.06697
6 171115067 5368 0.0432474 124123 0.783468
7 159138663 5194 0.0418456 124123 0.815703
8 146364022 4113 0.0331365 124123 0.702044
9 141213431 2173 0.0175068 124123 0.384765
10 135534747 1556 0.012536 124123 0.286864
11 135006516 2543 0.0204877 124123 0.470983
12 133851895 4429 0.0356823 124123 0.82598
13 115169878 4416 0.0355776 124123 0.958965
14 107349540 2107 0.0169751 124123 0.49061
15 102531392 1206 0.00971617 124123 0.29354
16 90354753 863 0.00695278 124123 0.238927
17 81195210 636 0.00512395 124123 0.195571
18 78077248 1524 0.0122781 124123 0.487228
19 59128983 947 0.00762953 124123 0.399452
20 63025520 507 0.00408466 124123 0.201215
21 48129895 1580 0.0127293 124123 0.821246
22 51304566 394 0.00317427 124123 0.19238
X 155270560 7151 0.0576122 124123 1.14994
Y 59373566 121 0.000974839 124123 0.0510387
