1 249250621 7840 0.0923722 84874 1.14891
2 243199373 7577 0.0892735 84874 1.13869
3 198022430 5317 0.0626458 84874 0.981909
4 191154276 7571 0.0892028 84874 1.4481
5 180915260 6339 0.0746872 84874 1.28108
6 171115067 5677 0.0668874 84874 1.21173
7 159138663 5267 0.0620567 84874 1.20968
8 146364022 4086 0.048142 84874 1.01996
9 141213431 3215 0.0378797 84874 0.83252
10 135534747 1854 0.0218441 84874 0.499866
11 135006516 4020 0.0473643 84874 1.08884
12 133851895 4902 0.0577562 84874 1.33695
13 115169878 4880 0.057497 84874 1.54978
14 107349540 1274 0.0150105 84874 0.433829
15 102531392 1515 0.01785 84874 0.539275
16 90354753 927 0.0109221 84874 0.375329
17 81195210 828 0.00975564 84874 0.372353
18 78077248 1638 0.0192992 84874 0.765841
19 59128983 988 0.0116408 84874 0.609465
20 63025520 404 0.00476 84874 0.234483
21 48129895 1268 0.0149398 84874 0.963858
22 51304566 188 0.00221505 84874 0.134245
X 155270560 4192 0.0493909 84874 0.985846
Y 59373566 51 0.000600891 84874 0.0314602
