1 249250621 5654 0.0648447 87193 0.806526
2 243199373 8172 0.0937231 87193 1.19545
3 198022430 7667 0.0879314 87193 1.37823
4 191154276 6162 0.0706708 87193 1.14725
5 180915260 5407 0.0620119 87193 1.06367
6 171115067 5638 0.0646612 87193 1.1714
7 159138663 5525 0.0633652 87193 1.23519
8 146364022 3925 0.0450151 87193 0.953709
9 141213431 3412 0.0391316 87193 0.860035
10 135534747 2377 0.0272614 87193 0.62383
11 135006516 3992 0.0457835 87193 1.05249
12 133851895 3958 0.0453936 87193 1.05078
13 115169878 3769 0.0432259 87193 1.16512
14 107349540 2234 0.0256213 87193 0.740501
15 102531392 1210 0.0138773 87193 0.419253
16 90354753 1285 0.0147374 87193 0.506441
17 81195210 969 0.0111133 87193 0.424171
18 78077248 2587 0.0296698 87193 1.17737
19 59128983 477 0.00547062 87193 0.28642
20 63025520 1561 0.0179028 87193 0.881912
21 48129895 1073 0.012306 87193 0.793938
22 51304566 286 0.00328008 87193 0.198793
X 155270560 4896 0.0561513 87193 1.12078
Y 59373566 30 0.000344064 87193 0.0180138
