1 249250621 52105 0.105071 495901 1.30686
2 243199373 37186 0.0749867 495901 0.956464
3 198022430 31110 0.0627343 495901 0.983296
4 191154276 31747 0.0640188 495901 1.03927
5 180915260 33630 0.067816 495901 1.16322
6 171115067 33284 0.0671182 495901 1.21591
7 159138663 28733 0.057941 495901 1.12945
8 146364022 20636 0.0416131 495901 0.881634
9 141213431 13551 0.027326 495901 0.600572
10 135534747 16051 0.0323673 495901 0.740672
11 135006516 22691 0.0457571 495901 1.05189
12 133851895 20407 0.0411514 495901 0.952578
13 115169878 20841 0.0420265 495901 1.13279
14 107349540 14264 0.0287638 495901 0.831324
15 102531392 11906 0.0240088 495901 0.725342
16 90354753 10669 0.0215144 495901 0.739326
17 81195210 11198 0.0225811 495901 0.861875
18 78077248 11646 0.0234845 495901 0.931926
19 59128983 7253 0.0146259 495901 0.765754
20 63025520 7228 0.0145755 495901 0.718004
21 48129895 6234 0.0125711 495901 0.811036
22 51304566 5772 0.0116394 495901 0.705419
X 155270560 24306 0.0490138 495901 0.97832
Y 59373566 281 0.000566645 495901 0.0296673
