1 249250621 6200 0.094554 65571 1.17604
2 243199373 4386 0.0668893 65571 0.85318
3 198022430 4516 0.0688719 65571 1.0795
4 191154276 6040 0.0921139 65571 1.49536
5 180915260 5321 0.0811487 65571 1.39192
6 171115067 3954 0.060301 65571 1.09241
7 159138663 3540 0.0539873 65571 1.05238
8 146364022 3290 0.0501746 65571 1.06302
9 141213431 2754 0.0420003 65571 0.923083
10 135534747 1977 0.0301505 65571 0.689943
11 135006516 2303 0.0351222 65571 0.807408
12 133851895 2916 0.0444709 65571 1.02942
13 115169878 3562 0.0543228 65571 1.46423
14 107349540 2188 0.0333684 65571 0.964405
15 102531392 855 0.0130393 65571 0.393937
16 90354753 658 0.0100349 65571 0.344843
17 81195210 726 0.011072 65571 0.422594
18 78077248 1181 0.018011 65571 0.714723
19 59128983 241 0.00367541 65571 0.19243
20 63025520 278 0.00423968 65571 0.208851
21 48129895 765 0.0116667 65571 0.752693
22 51304566 246 0.00375166 65571 0.227373
X 155270560 4301 0.065593 65571 1.30924
Y 59373566 33 0.000503271 65571 0.0263493
