1 249250621 24 0.00493726 4861 0.0614087
2 243199373 18 0.00370294 4861 0.0472314
3 198022430 17 0.00349722 4861 0.0548154
4 191154276 17 0.00349722 4861 0.0567731
5 180915260 8 0.00164575 4861 0.028229
6 171115067 18 0.00370294 4861 0.0670823
7 159138663 107 0.0220119 4861 0.429082
8 146364022 23 0.00473154 4861 0.100244
9 141213431 11 0.00226291 4861 0.0497343
10 135534747 13 0.00267435 4861 0.0611979
11 135006516 21 0.0043201 4861 0.0993126
12 133851895 67 0.0137832 4861 0.319055
13 115169878 54 0.0111088 4861 0.299429
14 107349540 14 0.00288007 4861 0.0832389
15 102531392 3 0.000617157 4861 0.0186452
16 90354753 4 0.000822876 4861 0.0282775
17 81195210 8 0.00164575 4861 0.062815
18 78077248 6 0.00123431 4861 0.0489807
19 59128983 4 0.000822876 4861 0.0430825
20 63025520 3 0.000617157 4861 0.0304018
21 48129895 0 0 4861 0
22 51304566 0 0 4861 0
X 155270560 20 0.00411438 4861 0.0821233
Y 59373566 0 0 4861 0
