1 249250621 10199 0.0894516 114017 1.11258
2 243199373 8434 0.0739714 114017 0.943513
3 198022430 7461 0.0654376 114017 1.02567
4 191154276 7729 0.0677881 114017 1.10046
5 180915260 6919 0.0606839 114017 1.04089
6 171115067 7604 0.0666918 114017 1.20818
7 159138663 6614 0.0580089 114017 1.13078
8 146364022 4750 0.0416605 114017 0.882637
9 141213431 3973 0.0348457 114017 0.765839
10 135534747 8776 0.076971 114017 1.76135
11 135006516 2518 0.0220844 114017 0.507688
12 133851895 5598 0.0490979 114017 1.13653
13 115169878 5570 0.0488524 114017 1.31678
14 107349540 2758 0.0241894 114017 0.699115
15 102531392 1977 0.0173395 114017 0.523853
16 90354753 2585 0.0226721 114017 0.779109
17 81195210 1943 0.0170413 114017 0.650432
18 78077248 2703 0.023707 114017 0.940754
19 59128983 1065 0.00934071 114017 0.489043
20 63025520 2005 0.0175851 114017 0.866261
21 48129895 1160 0.0101739 114017 0.656382
22 51304566 532 0.00466597 114017 0.282786
X 155270560 5589 0.049019 114017 0.978423
Y 59373566 35 0.000306972 114017 0.0160718
