1 249250621 5180 0.0713646 72585 0.887619
2 243199373 6851 0.0943859 72585 1.2039
3 198022430 7017 0.0966729 72585 1.51525
4 191154276 6014 0.0828546 72585 1.34504
5 180915260 5581 0.0768892 72585 1.31885
6 171115067 2332 0.0321279 72585 0.582026
7 159138663 4608 0.0634842 72585 1.23751
8 146364022 3682 0.0507267 72585 1.07472
9 141213431 2103 0.0289729 72585 0.636768
10 135534747 2860 0.0394021 72585 0.901649
11 135006516 2776 0.0382448 72585 0.879191
12 133851895 4043 0.0557002 72585 1.28936
13 115169878 4258 0.0586623 72585 1.58119
14 107349540 1826 0.0251567 72585 0.727073
15 102531392 647 0.00891369 72585 0.269296
16 90354753 1338 0.0184336 72585 0.633456
17 81195210 445 0.00613074 72585 0.233998
18 78077248 913 0.0125784 72585 0.499141
19 59128983 365 0.00502859 72585 0.263277
20 63025520 853 0.0117517 72585 0.578903
21 48129895 444 0.00611697 72585 0.394643
22 51304566 474 0.00653027 72585 0.395774
X 155270560 4591 0.06325 72585 1.26247
Y 59373566 34 0.000468416 72585 0.0245244
