1 249250621 11239 0.106837 105198 1.32881
2 243199373 8329 0.0791745 105198 1.00988
3 198022430 5017 0.047691 105198 0.747508
4 191154276 6720 0.0638795 105198 1.03701
5 180915260 3405 0.0323675 105198 0.555189
6 171115067 8627 0.0820073 105198 1.48564
7 159138663 7376 0.0701154 105198 1.36677
8 146364022 4173 0.0396681 105198 0.840425
9 141213431 5051 0.0480142 105198 1.05526
10 135534747 8055 0.0765699 105198 1.75217
11 135006516 5277 0.0501626 105198 1.15316
12 133851895 4222 0.0401338 105198 0.929024
13 115169878 4692 0.0446016 105198 1.2022
14 107349540 1133 0.0107702 105198 0.311276
15 102531392 1050 0.00998118 105198 0.301546
16 90354753 2169 0.0206183 105198 0.708531
17 81195210 2106 0.0200194 105198 0.764099
18 78077248 60 0.000570353 105198 0.0226331
19 59128983 986 0.0093728 105198 0.490723
20 63025520 1514 0.0143919 105198 0.708961
21 48129895 1235 0.0117398 105198 0.757404
22 51304566 418 0.00397346 105198 0.240816
X 155270560 6426 0.0610848 105198 1.21926
Y 59373566 56 0.00053233 105198 0.0278707
