1 249250621 9 0.000571138 15758 0.00710371
2 243199373 18 0.00114228 15758 0.0145699
3 198022430 8 0.000507679 15758 0.00795735
4 191154276 11 0.000698058 15758 0.0113321
5 180915260 12 0.000761518 15758 0.0130621
6 171115067 14 0.000888438 15758 0.0160949
7 159138663 11 0.000698058 15758 0.0136074
8 146364022 7 0.000444219 15758 0.00941142
9 141213431 5 0.000317299 15758 0.00697361
10 135534747 11 0.000698058 15758 0.0159739
11 135006516 7 0.000444219 15758 0.0102119
12 133851895 7 0.000444219 15758 0.0102828
13 115169878 6 0.000380759 15758 0.010263
14 107349540 15 0.000951897 15758 0.0275115
15 102531392 4 0.000253839 15758 0.00766886
16 90354753 3 0.000190379 15758 0.00654225
17 81195210 6 0.000380759 15758 0.0145328
18 78077248 4 0.000253839 15758 0.010073
19 59128983 3 0.000190379 15758 0.00996751
20 63025520 8 0.000507679 15758 0.0250088
21 48129895 4 0.000253839 15758 0.0163767
22 51304566 0 0 15758 0
X 155270560 3 0.000190379 15758 0.00379999
Y 59373566 1 6.34598e-05 15758 0.0033225
