1 249250621 1051 0.218186 4817 2.71375
2 243199373 206 0.0427652 4817 0.545475
3 198022430 118 0.0244966 4817 0.383959
4 191154276 340 0.0705834 4817 1.14583
5 180915260 93 0.0193066 4817 0.33116
6 171115067 11 0.00228358 4817 0.0413692
7 159138663 81 0.0168154 4817 0.327786
8 146364022 2 0.000415196 4817 0.00879653
9 141213431 1 0.000207598 4817 0.0045626
10 135534747 26 0.00539755 4817 0.123514
11 135006516 881 0.182894 4817 4.20446
12 133851895 23 0.00477476 4817 0.110527
13 115169878 141 0.0292713 4817 0.788985
14 107349540 37 0.00768113 4817 0.221998
15 102531392 4 0.000830392 4817 0.0250874
16 90354753 482 0.100062 4817 3.43857
17 81195210 23 0.00477476 4817 0.182243
18 78077248 0 0 4817 0
19 59128983 166 0.0344613 4817 1.80426
20 63025520 42 0.00871912 4817 0.429513
21 48129895 533 0.11065 4817 7.1387
22 51304566 1 0.000207598 4817 0.0125817
X 155270560 7 0.00145319 4817 0.0290057
Y 59373566 0 0 4817 0
