1 249250621 6363 0.0817551 77830 1.01685
2 243199373 6990 0.0898111 77830 1.14555
3 198022430 4794 0.0615958 77830 0.965451
4 191154276 6328 0.0813054 77830 1.31989
5 180915260 5529 0.0710394 77830 1.21852
6 171115067 5561 0.0714506 77830 1.29439
7 159138663 4180 0.0537068 77830 1.04692
8 146364022 3404 0.0437363 77830 0.926618
9 141213431 2661 0.0341899 77830 0.751426
10 135534747 2458 0.0315817 77830 0.722692
11 135006516 3777 0.0485288 77830 1.11561
12 133851895 3119 0.0400745 77830 0.927651
13 115169878 5165 0.0663626 77830 1.78875
14 107349540 1084 0.0139278 77830 0.402537
15 102531392 892 0.0114609 77830 0.34625
16 90354753 1605 0.0206219 77830 0.708655
17 81195210 1018 0.0130798 77830 0.499229
18 78077248 1857 0.0238597 77830 0.946813
19 59128983 864 0.0111011 77830 0.58121
20 63025520 820 0.0105358 77830 0.519004
21 48129895 1179 0.0151484 77830 0.977316
22 51304566 137 0.00176025 77830 0.106682
X 155270560 4296 0.0551972 77830 1.10174
Y 59373566 36 0.000462547 77830 0.0242171
