1 249250621 5985 0.0765786 78155 0.95247
2 243199373 6186 0.0791504 78155 1.00957
3 198022430 4648 0.0594716 78155 0.932156
4 191154276 5267 0.0673917 78155 1.09402
5 180915260 5882 0.0752607 78155 1.29092
6 171115067 5894 0.0754142 78155 1.3662
7 159138663 4676 0.0598298 78155 1.16627
8 146364022 4268 0.0546094 78155 1.15698
9 141213431 2656 0.0339838 78155 0.746896
10 135534747 1870 0.0239268 78155 0.547524
11 135006516 2446 0.0312968 78155 0.719466
12 133851895 4172 0.0533811 78155 1.23567
13 115169878 3955 0.0506046 78155 1.364
14 107349540 1537 0.019666 78155 0.568383
15 102531392 1542 0.01973 78155 0.596073
16 90354753 1819 0.0232743 78155 0.799803
17 81195210 541 0.00692214 78155 0.264204
18 78077248 1502 0.0192182 78155 0.762628
19 59128983 839 0.0107351 78155 0.562046
20 63025520 989 0.0126543 78155 0.623367
21 48129895 1051 0.0134476 78155 0.867589
22 51304566 346 0.0044271 78155 0.268309
X 155270560 5247 0.0671358 78155 1.34004
Y 59373566 41 0.000524599 78155 0.0274659
