1 249250621 26 0.00112525 23106 0.0139956
2 243199373 26 0.00112525 23106 0.0143527
3 198022430 27 0.00116853 23106 0.0183155
4 191154276 27 0.00116853 23106 0.0189696
5 180915260 27 0.00116853 23106 0.0200434
6 171115067 30 0.00129836 23106 0.0235211
7 159138663 25 0.00108197 23106 0.021091
8 146364022 21 0.000908855 23106 0.0192554
9 141213431 12 0.000519346 23106 0.0114142
10 135534747 12 0.000519346 23106 0.0118843
11 135006516 10 0.000432788 23106 0.00994915
12 133851895 16 0.000692461 23106 0.0160292
13 115169878 24 0.00103869 23106 0.0279971
14 107349540 14 0.000605903 23106 0.0175117
15 102531392 5 0.000216394 23106 0.00653758
16 90354753 12 0.000519346 23106 0.0178469
17 81195210 5 0.000216394 23106 0.00825931
18 78077248 8 0.00034623 23106 0.0137393
19 59128983 7 0.000302952 23106 0.0158613
20 63025520 18 0.000779018 23106 0.0383753
21 48129895 4 0.000173115 23106 0.0111687
22 51304566 0 0 23106 0
X 155270560 23 0.000995412 23106 0.0198685
Y 59373566 0 0 23106 0
