1 249250621 2998 0.0891333 33635 1.10862
2 243199373 2168 0.0644567 33635 0.822151
3 198022430 2949 0.0876765 33635 1.37424
4 191154276 2874 0.0854467 33635 1.38712
5 180915260 2812 0.0836034 33635 1.43402
6 171115067 3002 0.0892523 33635 1.61689
7 159138663 2202 0.0654675 33635 1.27617
8 146364022 1297 0.038561 33635 0.816971
9 141213431 1156 0.034369 33635 0.755362
10 135534747 1316 0.0391259 33635 0.89533
11 135006516 1120 0.0332986 33635 0.765486
12 133851895 1216 0.0361528 33635 0.836871
13 115169878 1635 0.0486101 33635 1.31024
14 107349540 705 0.0209603 33635 0.605789
15 102531392 532 0.0158169 33635 0.477851
16 90354753 325 0.00966255 33635 0.332047
17 81195210 298 0.00885982 33635 0.338161
18 78077248 1096 0.0325851 33635 1.29306
19 59128983 283 0.00841385 33635 0.440516
20 63025520 95 0.00282444 33635 0.139135
21 48129895 478 0.0142114 33635 0.916864
22 51304566 135 0.00401368 33635 0.243253
X 155270560 1485 0.0441504 33635 0.881246
Y 59373566 12 0.000356771 33635 0.0186791
