1 249250621 2923 0.0781927 37382 0.972546
2 243199373 3040 0.0813226 37382 1.03728
3 198022430 2789 0.0746081 37382 1.16941
4 191154276 2518 0.0673586 37382 1.09348
5 180915260 2487 0.0665293 37382 1.14116
6 171115067 2791 0.0746616 37382 1.35257
7 159138663 1766 0.047242 37382 0.920896
8 146364022 1761 0.0471082 37382 0.998056
9 141213431 1307 0.0349634 37382 0.768425
10 135534747 1545 0.0413301 37382 0.945768
11 135006516 1946 0.0520571 37382 1.19672
12 133851895 1746 0.046707 37382 1.08118
13 115169878 2141 0.0572736 37382 1.54376
14 107349540 759 0.0203039 37382 0.586818
15 102531392 610 0.016318 37382 0.492991
16 90354753 843 0.022551 37382 0.774947
17 81195210 502 0.0134289 37382 0.512554
18 78077248 740 0.0197956 37382 0.785541
19 59128983 283 0.00757049 37382 0.396361
20 63025520 475 0.0127067 37382 0.625943
21 48129895 207 0.00553742 37382 0.357253
22 51304566 160 0.00428013 37382 0.259402
X 155270560 2078 0.0555883 37382 1.10955
Y 59373566 22 0.000588519 37382 0.0308125
