1 249250621 11857 0.12361 95923 1.53743
2 243199373 7400 0.0771452 95923 0.983995
3 198022430 6939 0.0723393 95923 1.13384
4 191154276 7720 0.0804812 95923 1.30651
5 180915260 6354 0.0662406 95923 1.1362
6 171115067 5158 0.0537723 95923 0.974136
7 159138663 4957 0.0516769 95923 1.00735
8 146364022 4439 0.0462767 95923 0.980439
9 141213431 2638 0.0275012 95923 0.604423
10 135534747 3438 0.0358412 95923 0.820166
11 135006516 4419 0.0460682 95923 1.05904
12 133851895 3966 0.0413457 95923 0.957076
13 115169878 5754 0.0599856 95923 1.61686
14 107349540 2273 0.0236961 95923 0.684858
15 102531392 1484 0.0154707 95923 0.467394
16 90354753 907 0.0094555 95923 0.324931
17 81195210 1481 0.0154395 95923 0.589293
18 78077248 2379 0.0248011 95923 0.984172
19 59128983 570 0.00594227 95923 0.311113
20 63025520 880 0.00917402 95923 0.451922
21 48129895 417 0.00434724 95923 0.280467
22 51304566 318 0.00331516 95923 0.200919
X 155270560 4655 0.0485285 95923 0.968633
Y 59373566 63 0.000656777 95923 0.0343862
