1 249250621 58 0.00116193 49917 0.0144519
2 243199373 81 0.00162269 49917 0.0206976
3 198022430 39 0.000781297 49917 0.012246
4 191154276 39 0.000781297 49917 0.0126834
5 180915260 55 0.00110183 49917 0.0188993
6 171115067 24 0.000480798 49917 0.00871011
7 159138663 43 0.00086143 49917 0.016792
8 146364022 26 0.000520865 49917 0.0110353
9 141213431 15 0.000300499 49917 0.00660437
10 135534747 20 0.000400665 49917 0.00916854
11 135006516 20 0.000400665 49917 0.00921069
12 133851895 36 0.000721197 49917 0.0166944
13 115169878 35 0.000701164 49917 0.0188993
14 107349540 15 0.000300499 49917 0.00868494
15 102531392 11 0.000220366 49917 0.00665758
16 90354753 23 0.000460765 49917 0.0158338
17 81195210 8 0.000160266 49917 0.00611702
18 78077248 9 0.000180299 49917 0.00715473
19 59128983 9 0.000180299 49917 0.00943975
20 63025520 46 0.00092153 49917 0.0453956
21 48129895 8 0.000160266 49917 0.0103397
22 51304566 4 8.0133e-05 49917 0.00485655
X 155270560 41 0.000821363 49917 0.0163945
Y 59373566 1 2.00333e-05 49917 0.00104886
