1 249250621 13 0.00075275 17270 0.00936257
2 243199373 34 0.00196873 17270 0.0251114
3 198022430 8 0.000463231 17270 0.00726067
4 191154276 10 0.000579039 17270 0.00939998
5 180915260 18 0.00104227 17270 0.0178777
6 171115067 15 0.000868558 17270 0.0157347
7 159138663 28 0.00162131 17270 0.0316045
8 146364022 7 0.000405327 17270 0.00858744
9 141213431 11 0.000636943 17270 0.0139987
10 135534747 14 0.000810654 17270 0.0185504
11 135006516 9 0.000521135 17270 0.0119801
12 133851895 12 0.000694847 17270 0.0160844
13 115169878 8 0.000463231 17270 0.012486
14 107349540 8 0.000463231 17270 0.0133882
15 102531392 6 0.000347423 17270 0.0104962
16 90354753 0 0 17270 0
17 81195210 8 0.000463231 17270 0.0176806
18 78077248 1 5.79039e-05 17270 0.00229777
19 59128983 0 0 17270 0
20 63025520 24 0.00138969 17270 0.0684578
21 48129895 5 0.000289519 17270 0.0186787
22 51304566 3 0.000173712 17270 0.010528
X 155270560 15 0.000868558 17270 0.0173365
Y 59373566 1 5.79039e-05 17270 0.00303162
