1 249250621 7 0.000339657 20609 0.00422459
2 243199373 20 0.00097045 20609 0.0123782
3 198022430 21 0.00101897 20609 0.0159714
4 191154276 7 0.000339657 20609 0.00551392
5 180915260 13 0.000630792 20609 0.0108198
6 171115067 8 0.00038818 20609 0.00703224
7 159138663 13 0.000630792 20609 0.0122961
8 146364022 11 0.000533747 20609 0.0113082
9 141213431 8 0.00038818 20609 0.00853143
10 135534747 13 0.000630792 20609 0.0144346
11 135006516 15 0.000727837 20609 0.0167319
12 133851895 0 0 20609 0
13 115169878 13 0.000630792 20609 0.0170025
14 107349540 5 0.000242612 20609 0.00701192
15 102531392 2 9.7045e-05 20609 0.00293187
16 90354753 1 4.85225e-05 20609 0.00166744
17 81195210 4 0.00019409 20609 0.00740801
18 78077248 6 0.000291135 20609 0.011553
19 59128983 3 0.000145567 20609 0.00762133
20 63025520 5 0.000242612 20609 0.0119514
21 48129895 4 0.00019409 20609 0.0125219
22 51304566 0 0 20609 0
X 155270560 12 0.00058227 20609 0.0116222
Y 59373566 2 9.7045e-05 20609 0.00508089
