1 249250621 3447 0.0756585 45560 0.941026
2 243199373 3726 0.0817823 45560 1.04314
3 198022430 2411 0.0529192 45560 0.829455
4 191154276 4244 0.0931519 45560 1.51221
5 180915260 3070 0.0673837 45560 1.15581
6 171115067 2662 0.0584284 45560 1.05849
7 159138663 2856 0.0626866 45560 1.22196
8 146364022 2119 0.0465101 45560 0.985383
9 141213431 1811 0.0397498 45560 0.873622
10 135534747 1713 0.0375988 45560 0.860384
11 135006516 1954 0.0428885 45560 0.985942
12 133851895 2019 0.0443152 45560 1.02581
13 115169878 2739 0.0601185 45560 1.62045
14 107349540 1351 0.0296532 45560 0.857029
15 102531392 904 0.019842 45560 0.599455
16 90354753 740 0.0162423 45560 0.558155
17 81195210 688 0.015101 45560 0.576373
18 78077248 581 0.0127524 45560 0.506048
19 59128983 354 0.00776997 45560 0.406805
20 63025520 621 0.0136304 45560 0.671447
21 48129895 481 0.0105575 45560 0.681129
22 51304566 208 0.00456541 45560 0.276691
X 155270560 2852 0.0625988 45560 1.24948
Y 59373566 19 0.000417032 45560 0.0218342
