1 249250621 58 0.00180147 32196 0.0224063
2 243199373 34 0.00105603 32196 0.0134698
3 198022430 21 0.000652255 32196 0.0102234
4 191154276 28 0.000869673 32196 0.0141181
5 180915260 29 0.000900733 32196 0.01545
6 171115067 35 0.00108709 32196 0.0196937
7 159138663 57 0.00177041 32196 0.0345108
8 146364022 23 0.000714374 32196 0.0151351
9 141213431 13 0.000403777 32196 0.00887422
10 135534747 9 0.000279538 32196 0.00639675
11 135006516 19 0.000590135 32196 0.0135663
12 133851895 18 0.000559076 32196 0.0129416
13 115169878 18 0.000559076 32196 0.0150694
14 107349540 8 0.000248478 32196 0.00718145
15 102531392 7 0.000217418 32196 0.00656853
16 90354753 8 0.000248478 32196 0.00853877
17 81195210 6 0.000186359 32196 0.00711292
18 78077248 10 0.000310598 32196 0.0123253
19 59128983 5 0.000155299 32196 0.00813083
20 63025520 14 0.000434837 32196 0.0214205
21 48129895 4 0.000124239 32196 0.00801542
22 51304566 6 0.000186359 32196 0.0112945
X 155270560 28 0.000869673 32196 0.0173587
Y 59373566 2 6.21195e-05 32196 0.00325233
