1 249250621 6219 0.165149 37657 2.05409
2 243199373 2248 0.0596967 37657 0.761438
3 198022430 65 0.00172611 37657 0.027055
4 191154276 4190 0.111267 37657 1.80629
5 180915260 3591 0.0953608 37657 1.63569
6 171115067 3886 0.103195 37657 1.86947
7 159138663 1236 0.0328226 37657 0.639816
8 146364022 2558 0.0679289 37657 1.43917
9 141213431 2022 0.0536952 37657 1.18011
10 135534747 21 0.000557665 37657 0.0127612
11 135006516 2098 0.0557134 37657 1.28077
12 133851895 2634 0.0699472 37657 1.61915
13 115169878 977 0.0259447 37657 0.699318
14 107349540 1527 0.0405502 37657 1.17197
15 102531392 243 0.00645298 37657 0.194954
16 90354753 800 0.0212444 37657 0.730048
17 81195210 772 0.0205008 37657 0.782475
18 78077248 14 0.000371777 37657 0.014753
19 59128983 15 0.000398332 37657 0.0208551
20 63025520 13 0.000345221 37657 0.017006
21 48129895 29 0.000770109 37657 0.0496845
22 51304566 342 0.00908198 37657 0.550423
X 155270560 500 0.0132777 37657 0.265025
Y 59373566 13 0.000345221 37657 0.0180744
