1 249250621 3645 0.0946999 38490 1.17786
2 243199373 3265 0.0848272 38490 1.08198
3 198022430 2086 0.0541959 38490 0.849465
4 191154276 3486 0.090569 38490 1.47028
5 180915260 2312 0.0600676 38490 1.03032
6 171115067 2578 0.0669784 38490 1.21338
7 159138663 2002 0.0520135 38490 1.01391
8 146364022 1402 0.036425 38490 0.771717
9 141213431 1640 0.0426085 38490 0.93645
10 135534747 927 0.0240842 38490 0.551125
11 135006516 1664 0.043232 38490 0.993839
12 133851895 1539 0.0399844 38490 0.925565
13 115169878 2284 0.0593401 38490 1.59946
14 107349540 702 0.0182385 38490 0.527124
15 102531392 493 0.0128085 38490 0.386964
16 90354753 648 0.0168355 38490 0.578541
17 81195210 481 0.0124968 38490 0.476975
18 78077248 779 0.020239 38490 0.803136
19 59128983 475 0.0123409 38490 0.646119
20 63025520 290 0.00753442 38490 0.371154
21 48129895 603 0.0156664 38490 1.01074
22 51304566 190 0.00493635 38490 0.299173
X 155270560 2409 0.0625877 38490 1.24926
Y 59373566 41 0.00106521 38490 0.0557702
