1 249250621 4492 0.103852 43254 1.29169
2 243199373 2380 0.0550238 43254 0.701834
3 198022430 3224 0.0745365 43254 1.16828
4 191154276 3574 0.0826282 43254 1.34137
5 180915260 2504 0.0578906 43254 0.992978
6 171115067 2894 0.0669071 43254 1.21209
7 159138663 2277 0.0526425 43254 1.02617
8 146364022 2268 0.0524345 43254 1.1109
9 141213431 1514 0.0350025 43254 0.769287
10 135534747 2058 0.0475794 43254 1.08877
11 135006516 1962 0.04536 43254 1.04276
12 133851895 1520 0.0351413 43254 0.813455
13 115169878 2261 0.0522726 43254 1.40897
14 107349540 405 0.0093633 43254 0.270615
15 102531392 527 0.0121838 43254 0.368092
16 90354753 850 0.0196514 43254 0.675305
17 81195210 488 0.0112822 43254 0.430618
18 78077248 1166 0.026957 43254 1.06972
19 59128983 447 0.0103343 43254 0.541063
20 63025520 335 0.00774495 43254 0.381525
21 48129895 411 0.00950201 43254 0.613033
22 51304566 247 0.00571045 43254 0.346088
X 155270560 2871 0.0663754 43254 1.32486
Y 59373566 24 0.000554862 43254 0.0290504
