1 249250621 18 0.00127371 14132 0.0158421
2 243199373 30 0.00212284 14132 0.0270771
3 198022430 2 0.000141523 14132 0.00221823
4 191154276 17 0.00120294 14132 0.0195283
5 180915260 7 0.00049533 14132 0.00849622
6 171115067 8 0.000566091 14132 0.0102553
7 159138663 11 0.000778375 14132 0.015173
8 146364022 10 0.000707614 14132 0.0149918
9 141213431 4 0.000283046 14132 0.00622078
10 135534747 2 0.000141523 14132 0.00323851
11 135006516 6 0.000424568 14132 0.00976019
12 133851895 16 0.00113218 14132 0.0262079
13 115169878 7 0.00049533 14132 0.0133512
14 107349540 4 0.000283046 14132 0.00818051
15 102531392 8 0.000566091 14132 0.0171025
16 90354753 1 7.07614e-05 14132 0.00243166
17 81195210 1 7.07614e-05 14132 0.00270082
18 78077248 9 0.000636853 14132 0.0252719
19 59128983 1 7.07614e-05 14132 0.00370478
20 63025520 4 0.000283046 14132 0.0139431
21 48129895 3 0.000212284 14132 0.0136958
22 51304566 2 0.000141523 14132 0.00857714
X 155270560 9 0.000636853 14132 0.0127116
Y 59373566 2 0.000141523 14132 0.00740957
