1 249250621 37 0.000889658 41589 0.0110654
2 243199373 47 0.00113011 41589 0.0144146
3 198022430 22 0.000528986 41589 0.00829132
4 191154276 30 0.000721345 41589 0.0117101
5 180915260 38 0.000913703 41589 0.0156724
6 171115067 40 0.000961793 41589 0.0174238
7 159138663 30 0.000721345 41589 0.0140613
8 146364022 9 0.000216403 41589 0.00458482
9 141213431 24 0.000577076 41589 0.012683
10 135534747 12 0.000288538 41589 0.0066027
11 135006516 26 0.000625165 41589 0.0143716
12 133851895 12 0.000288538 41589 0.00667912
13 115169878 19 0.000456852 41589 0.0123141
14 107349540 10 0.000240448 41589 0.00694937
15 102531392 10 0.000240448 41589 0.0072643
16 90354753 10 0.000240448 41589 0.00826282
17 81195210 5 0.000120224 41589 0.00458871
18 78077248 21 0.000504941 41589 0.0200373
19 59128983 5 0.000120224 41589 0.00629446
20 63025520 16 0.000384717 41589 0.0189516
21 48129895 3 7.21345e-05 41589 0.00465384
22 51304566 3 7.21345e-05 41589 0.00437179
X 155270560 32 0.000769434 41589 0.015358
Y 59373566 0 0 41589 0
