1 249250621 22 0.00150396 14628 0.018706
2 243199373 29 0.0019825 14628 0.025287
3 198022430 14 0.000957069 14628 0.0150011
4 191154276 14 0.000957069 14628 0.0155368
5 180915260 12 0.000820345 14628 0.0140711
6 171115067 15 0.00102543 14628 0.0185766
7 159138663 13 0.000888707 14628 0.0173237
8 146364022 14 0.000957069 14628 0.0202769
9 141213431 2 0.000136724 14628 0.00300493
10 135534747 6 0.000410172 14628 0.00938609
11 135006516 10 0.00068362 14628 0.0157154
12 133851895 9 0.000615258 14628 0.0142421
13 115169878 9 0.000615258 14628 0.0165838
14 107349540 5 0.00034181 14628 0.00987891
15 102531392 5 0.00034181 14628 0.0103266
16 90354753 6 0.000410172 14628 0.0140953
17 81195210 2 0.000136724 14628 0.00521848
18 78077248 7 0.000478534 14628 0.0189895
19 59128983 5 0.00034181 14628 0.0178958
20 63025520 8 0.000546896 14628 0.0269407
21 48129895 5 0.00034181 14628 0.0220523
22 51304566 0 0 14628 0
X 155270560 4 0.000273448 14628 0.00545805
Y 59373566 2 0.000136724 14628 0.00715833
