1 249250621 3621 0.102202 35430 1.27116
2 243199373 3019 0.0852103 35430 1.08687
3 198022430 2190 0.061812 35430 0.96884
4 191154276 2874 0.0811177 35430 1.31685
5 180915260 2302 0.0649732 35430 1.11446
6 171115067 3029 0.0854925 35430 1.54878
7 159138663 2150 0.060683 35430 1.18291
8 146364022 1651 0.0465989 35430 0.987265
9 141213431 873 0.0246401 35430 0.541541
10 135534747 1303 0.0367767 35430 0.841573
11 135006516 1278 0.0360711 35430 0.829221
12 133851895 1051 0.0296641 35430 0.68667
13 115169878 2049 0.0578323 35430 1.55882
14 107349540 828 0.02337 35430 0.675434
15 102531392 412 0.0116286 35430 0.351316
16 90354753 476 0.0134349 35430 0.461682
17 81195210 277 0.00781823 35430 0.298406
18 78077248 1165 0.0328817 35430 1.30483
19 59128983 253 0.00714084 35430 0.373866
20 63025520 328 0.00925769 35430 0.456044
21 48129895 358 0.0101044 35430 0.651899
22 51304566 88 0.00248377 35430 0.150532
X 155270560 1630 0.0460062 35430 0.918288
Y 59373566 14 0.000395145 35430 0.0206882
