1 249250621 3047 0.0567169 53723 0.705434
2 243199373 4081 0.0759637 53723 0.968925
3 198022430 2569 0.0478194 53723 0.74952
4 191154276 2765 0.0514677 53723 0.835515
5 180915260 3031 0.056419 53723 0.967737
6 171115067 3544 0.065968 53723 1.19507
7 159138663 2712 0.0504812 53723 0.984038
8 146364022 1876 0.0349199 53723 0.739828
9 141213431 1364 0.0253895 53723 0.558011
10 135534747 1056 0.0196564 53723 0.449803
11 135006516 1310 0.0243843 53723 0.56056
12 133851895 1506 0.0280327 53723 0.648905
13 115169878 3396 0.0632131 53723 1.70386
14 107349540 428 0.00796679 53723 0.230254
15 102531392 1043 0.0194144 53723 0.586538
16 90354753 865 0.0161011 53723 0.553303
17 81195210 771 0.0143514 53723 0.547763
18 78077248 760 0.0141466 53723 0.561375
19 59128983 500 0.009307 53723 0.487278
20 63025520 267 0.00496994 53723 0.244825
21 48129895 627 0.011671 53723 0.752966
22 51304566 147 0.00273626 53723 0.165834
X 155270560 2877 0.0535525 53723 1.06891
Y 59373566 38 0.000707332 53723 0.0370331
