1 249250621 17027 0.0820155 207607 1.02009
2 243199373 17842 0.0859412 207607 1.09619
3 198022430 13283 0.0639815 207607 1.00284
4 191154276 13302 0.064073 207607 1.04015
5 180915260 10830 0.0521659 207607 0.894783
6 171115067 14019 0.0675266 207607 1.22331
7 159138663 12485 0.0601377 207607 1.17227
8 146364022 9665 0.0465543 207607 0.98632
9 141213431 7231 0.0348302 207607 0.7655
10 135534747 7496 0.0361067 207607 0.82624
11 135006516 9732 0.046877 207607 1.07763
12 133851895 7792 0.0375325 207607 0.868807
13 115169878 9090 0.0437847 207607 1.18018
14 107349540 5809 0.0279808 207607 0.808692
15 102531392 3011 0.0145034 207607 0.438168
16 90354753 5593 0.0269403 207607 0.925784
17 81195210 3617 0.0174223 207607 0.664975
18 78077248 4677 0.0225281 207607 0.893974
19 59128983 3072 0.0147972 207607 0.774722
20 63025520 3086 0.0148646 207607 0.732247
21 48129895 2865 0.0138001 207607 0.89033
22 51304566 1545 0.00744195 207607 0.451027
X 155270560 14468 0.0696894 207607 1.39101
Y 59373566 114 0.000549114 207607 0.0287494
