1 249250621 5360 0.0720024 74442 0.895552
2 243199373 6323 0.0849386 74442 1.0834
3 198022430 6211 0.0834341 74442 1.30774
4 191154276 6582 0.0884178 74442 1.43535
5 180915260 4724 0.0634588 74442 1.08849
6 171115067 4554 0.0611751 74442 1.10825
7 159138663 3434 0.0461299 74442 0.899218
8 146364022 3756 0.0504554 74442 1.06897
9 141213431 1819 0.0244351 74442 0.537036
10 135534747 2706 0.0363504 74442 0.831818
11 135006516 2154 0.0289353 74442 0.665179
12 133851895 4425 0.0594423 74442 1.37598
13 115169878 3474 0.0466672 74442 1.25788
14 107349540 1203 0.0161602 74442 0.467059
15 102531392 1011 0.013581 74442 0.410303
16 90354753 1783 0.0239515 74442 0.823077
17 81195210 634 0.0085167 74442 0.325065
18 78077248 2237 0.0300502 74442 1.19247
19 59128983 520 0.0069853 74442 0.365723
20 63025520 924 0.0124123 74442 0.611446
21 48129895 1064 0.014293 74442 0.922129
22 51304566 282 0.00378818 74442 0.229587
X 155270560 5048 0.0678112 74442 1.35352
Y 59373566 62 0.000832863 74442 0.0436054
