1 249250621 2780 0.109011 25502 1.35586
2 243199373 2310 0.0905811 25502 1.15537
3 198022430 982 0.0385068 25502 0.603555
4 191154276 2053 0.0805035 25502 1.30687
5 180915260 1724 0.0676025 25502 1.15956
6 171115067 1872 0.073406 25502 1.32982
7 159138663 1037 0.0406635 25502 0.79266
8 146364022 1164 0.0456435 25502 0.967023
9 141213431 1119 0.0438789 25502 0.964372
10 135534747 628 0.0246255 25502 0.563513
11 135006516 1068 0.0418791 25502 0.962737
12 133851895 1041 0.0408203 25502 0.944915
13 115169878 1565 0.0613677 25502 1.65412
14 107349540 646 0.0253313 25502 0.73212
15 102531392 407 0.0159595 25502 0.482161
16 90354753 399 0.0156458 25502 0.537657
17 81195210 177 0.00694063 25502 0.26491
18 78077248 563 0.0220767 25502 0.87606
19 59128983 403 0.0158027 25502 0.827366
20 63025520 117 0.00458788 25502 0.226004
21 48129895 298 0.0116854 25502 0.753894
22 51304566 107 0.00419575 25502 0.254288
X 155270560 1242 0.0487021 25502 0.972097
Y 59373566 7 0.000274488 25502 0.0143711
