1 249250621 993 0.0929514 10683 1.15611
2 243199373 858 0.0803145 10683 1.02442
3 198022430 580 0.0542919 10683 0.85097
4 191154276 897 0.0839652 10683 1.36307
5 180915260 651 0.0609379 10683 1.04525
6 171115067 922 0.0863053 10683 1.5635
7 159138663 424 0.0396892 10683 0.773669
8 146364022 258 0.0241505 10683 0.511664
9 141213431 377 0.0352897 10683 0.775598
10 135534747 443 0.0414678 10683 0.948919
11 135006516 453 0.0424038 10683 0.9748
12 133851895 523 0.0489563 10683 1.13325
13 115169878 619 0.0579425 10683 1.56179
14 107349540 188 0.0175981 10683 0.508614
15 102531392 138 0.0129177 10683 0.390263
16 90354753 201 0.0188149 10683 0.646561
17 81195210 114 0.0106712 10683 0.407296
18 78077248 275 0.0257418 10683 1.0215
19 59128983 53 0.00496115 10683 0.259746
20 63025520 43 0.00402509 10683 0.19828
21 48129895 88 0.00823739 10683 0.531444
22 51304566 34 0.00318263 10683 0.192886
X 155270560 621 0.0581297 10683 1.16027
Y 59373566 6 0.00056164 10683 0.0294052
