1 249250621 3139 0.0907199 34601 1.12836
2 243199373 2538 0.0733505 34601 0.935593
3 198022430 2491 0.0719921 34601 1.1284
4 191154276 2916 0.084275 34601 1.3681
5 180915260 1962 0.0567036 34601 0.972617
6 171115067 2197 0.0634953 34601 1.15028
7 159138663 1621 0.0468484 34601 0.913223
8 146364022 1715 0.049565 34601 1.05011
9 141213431 922 0.0266466 34601 0.58564
10 135534747 1692 0.0489003 34601 1.119
11 135006516 1441 0.0416462 34601 0.957384
12 133851895 1218 0.0352013 34601 0.814845
13 115169878 1714 0.0495361 34601 1.33521
14 107349540 584 0.0168781 34601 0.487807
15 102531392 430 0.0124274 34601 0.37545
16 90354753 912 0.0263576 34601 0.90576
17 81195210 679 0.0196237 34601 0.748997
18 78077248 958 0.0276871 34601 1.09869
19 59128983 319 0.00921939 34601 0.48269
20 63025520 479 0.0138435 34601 0.681947
21 48129895 556 0.0160689 34601 1.0367
22 51304566 277 0.00800555 34601 0.485185
X 155270560 1939 0.0560388 34601 1.11854
Y 59373566 13 0.000375712 34601 0.0196708
