1 249250621 19 0.000924799 20545 0.0115025
2 243199373 15 0.000730105 20545 0.00931256
3 198022430 8 0.000389389 20545 0.00610328
4 191154276 12 0.000584084 20545 0.00948188
5 180915260 19 0.000924799 20545 0.0158628
6 171115067 19 0.000924799 20545 0.0167536
7 159138663 17 0.000827452 20545 0.0161297
8 146364022 16 0.000778778 20545 0.0164995
9 141213431 11 0.00053541 20545 0.0117673
10 135534747 5 0.000243368 20545 0.00556907
11 135006516 10 0.000486736 20545 0.0111893
12 133851895 11 0.00053541 20545 0.0123938
13 115169878 7 0.000340716 20545 0.00918371
14 107349540 2 9.73473e-05 20545 0.00281351
15 102531392 0 0 20545 0
16 90354753 7 0.000340716 20545 0.0117084
17 81195210 5 0.000243368 20545 0.00928886
18 78077248 4 0.000194695 20545 0.00772598
19 59128983 9 0.000438063 20545 0.0229352
20 63025520 25 0.00121684 20545 0.0599429
21 48129895 0 0 20545 0
22 51304566 2 9.73473e-05 20545 0.00589984
X 155270560 7 0.000340716 20545 0.00680071
Y 59373566 0 0 20545 0
