1 249250621 9594 0.174551 54964 2.17103
2 243199373 1186 0.0215778 54964 0.275227
3 198022430 6332 0.115203 54964 1.80568
4 191154276 9872 0.179608 54964 2.91572
5 180915260 1396 0.0253984 54964 0.435651
6 171115067 659 0.0119897 54964 0.217204
7 159138663 2332 0.0424278 54964 0.827052
8 146364022 718 0.0130631 54964 0.276761
9 141213431 447 0.0081326 54964 0.178738
10 135534747 1921 0.0349501 54964 0.799775
11 135006516 553 0.0100611 54964 0.23129
12 133851895 1862 0.0338767 54964 0.784183
13 115169878 1749 0.0318208 54964 0.857704
14 107349540 4659 0.0847646 54964 2.44984
15 102531392 1250 0.0227422 54964 0.687074
16 90354753 1768 0.0321665 54964 1.10538
17 81195210 380 0.00691362 54964 0.263878
18 78077248 247 0.00449385 54964 0.178327
19 59128983 1946 0.035405 54964 1.85366
20 63025520 127 0.0023106 54964 0.113823
21 48129895 240 0.00436649 54964 0.281709
22 51304566 879 0.0159923 54964 0.969229
X 155270560 769 0.013991 54964 0.279261
Y 59373566 37 0.000673168 54964 0.0352444
