1 249250621 9487 0.0876956 108181 1.09074
2 243199373 9022 0.0833973 108181 1.06374
3 198022430 7485 0.0691896 108181 1.08448
4 191154276 8419 0.0778233 108181 1.26336
5 180915260 6371 0.058892 108181 1.01016
6 171115067 7433 0.0687089 108181 1.24473
7 159138663 6221 0.0575055 108181 1.12096
8 146364022 5784 0.053466 108181 1.13275
9 141213431 3847 0.0355608 108181 0.781555
10 135534747 2342 0.0216489 108181 0.495398
11 135006516 5439 0.0502769 108181 1.15579
12 133851895 4152 0.0383801 108181 0.888429
13 115169878 5343 0.0493894 108181 1.33125
14 107349540 1688 0.0156035 108181 0.450968
15 102531392 1792 0.0165648 108181 0.500448
16 90354753 2197 0.0203086 108181 0.697889
17 81195210 986 0.00911435 108181 0.347876
18 78077248 1965 0.018164 108181 0.720794
19 59128983 880 0.00813452 108181 0.425891
20 63025520 1175 0.0108614 108181 0.535046
21 48129895 1004 0.00928074 108181 0.598758
22 51304566 391 0.00361431 108181 0.219049
X 155270560 7631 0.0705392 108181 1.40797
Y 59373566 68 0.000628576 108181 0.0329097
