1 249250621 32 0.00106966 29916 0.0133043
2 243199373 43 0.00143736 29916 0.0183336
3 198022430 31 0.00103623 29916 0.0162419
4 191154276 15 0.000501404 29916 0.00813967
5 180915260 21 0.000701966 29916 0.0120406
6 171115067 24 0.000802246 29916 0.0145334
7 159138663 40 0.00133708 29916 0.0260639
8 146364022 19 0.000635112 29916 0.0134558
9 141213431 17 0.000568258 29916 0.0124892
10 135534747 17 0.000568258 29916 0.0130036
11 135006516 14 0.000467977 29916 0.0107581
12 133851895 22 0.000735392 29916 0.017023
13 115169878 13 0.00043455 29916 0.0117129
14 107349540 12 0.000401123 29916 0.0115932
15 102531392 11 0.000367696 29916 0.0111086
16 90354753 8 0.000267415 29916 0.00918953
17 81195210 4 0.000133708 29916 0.00510335
18 78077248 0 0 29916 0
19 59128983 3 0.000100281 29916 0.0052503
20 63025520 8 0.000267415 29916 0.0131732
21 48129895 3 0.000100281 29916 0.00646973
22 51304566 0 0 29916 0
X 155270560 18 0.000601685 29916 0.0120097
Y 59373566 0 0 29916 0
