1 249250621 3150 0.0883888 35638 1.09936
2 243199373 3332 0.0934957 35638 1.19255
3 198022430 2005 0.0562602 35638 0.881821
4 191154276 2164 0.0607217 35638 0.985742
5 180915260 2743 0.0769684 35638 1.32021
6 171115067 2535 0.0711319 35638 1.28862
7 159138663 2159 0.0605814 35638 1.18092
8 146364022 1721 0.0482911 35638 1.02312
9 141213431 1470 0.0412481 35638 0.906552
10 135534747 1018 0.028565 35638 0.653662
11 135006516 1322 0.0370952 35638 0.852764
12 133851895 1412 0.0396206 35638 0.917144
13 115169878 1459 0.0409394 35638 1.10349
14 107349540 824 0.0231214 35638 0.668248
15 102531392 563 0.0157977 35638 0.477273
16 90354753 341 0.00956844 35638 0.328812
17 81195210 410 0.0115046 35638 0.439106
18 78077248 735 0.0206241 35638 0.818415
19 59128983 366 0.0102699 35638 0.537693
20 63025520 442 0.0124025 35638 0.61096
21 48129895 569 0.0159661 35638 1.03007
22 51304566 169 0.00474213 35638 0.287402
X 155270560 2644 0.0741905 35638 1.48085
Y 59373566 18 0.000505079 35638 0.0264439
