1 249250621 8832 0.0695926 126910 0.86558
2 243199373 9721 0.0765976 126910 0.97701
3 198022430 7406 0.0583563 126910 0.914676
4 191154276 10426 0.0821527 126910 1.33365
5 180915260 10449 0.0823339 126910 1.41225
6 171115067 7602 0.0599007 126910 1.08516
7 159138663 7797 0.0614372 126910 1.19761
8 146364022 7401 0.0583169 126910 1.23553
9 141213431 3943 0.0310693 126910 0.682841
10 135534747 5297 0.0417382 126910 0.955108
11 135006516 5033 0.039658 126910 0.911679
12 133851895 7034 0.0554251 126910 1.28299
13 115169878 7054 0.0555827 126910 1.49819
14 107349540 2089 0.0164605 126910 0.475737
15 102531392 1864 0.0146876 126910 0.443733
16 90354753 2537 0.0199905 126910 0.68696
17 81195210 1404 0.011063 126910 0.42225
18 78077248 2950 0.0232448 126910 0.922413
19 59128983 514 0.00405011 126910 0.212048
20 63025520 1148 0.00904578 126910 0.445605
21 48129895 848 0.0066819 126910 0.43109
22 51304566 539 0.0042471 126910 0.2574
X 155270560 8571 0.067536 126910 1.34802
Y 59373566 97 0.000764321 126910 0.0400168
