1 249250621 13204 0.0950523 138913 1.18224
2 243199373 13078 0.0941453 138913 1.20083
3 198022430 3683 0.026513 138913 0.415564
4 191154276 6742 0.048534 138913 0.787889
5 180915260 7865 0.0566182 138913 0.971152
6 171115067 4469 0.0321712 138913 0.582812
7 159138663 11799 0.0849381 138913 1.65571
8 146364022 8465 0.0609374 138913 1.29105
9 141213431 5335 0.0384053 138913 0.844073
10 135534747 4053 0.0291765 138913 0.667655
11 135006516 7103 0.0511327 138913 1.17546
12 133851895 6954 0.0500601 138913 1.1588
13 115169878 5810 0.0418247 138913 1.12735
14 107349540 5429 0.039082 138913 1.12954
15 102531392 1334 0.00960313 138913 0.290125
16 90354753 3123 0.0224817 138913 0.772567
17 81195210 1967 0.0141599 138913 0.540456
18 78077248 3705 0.0266714 138913 1.05839
19 59128983 1081 0.00778185 138913 0.407427
20 63025520 837 0.00602535 138913 0.296815
21 48129895 777 0.00559343 138913 0.360866
22 51304566 1060 0.00763068 138913 0.462465
X 155270560 12749 0.0917769 138913 1.83187
Y 59373566 121 0.000871049 138913 0.0456046
