1 249250621 115 0.000819783 140281 0.0101963
2 243199373 163 0.00116195 140281 0.0148208
3 198022430 105 0.000748498 140281 0.0117319
4 191154276 85 0.000605927 140281 0.00983647
5 180915260 81 0.000577412 140281 0.00990416
6 171115067 96 0.000684341 140281 0.0123975
7 159138663 99 0.000705726 140281 0.0137568
8 146364022 68 0.000484741 140281 0.0102699
9 141213431 57 0.000406327 140281 0.00893027
10 135534747 39 0.000278013 140281 0.00636186
11 135006516 69 0.00049187 140281 0.0113074
12 133851895 57 0.000406327 140281 0.00940572
13 115169878 75 0.000534641 140281 0.0144108
14 107349540 28 0.000199599 140281 0.00576877
15 102531392 22 0.000156828 140281 0.00473801
16 90354753 35 0.000249499 140281 0.00857386
17 81195210 30 0.000213856 140281 0.00816246
18 78077248 36 0.000256628 140281 0.0101836
19 59128983 26 0.000185342 140281 0.00970378
20 63025520 71 0.000506127 140281 0.0249324
21 48129895 17 0.000121185 140281 0.00781841
22 51304566 10 7.12855e-05 140281 0.00432033
X 155270560 70 0.000498998 140281 0.00996005
Y 59373566 3 2.13856e-05 140281 0.00111967
