1 249250621 11551 0.105677 109305 1.31439
2 243199373 9897 0.0905448 109305 1.15491
3 198022430 8878 0.0812223 109305 1.27308
4 191154276 7416 0.0678469 109305 1.10141
5 180915260 8081 0.0739307 109305 1.26811
6 171115067 7868 0.0719821 109305 1.30402
7 159138663 4557 0.0416907 109305 0.812684
8 146364022 3744 0.0342528 109305 0.725694
9 141213431 3229 0.0295412 109305 0.649257
10 135534747 4375 0.0400256 109305 0.915918
11 135006516 4630 0.0423585 109305 0.973759
12 133851895 3895 0.0356342 109305 0.824867
13 115169878 5062 0.0463108 109305 1.24827
14 107349540 2576 0.0235671 109305 0.68113
15 102531392 3056 0.0279585 109305 0.844667
16 90354753 3041 0.0278212 109305 0.956056
17 81195210 2018 0.0184621 109305 0.70466
18 78077248 1871 0.0171172 109305 0.679256
19 59128983 1087 0.00994465 109305 0.520662
20 63025520 841 0.00769407 109305 0.379018
21 48129895 1158 0.0105942 109305 0.683497
22 51304566 1001 0.00915786 109305 0.555022
X 155270560 5471 0.0500526 109305 0.999054
Y 59373566 41 0.000375097 109305 0.0196386
