1 249250621 9015 0.0832233 108323 1.03512
2 243199373 7546 0.069662 108323 0.888546
3 198022430 8174 0.0754595 108323 1.18275
4 191154276 6609 0.061012 108323 0.990454
5 180915260 6720 0.0620367 108323 1.06409
6 171115067 6787 0.0626552 108323 1.13506
7 159138663 5692 0.0525466 108323 1.0243
8 146364022 5460 0.0504048 108323 1.0679
9 141213431 3473 0.0320615 108323 0.704649
10 135534747 3071 0.0283504 108323 0.64875
11 135006516 5948 0.0549099 108323 1.2623
12 133851895 4731 0.0436749 108323 1.01099
13 115169878 5399 0.0498417 108323 1.34344
14 107349540 2142 0.0197742 108323 0.571508
15 102531392 1850 0.0170786 108323 0.515968
16 90354753 3579 0.0330401 108323 1.1354
17 81195210 1353 0.0124904 108323 0.476734
18 78077248 2847 0.0262825 108323 1.04296
19 59128983 580 0.00535436 108323 0.280333
20 63025520 1326 0.0122412 108323 0.603013
21 48129895 1377 0.012712 108323 0.820128
22 51304566 759 0.00700682 108323 0.424656
X 155270560 5867 0.0541621 108323 1.08108
Y 59373566 74 0.000683142 108323 0.0357666
