1 249250621 9562 0.110423 86594 1.37342
2 243199373 6115 0.0706169 86594 0.900726
3 198022430 5127 0.0592073 86594 0.928015
4 191154276 6544 0.0755711 86594 1.2268
5 180915260 4858 0.0561009 86594 0.962279
6 171115067 4180 0.0482712 86594 0.874479
7 159138663 5005 0.0577985 86594 1.12668
8 146364022 3585 0.0414001 86594 0.877121
9 141213431 2607 0.030106 86594 0.661671
10 135534747 5544 0.0640229 86594 1.46506
11 135006516 4960 0.0572788 86594 1.31675
12 133851895 3876 0.0447606 86594 1.03613
13 115169878 2870 0.0331432 86594 0.893347
14 107349540 2051 0.0236852 86594 0.684545
15 102531392 2089 0.0241241 86594 0.728824
16 90354753 1677 0.0193662 86594 0.665506
17 81195210 1424 0.0164446 86594 0.627655
18 78077248 1448 0.0167217 86594 0.66356
19 59128983 1152 0.0133035 86594 0.696516
20 63025520 613 0.00707901 86594 0.34872
21 48129895 905 0.0104511 86594 0.674263
22 51304566 700 0.0080837 86594 0.489921
X 155270560 5587 0.0645195 86594 1.28781
Y 59373566 44 0.000508118 86594 0.0266031
