1 249250621 4335 0.0842795 51436 1.04825
2 243199373 5242 0.101913 51436 1.29991
3 198022430 3484 0.0677347 51436 1.06167
4 191154276 3985 0.0774749 51436 1.25771
5 180915260 3647 0.0709036 51436 1.21619
6 171115067 3140 0.0610467 51436 1.10592
7 159138663 2475 0.048118 51436 0.937974
8 146364022 2365 0.0459795 51436 0.974141
9 141213431 1430 0.0278015 51436 0.611023
10 135534747 1737 0.0337701 51436 0.772772
11 135006516 2368 0.0460378 51436 1.05834
12 133851895 2365 0.0459795 51436 1.06434
13 115169878 1902 0.036978 51436 0.996711
14 107349540 1624 0.0315732 51436 0.912521
15 102531392 1141 0.0221829 51436 0.670178
16 90354753 637 0.0123843 51436 0.425578
17 81195210 481 0.00935143 51436 0.356925
18 78077248 555 0.0107901 51436 0.428179
19 59128983 196 0.00381056 51436 0.199506
20 63025520 661 0.0128509 51436 0.63305
21 48129895 606 0.0117816 51436 0.760105
22 51304566 287 0.00557975 51436 0.338167
X 155270560 2864 0.0556808 51436 1.11139
Y 59373566 50 0.000972082 51436 0.0508943
