1 249250621 13111 0.0887263 147769 1.10356
2 243199373 12899 0.0872917 147769 1.11341
3 198022430 7029 0.0475675 147769 0.745572
4 191154276 12703 0.0859653 147769 1.39554
5 180915260 8431 0.0570553 147769 0.97865
6 171115067 10920 0.0738991 147769 1.33875
7 159138663 8284 0.0560605 147769 1.0928
8 146364022 7758 0.0525009 147769 1.11231
9 141213431 6411 0.0433853 147769 0.953523
10 135534747 5919 0.0400558 147769 0.916608
11 135006516 5569 0.0376872 147769 0.866372
12 133851895 5794 0.0392098 147769 0.907635
13 115169878 6358 0.0430266 147769 1.15975
14 107349540 4540 0.0307236 147769 0.887966
15 102531392 2249 0.0152197 147769 0.45981
16 90354753 2645 0.0178996 147769 0.615105
17 81195210 1556 0.0105299 147769 0.401906
18 78077248 3704 0.0250662 147769 0.994689
19 59128983 1761 0.0119172 147769 0.62394
20 63025520 1772 0.0119917 147769 0.590724
21 48129895 1074 0.0072681 147769 0.46891
22 51304566 863 0.0058402 147769 0.353951
X 155270560 8574 0.058023 147769 1.15814
Y 59373566 103 0.000697034 147769 0.0364939
