1 249250621 5968 0.0887343 67257 1.10366
2 243199373 6623 0.098473 67257 1.25603
3 198022430 4181 0.0621645 67257 0.974366
4 191154276 3999 0.0594585 67257 0.965235
5 180915260 4607 0.0684984 67257 1.17493
6 171115067 4232 0.0629228 67257 1.13991
7 159138663 3419 0.0508349 67257 0.990933
8 146364022 4260 0.0633391 67257 1.34193
9 141213431 2029 0.0301679 67257 0.66303
10 135534747 1510 0.0224512 67257 0.513757
11 135006516 2475 0.0367991 67257 0.845957
12 133851895 3568 0.0530502 67257 1.22801
13 115169878 3006 0.0446942 67257 1.2047
14 107349540 1159 0.0172324 67257 0.498046
15 102531392 1107 0.0164593 67257 0.497258
16 90354753 1456 0.0216483 67257 0.743928
17 81195210 1006 0.0149576 67257 0.570899
18 78077248 1888 0.0280714 67257 1.11395
19 59128983 589 0.00875745 67257 0.458505
20 63025520 518 0.0077018 67257 0.379399
21 48129895 992 0.0147494 67257 0.951574
22 51304566 198 0.00294393 67257 0.17842
X 155270560 3297 0.0490209 67257 0.978461
Y 59373566 46 0.000683944 67257 0.0358086
