1 249250621 5785 0.08945 64673 1.11256
2 243199373 7091 0.109644 64673 1.39852
3 198022430 4047 0.0625763 64673 0.98082
4 191154276 4419 0.0683284 64673 1.10923
5 180915260 3256 0.0503456 64673 0.863561
6 171115067 4932 0.0762606 64673 1.38153
7 159138663 3146 0.0486447 64673 0.94824
8 146364022 3500 0.0541184 64673 1.14658
9 141213431 2174 0.0336153 64673 0.738797
10 135534747 2655 0.0410527 64673 0.939421
11 135006516 2910 0.0449956 64673 1.03438
12 133851895 2628 0.0406352 64673 0.94063
13 115169878 2545 0.0393518 64673 1.0607
14 107349540 1444 0.0223277 64673 0.64531
15 102531392 1102 0.0170396 64673 0.514791
16 90354753 1267 0.0195909 64673 0.673226
17 81195210 1372 0.0212144 64673 0.809711
18 78077248 962 0.0148748 64673 0.590271
19 59128983 294 0.00454595 64673 0.238008
20 63025520 729 0.0112721 64673 0.555275
21 48129895 1297 0.0200547 64673 1.29385
22 51304566 206 0.00318526 64673 0.193046
X 155270560 4356 0.0673542 64673 1.3444
Y 59373566 51 0.000788583 64673 0.041287
