1 249250621 23 0.00053732 42805 0.00668309
2 243199373 44 0.00102792 42805 0.0131112
3 198022430 23 0.00053732 42805 0.00842195
4 191154276 40 0.00093447 42805 0.01517
5 180915260 34 0.0007943 42805 0.0136244
6 171115067 14 0.000327065 42805 0.00592508
7 159138663 37 0.000864385 42805 0.0168496
8 146364022 21 0.000490597 42805 0.010394
9 141213431 10 0.000233618 42805 0.00513445
10 135534747 19 0.000443873 42805 0.0101573
11 135006516 16 0.000373788 42805 0.00859283
12 133851895 19 0.000443873 42805 0.0102748
13 115169878 11 0.000256979 42805 0.00692667
14 107349540 12 0.000280341 42805 0.00810234
15 102531392 11 0.000256979 42805 0.00776373
16 90354753 9 0.000210256 42805 0.00722529
17 81195210 1 2.33618e-05 42805 0.00089167
18 78077248 19 0.000443873 42805 0.017614
19 59128983 1 2.33618e-05 42805 0.00122313
20 63025520 28 0.000654129 42805 0.0322231
21 48129895 0 0 42805 0
22 51304566 1 2.33618e-05 42805 0.00141586
X 155270560 18 0.000420512 42805 0.00839345
Y 59373566 0 0 42805 0
