1 249250621 15668 0.0915749 171095 1.13899
2 243199373 14473 0.0845904 171095 1.07896
3 198022430 14021 0.0819486 171095 1.28446
4 191154276 12603 0.0736608 171095 1.19579
5 180915260 11336 0.0662556 171095 1.13646
6 171115067 10757 0.0628715 171095 1.13898
7 159138663 10450 0.0610772 171095 1.19059
8 146364022 4659 0.0272305 171095 0.576917
9 141213431 7622 0.0445484 171095 0.979085
10 135534747 5882 0.0343786 171095 0.786695
11 135006516 6197 0.0362196 171095 0.832635
12 133851895 6799 0.0397382 171095 0.919865
13 115169878 8177 0.0477922 171095 1.2882
14 107349540 3397 0.0198545 171095 0.573829
15 102531392 2960 0.0173003 171095 0.522669
16 90354753 2874 0.0167977 171095 0.57724
17 81195210 2197 0.0128408 171095 0.490108
18 78077248 4093 0.0239224 171095 0.949301
19 59128983 970 0.00566936 171095 0.296825
20 63025520 912 0.00533037 171095 0.26258
21 48129895 2083 0.0121745 171095 0.785453
22 51304566 1244 0.00727081 171095 0.440655
X 155270560 11994 0.0701014 171095 1.39923
Y 59373566 146 0.000853327 171095 0.0446768
