1 249250621 5791 0.102581 56453 1.27588
2 243199373 4075 0.0721839 56453 0.920714
3 198022430 3129 0.0554266 56453 0.868756
4 191154276 4753 0.0841939 56453 1.36678
5 180915260 4463 0.0790569 56453 1.35604
6 171115067 4077 0.0722194 56453 1.30832
7 159138663 2908 0.0515119 56453 1.00413
8 146364022 2210 0.0391476 56453 0.829399
9 141213431 2483 0.0439835 56453 0.96667
10 135534747 2062 0.036526 56453 0.835834
11 135006516 1291 0.0228686 56453 0.525715
12 133851895 2580 0.0457017 56453 1.05791
13 115169878 3646 0.0645847 56453 1.74083
14 107349540 1307 0.023152 56453 0.669133
15 102531392 785 0.0139054 56453 0.420102
16 90354753 626 0.0110889 56453 0.381061
17 81195210 624 0.0110534 56453 0.421887
18 78077248 1820 0.0322392 56453 1.27933
19 59128983 396 0.00701468 56453 0.367261
20 63025520 486 0.00860893 56453 0.424085
21 48129895 412 0.00729811 56453 0.470846
22 51304566 244 0.00432218 56453 0.26195
X 155270560 3074 0.0544524 56453 1.08687
Y 59373566 32 0.000566843 56453 0.0296777
