1 249250621 3256 0.0502764 64762 0.625328
2 243199373 3342 0.0516043 64762 0.658219
3 198022430 5918 0.0913807 64762 1.4323
4 191154276 6158 0.0950866 64762 1.54361
5 180915260 5578 0.0861308 64762 1.47737
6 171115067 9376 0.144776 64762 2.62276
7 159138663 2556 0.0394676 64762 0.769349
8 146364022 1313 0.0202742 64762 0.429539
9 141213431 1066 0.0164603 64762 0.361764
10 135534747 2206 0.0340632 64762 0.779478
11 135006516 1617 0.0249683 64762 0.573985
12 133851895 3797 0.0586301 64762 1.35718
13 115169878 3149 0.0486242 64762 1.31063
14 107349540 1762 0.0272073 64762 0.786339
15 102531392 599 0.00924925 64762 0.279434
16 90354753 1129 0.0174331 64762 0.599074
17 81195210 1553 0.0239801 64762 0.915271
18 78077248 1056 0.0163059 64762 0.647058
19 59128983 1338 0.0206603 64762 1.08169
20 63025520 1191 0.0183904 64762 0.905932
21 48129895 2095 0.0323492 64762 2.08705
22 51304566 571 0.0088169 64762 0.534358
X 155270560 478 0.00738087 64762 0.147323
Y 59373566 22 0.000339705 64762 0.0177856
