1 249250621 11891 0.100522 118292 1.25028
2 243199373 8614 0.0728198 118292 0.928824
3 198022430 9326 0.0788388 118292 1.23572
4 191154276 8335 0.0704612 118292 1.14385
5 180915260 4957 0.0419048 118292 0.718778
6 171115067 8678 0.0733608 118292 1.329
7 159138663 7311 0.0618047 118292 1.20477
8 146364022 5641 0.0476871 118292 1.01032
9 141213431 5853 0.0494793 118292 1.08746
10 135534747 4766 0.0402901 118292 0.921971
11 135006516 5372 0.045413 118292 1.04398
12 133851895 6281 0.0530974 118292 1.22911
13 115169878 5214 0.0440774 118292 1.18807
14 107349540 1216 0.0102796 118292 0.2971
15 102531392 2524 0.021337 118292 0.644623
16 90354753 1693 0.014312 118292 0.491823
17 81195210 1868 0.0157914 118292 0.602726
18 78077248 2696 0.0227911 118292 0.904407
19 59128983 1234 0.0104318 118292 0.546168
20 63025520 1064 0.00899469 118292 0.443088
21 48129895 1045 0.00883407 118292 0.56994
22 51304566 843 0.00712643 118292 0.431905
X 155270560 7383 0.0624134 118292 1.24578
Y 59373566 57 0.000481858 118292 0.0252282
