1 249250621 7852 0.0834219 94124 1.03759
2 243199373 6939 0.0737219 94124 0.94033
3 198022430 7504 0.0797246 94124 1.2496
4 191154276 6252 0.066423 94124 1.0783
5 180915260 5623 0.0597403 94124 1.02471
6 171115067 7531 0.0800115 94124 1.44948
7 159138663 5719 0.0607603 94124 1.18441
8 146364022 3592 0.0381624 94124 0.808526
9 141213431 3692 0.0392249 94124 0.862085
10 135534747 3396 0.0360801 94124 0.825631
11 135006516 3694 0.0392461 94124 0.902209
12 133851895 4367 0.0463962 94124 1.07399
13 115169878 5140 0.0546088 94124 1.47194
14 107349540 2989 0.031756 94124 0.917803
15 102531392 2605 0.0276763 94124 0.836141
16 90354753 1485 0.0157771 94124 0.542167
17 81195210 585 0.00621521 94124 0.237222
18 78077248 1816 0.0192937 94124 0.765623
19 59128983 396 0.00420722 94124 0.220273
20 63025520 1185 0.0125898 94124 0.620186
21 48129895 910 0.0096681 94124 0.623748
22 51304566 477 0.00506778 94124 0.307138
X 155270560 6072 0.0645106 94124 1.28764
Y 59373566 48 0.000509966 94124 0.0266998
