1 249250621 7867 0.0935868 84061 1.16401
2 243199373 7403 0.088067 84061 1.1233
3 198022430 5361 0.0637751 84061 0.99961
4 191154276 5951 0.0707938 84061 1.14925
5 180915260 7182 0.085438 84061 1.46549
6 171115067 6007 0.07146 84061 1.29457
7 159138663 5620 0.0668562 84061 1.30324
8 146364022 2577 0.0306563 84061 0.649498
9 141213431 2723 0.0323931 84061 0.711937
10 135534747 2909 0.0346058 84061 0.791895
11 135006516 4284 0.050963 84061 1.17156
12 133851895 3339 0.0397212 84061 0.919471
13 115169878 5042 0.0599803 84061 1.61672
14 107349540 2345 0.0278964 84061 0.806255
15 102531392 1462 0.0173921 84061 0.525442
16 90354753 749 0.0089102 84061 0.306192
17 81195210 684 0.00813695 84061 0.310571
18 78077248 1125 0.0133831 84061 0.531077
19 59128983 491 0.005841 84061 0.305811
20 63025520 774 0.0092076 84061 0.453576
21 48129895 1257 0.0149534 84061 0.964737
22 51304566 407 0.00484172 84061 0.293438
X 155270560 4341 0.0516411 84061 1.03076
Y 59373566 49 0.00058291 84061 0.0305188
