1 249250621 2784 0.0729789 38148 0.907698
2 243199373 3425 0.0897819 38148 1.14518
3 198022430 3157 0.0827566 38148 1.29713
4 191154276 3226 0.0845654 38148 1.37281
5 180915260 2423 0.0635158 38148 1.08946
6 171115067 2214 0.0580371 38148 1.0514
7 159138663 2477 0.0649313 38148 1.26572
8 146364022 1037 0.0271836 38148 0.575924
9 141213431 1435 0.0376167 38148 0.82674
10 135534747 1504 0.0394254 38148 0.902183
11 135006516 1672 0.0438293 38148 1.00757
12 133851895 1944 0.0509594 38148 1.17962
13 115169878 2310 0.0605536 38148 1.63217
14 107349540 870 0.0228059 38148 0.65913
15 102531392 672 0.0176156 38148 0.532193
16 90354753 843 0.0220981 38148 0.759386
17 81195210 506 0.0132641 38148 0.506264
18 78077248 1113 0.0291758 38148 1.15777
19 59128983 171 0.00448254 38148 0.234688
20 63025520 310 0.00812625 38148 0.400308
21 48129895 462 0.0121107 38148 0.781337
22 51304566 151 0.00395827 38148 0.239895
X 155270560 1489 0.0390322 38148 0.779086
Y 59373566 17 0.000445633 38148 0.0233316
