1 249250621 4715 0.0991275 47565 1.23293
2 243199373 3915 0.0823084 47565 1.04985
3 198022430 3164 0.0665195 47565 1.04263
4 191154276 4582 0.0963313 47565 1.56382
5 180915260 2970 0.0624409 47565 1.07103
6 171115067 4245 0.0892463 47565 1.61678
7 159138663 2725 0.05729 47565 1.11676
8 146364022 2117 0.0445075 47565 0.942956
9 141213431 1284 0.0269946 47565 0.593289
10 135534747 969 0.0203721 47565 0.466181
11 135006516 2663 0.0559865 47565 1.28705
12 133851895 2658 0.0558814 47565 1.29355
13 115169878 1923 0.0404289 47565 1.08973
14 107349540 955 0.0200778 47565 0.580283
15 102531392 743 0.0156207 47565 0.471925
16 90354753 387 0.00813623 47565 0.279596
17 81195210 968 0.0203511 47565 0.776759
18 78077248 587 0.012341 47565 0.489723
19 59128983 192 0.00403658 47565 0.211339
20 63025520 273 0.00573951 47565 0.282735
21 48129895 285 0.0059918 47565 0.386568
22 51304566 282 0.00592873 47565 0.359317
X 155270560 2658 0.0558814 47565 1.1154
Y 59373566 15 0.000315358 47565 0.0165109
