1 249250621 22 0.00130108 16909 0.0161826
2 243199373 27 0.00159678 16909 0.0203671
3 198022430 20 0.0011828 16909 0.0185392
4 191154276 15 0.000887102 16909 0.014401
5 180915260 20 0.0011828 16909 0.0202882
6 171115067 9 0.000532261 16909 0.00964241
7 159138663 12 0.000709681 16909 0.0138339
8 146364022 18 0.00106452 16909 0.0225534
9 141213431 7 0.000413981 16909 0.00909848
10 135534747 2 0.00011828 16909 0.00270664
11 135006516 5 0.000295701 16909 0.00679771
12 133851895 10 0.000591401 16909 0.0136898
13 115169878 27 0.00159678 16909 0.04304
14 107349540 2 0.00011828 16909 0.0034185
15 102531392 5 0.000295701 16909 0.00893355
16 90354753 1 5.91401e-05 16909 0.00203231
17 81195210 4 0.00023656 16909 0.00902902
18 78077248 4 0.00023656 16909 0.00938732
19 59128983 0 0 16909 0
20 63025520 9 0.000532261 16909 0.0262198
21 48129895 1 5.91401e-05 16909 0.00381549
22 51304566 2 0.00011828 16909 0.0071685
X 155270560 11 0.000650541 16909 0.0129849
Y 59373566 1 5.91401e-05 16909 0.00309634
