1 249250621 5689 0.0745346 76327 0.927047
2 243199373 3164 0.0414532 76327 0.52874
3 198022430 4614 0.0604504 76327 0.947499
4 191154276 6332 0.0829588 76327 1.34673
5 180915260 4599 0.0602539 76327 1.03351
6 171115067 3490 0.0457243 76327 0.828339
7 159138663 5487 0.0718881 76327 1.40133
8 146364022 3247 0.0425406 76327 0.901285
9 141213431 2991 0.0391867 76327 0.861245
10 135534747 3337 0.0437198 76327 1.00045
11 135006516 3403 0.0445845 76327 1.02493
12 133851895 3919 0.0513449 76327 1.18854
13 115169878 5013 0.0656779 76327 1.77029
14 107349540 1777 0.0232814 76327 0.672873
15 102531392 1939 0.0254039 76327 0.767488
16 90354753 2596 0.0340116 76327 1.16878
17 81195210 1042 0.0136518 76327 0.521061
18 78077248 1408 0.0184469 76327 0.732022
19 59128983 741 0.00970823 76327 0.508284
20 63025520 755 0.00989165 76327 0.487273
21 48129895 1115 0.0146082 76327 0.942464
22 51304566 464 0.00607911 76327 0.368431
X 155270560 4787 0.062717 76327 1.25184
Y 59373566 54 0.000707482 76327 0.037041
