1 249250621 5915 0.0768751 76943 0.956158
2 243199373 3066 0.0398477 76943 0.508261
3 198022430 6595 0.0857128 76943 1.34346
4 191154276 4495 0.0584199 76943 0.948375
5 180915260 4679 0.0608112 76943 1.04307
6 171115067 5286 0.0687002 76943 1.24457
7 159138663 6575 0.0854529 76943 1.66575
8 146364022 4608 0.0598885 76943 1.26882
9 141213431 2919 0.0379372 76943 0.833784
10 135534747 3886 0.0505049 76943 1.15572
11 135006516 3062 0.0397957 76943 0.914844
12 133851895 2723 0.0353898 76943 0.819209
13 115169878 4489 0.0583419 76943 1.57256
14 107349540 1873 0.0243427 76943 0.703546
15 102531392 2546 0.0330894 76943 0.999681
16 90354753 788 0.0102413 76943 0.351936
17 81195210 544 0.00707017 76943 0.269854
18 78077248 1747 0.0227051 76943 0.900997
19 59128983 216 0.00280727 76943 0.146978
20 63025520 325 0.00422391 76943 0.208074
21 48129895 767 0.00996842 76943 0.643124
22 51304566 340 0.00441886 76943 0.267809
X 155270560 6007 0.0780708 76943 1.5583
Y 59373566 56 0.000727811 76943 0.0381053
