1 249250621 11 0.00081663 13470 0.0101571
2 243199373 7 0.000519673 13470 0.00662849
3 198022430 8 0.000593912 13470 0.00930897
4 191154276 15 0.00111359 13470 0.0180777
5 180915260 14 0.00103935 13470 0.0178276
6 171115067 20 0.00148478 13470 0.0268982
7 159138663 8 0.000593912 13470 0.0115772
8 146364022 11 0.00081663 13470 0.0173015
9 141213431 2 0.000148478 13470 0.00326325
10 135534747 4 0.000296956 13470 0.00679534
11 135006516 7 0.000519673 13470 0.0119465
12 133851895 3 0.000222717 13470 0.00515549
13 115169878 6 0.000445434 13470 0.0120063
14 107349540 5 0.000371195 13470 0.0107282
15 102531392 11 0.00081663 13470 0.0246716
16 90354753 0 0 13470 0
17 81195210 8 0.000593912 13470 0.0226684
18 78077248 5 0.000371195 13470 0.01473
19 59128983 4 0.000296956 13470 0.0155474
20 63025520 5 0.000371195 13470 0.0182855
21 48129895 0 0 13470 0
22 51304566 1 7.4239e-05 13470 0.00449934
X 155270560 11 0.00081663 13470 0.0163
Y 59373566 0 0 13470 0
