1 249250621 10 0.00044484 22480 0.00553283
2 243199373 21 0.000934164 22480 0.0119154
3 198022430 17 0.000756228 22480 0.0118531
4 191154276 11 0.000489324 22480 0.00794357
5 180915260 9 0.000400356 22480 0.00686717
6 171115067 11 0.000489324 22480 0.00886456
7 159138663 13 0.000578292 22480 0.0112727
8 146364022 7 0.000311388 22480 0.0065972
9 141213431 13 0.000578292 22480 0.0127097
10 135534747 6 0.000266904 22480 0.00610764
11 135006516 10 0.00044484 22480 0.0102262
12 133851895 5 0.00022242 22480 0.00514861
13 115169878 8 0.000355872 22480 0.00959223
14 107349540 2 8.8968e-05 22480 0.00257133
15 102531392 2 8.8968e-05 22480 0.00268785
16 90354753 5 0.00022242 22480 0.0076433
17 81195210 8 0.000355872 22480 0.0135829
18 78077248 2 8.8968e-05 22480 0.00353048
19 59128983 1 4.4484e-05 22480 0.002329
20 63025520 13 0.000578292 22480 0.0284873
21 48129895 3 0.000133452 22480 0.0086098
22 51304566 0 0 22480 0
X 155270560 9 0.000400356 22480 0.00799114
Y 59373566 4 0.000177936 22480 0.00931602
