1 249250621 2280 0.107345 21240 1.33513
2 243199373 1568 0.073823 21240 0.94162
3 198022430 1442 0.0678908 21240 1.06412
4 191154276 1205 0.0567326 21240 0.920983
5 180915260 1662 0.0782486 21240 1.34217
6 171115067 1388 0.0653484 21240 1.18385
7 159138663 926 0.043597 21240 0.849844
8 146364022 1009 0.0475047 21240 1.00646
9 141213431 898 0.0422787 21240 0.929203
10 135534747 763 0.0359228 21240 0.822032
11 135006516 685 0.0322505 21240 0.74139
12 133851895 1127 0.0530603 21240 1.22825
13 115169878 848 0.0399247 21240 1.07614
14 107349540 722 0.0339925 21240 0.982441
15 102531392 456 0.0214689 21240 0.648608
16 90354753 476 0.0224105 21240 0.770122
17 81195210 325 0.0153013 21240 0.58402
18 78077248 237 0.0111582 21240 0.442785
19 59128983 422 0.0198682 21240 1.04022
20 63025520 274 0.0129002 21240 0.635477
21 48129895 128 0.00602637 21240 0.388798
22 51304566 152 0.00715631 21240 0.433716
X 155270560 1379 0.0649247 21240 1.2959
Y 59373566 5 0.000235405 21240 0.0123249
