1 249250621 23 0.00160256 14352 0.0199324
2 243199373 21 0.00146321 14352 0.0186634
3 198022430 13 0.000905797 14352 0.0141974
4 191154276 20 0.00139353 14352 0.0226223
5 180915260 15 0.00104515 14352 0.0179271
6 171115067 10 0.000696767 14352 0.0126226
7 159138663 16 0.00111483 14352 0.0217315
8 146364022 7 0.000487737 14352 0.0103334
9 141213431 12 0.00083612 14352 0.0183763
10 135534747 3 0.00020903 14352 0.0047833
11 135006516 4 0.000278707 14352 0.00640705
12 133851895 19 0.00132386 14352 0.0306448
13 115169878 14 0.000975474 14352 0.0262931
14 107349540 3 0.00020903 14352 0.00604133
15 102531392 7 0.000487737 14352 0.0147353
16 90354753 6 0.00041806 14352 0.0143663
17 81195210 0 0 14352 0
18 78077248 3 0.00020903 14352 0.00829485
19 59128983 6 0.00041806 14352 0.021888
20 63025520 14 0.000975474 14352 0.0480529
21 48129895 0 0 14352 0
22 51304566 1 6.96767e-05 14352 0.00422283
X 155270560 3 0.00020903 14352 0.00417226
Y 59373566 2 0.000139353 14352 0.00729599
