1 249250621 3305 0.0805547 41028 1.00192
2 243199373 3111 0.0758263 41028 0.967172
3 198022430 3529 0.0860144 41028 1.34819
4 191154276 3186 0.0776543 41028 1.26062
5 180915260 2110 0.0514283 41028 0.882132
6 171115067 3195 0.0778736 41028 1.41075
7 159138663 2705 0.0659306 41028 1.2852
8 146364022 1383 0.0337087 41028 0.714167
9 141213431 763 0.0185971 41028 0.408726
10 135534747 728 0.017744 41028 0.406041
11 135006516 1922 0.0468461 41028 1.07692
12 133851895 2216 0.0540119 41028 1.25028
13 115169878 2192 0.0534269 41028 1.44008
14 107349540 1062 0.0258848 41028 0.748114
15 102531392 643 0.0156722 41028 0.473481
16 90354753 666 0.0162328 41028 0.557829
17 81195210 533 0.0129911 41028 0.495845
18 78077248 822 0.0200351 41028 0.795044
19 59128983 412 0.0100419 41028 0.525755
20 63025520 415 0.010115 41028 0.498278
21 48129895 278 0.00677586 41028 0.437152
22 51304566 195 0.00475285 41028 0.288052
X 155270560 3110 0.0758019 41028 1.51301
Y 59373566 23 0.000560593 41028 0.0293504
