1 249250621 5168 0.0602408 85789 0.749264
2 243199373 5640 0.0657427 85789 0.838555
3 198022430 10620 0.123792 85789 1.94031
4 191154276 2745 0.0319971 85789 0.519434
5 180915260 7173 0.0836121 85789 1.43417
6 171115067 6739 0.0785532 85789 1.42307
7 159138663 3330 0.0388162 85789 0.75665
8 146364022 2565 0.0298989 85789 0.633452
9 141213431 4076 0.0475119 85789 1.04422
10 135534747 2813 0.0327898 85789 0.750338
11 135006516 1769 0.0206204 85789 0.474031
12 133851895 5427 0.0632599 85789 1.46435
13 115169878 6575 0.0766415 85789 2.06581
14 107349540 542 0.00631783 85789 0.182596
15 102531392 428 0.00498898 85789 0.150725
16 90354753 996 0.0116099 85789 0.398965
17 81195210 1422 0.0165756 85789 0.632655
18 78077248 2359 0.0274977 85789 1.09118
19 59128983 411 0.00479082 85789 0.250828
20 63025520 694 0.00808962 85789 0.398503
21 48129895 865 0.0100829 85789 0.650508
22 51304566 319 0.00371843 85789 0.225359
X 155270560 4090 0.0476751 85789 0.951599
Y 59373566 35 0.000407978 85789 0.0213601
