1 249250621 65 0.00090629 71721 0.0112723
2 243199373 131 0.00182652 71721 0.0232975
3 198022430 73 0.00101783 71721 0.0159535
4 191154276 94 0.00131063 71721 0.0212765
5 180915260 73 0.00101783 71721 0.0174585
6 171115067 80 0.00111543 71721 0.0202071
7 159138663 95 0.00132458 71721 0.0258202
8 146364022 48 0.00066926 71721 0.0141792
9 141213431 45 0.000627431 71721 0.0137897
10 135534747 54 0.000752918 71721 0.0172292
11 135006516 41 0.00057166 71721 0.0131416
12 133851895 55 0.00076686 71721 0.0177514
13 115169878 42 0.000585603 71721 0.0157844
14 107349540 24 0.00033463 71721 0.00967139
15 102531392 36 0.000501945 71721 0.0151645
16 90354753 22 0.000306744 71721 0.010541
17 81195210 14 0.000195201 71721 0.00745041
18 78077248 22 0.000306744 71721 0.0121724
19 59128983 21 0.000292801 71721 0.0153299
20 63025520 54 0.000752918 71721 0.0370895
21 48129895 7 9.76004e-05 71721 0.0062968
22 51304566 8 0.000111543 71721 0.0067602
X 155270560 68 0.000948118 71721 0.0189245
Y 59373566 3 4.18288e-05 71721 0.00218999
