1 249250621 33866 0.183443 184613 2.28163
2 243199373 566 0.00306587 184613 0.0391055
3 198022430 19590 0.106114 184613 1.66323
4 191154276 354 0.00191752 184613 0.0311286
5 180915260 11682 0.0632783 184613 1.08539
6 171115067 16602 0.0899287 184613 1.62914
7 159138663 6402 0.0346779 184613 0.675983
8 146364022 5736 0.0310704 184613 0.658271
9 141213431 14662 0.0794202 184613 1.7455
10 135534747 8775 0.0475319 184613 1.08769
11 135006516 4472 0.0242236 184613 0.556865
12 133851895 5429 0.0294075 184613 0.680728
13 115169878 6111 0.0331017 184613 0.892229
14 107349540 4256 0.0230536 184613 0.66629
15 102531392 6107 0.03308 184613 0.999396
16 90354753 1999 0.0108281 184613 0.372098
17 81195210 3915 0.0212065 184613 0.809409
18 78077248 3325 0.0180106 184613 0.714708
19 59128983 2623 0.0142081 184613 0.74388
20 63025520 2613 0.0141539 184613 0.697238
21 48129895 2686 0.0145494 184613 0.938668
22 51304566 1067 0.00577966 184613 0.350282
X 155270560 7429 0.0402409 184613 0.803212
Y 59373566 93 0.000503757 184613 0.0263747
