1 249250621 2305 0.0428981 53732 0.533558
2 243199373 8522 0.158602 53732 2.02298
3 198022430 4577 0.085182 53732 1.33514
4 191154276 6203 0.115443 53732 1.87408
5 180915260 4355 0.0810504 53732 1.39023
6 171115067 4829 0.089872 53732 1.62812
7 159138663 3926 0.0730663 53732 1.42429
8 146364022 70 0.00130276 53732 0.0276009
9 141213431 139 0.00258691 53732 0.0568552
10 135534747 2516 0.046825 53732 1.07151
11 135006516 1392 0.0259064 53732 0.595548
12 133851895 2461 0.0458014 53732 1.06022
13 115169878 3418 0.063612 53732 1.71461
14 107349540 37 0.000688603 53732 0.0199018
15 102531392 494 0.00919378 53732 0.277758
16 90354753 1185 0.0220539 53732 0.757866
17 81195210 734 0.0136604 53732 0.521389
18 78077248 1653 0.0307638 53732 1.22079
19 59128983 21 0.000390829 53732 0.0204622
20 63025520 1435 0.0267066 53732 1.3156
21 48129895 805 0.0149818 53732 0.966565
22 51304566 103 0.00191692 53732 0.116177
X 155270560 73 0.00135859 53732 0.0271177
Y 59373566 11 0.00020472 53732 0.0107183
