1 249250621 5051 0.0831591 60739 1.03432
2 243199373 3988 0.065658 60739 0.837474
3 198022430 3467 0.0570803 60739 0.894675
4 191154276 5489 0.0903703 60739 1.46705
5 180915260 4101 0.0675184 60739 1.15812
6 171115067 4831 0.079537 60739 1.44089
7 159138663 2548 0.04195 60739 0.817738
8 146364022 3061 0.050396 60739 1.06771
9 141213431 1939 0.0319235 60739 0.701615
10 135534747 1984 0.0326644 60739 0.747468
11 135006516 3393 0.055862 60739 1.28418
12 133851895 2249 0.0370273 60739 0.857113
13 115169878 3934 0.0647689 60739 1.74579
14 107349540 1636 0.0269349 60739 0.778466
15 102531392 841 0.0138461 60739 0.418312
16 90354753 819 0.0134839 60739 0.463365
17 81195210 778 0.0128089 60739 0.488889
18 78077248 2183 0.0359407 60739 1.42622
19 59128983 424 0.00698069 60739 0.365481
20 63025520 958 0.0157724 60739 0.776966
21 48129895 574 0.00945027 60739 0.609695
22 51304566 272 0.00447818 60739 0.271405
X 155270560 3517 0.0579035 60739 1.15576
Y 59373566 43 0.000707947 60739 0.0370653
