1 249250621 20413 0.0908504 224688 1.12998
2 243199373 18823 0.0837739 224688 1.06855
3 198022430 14967 0.0666124 224688 1.04408
4 191154276 15450 0.068762 224688 1.11627
5 180915260 15347 0.0683036 224688 1.17159
6 171115067 14090 0.0627092 224688 1.13604
7 159138663 13466 0.059932 224688 1.16827
8 146364022 10274 0.0457256 224688 0.968763
9 141213431 8337 0.0371048 224688 0.81549
10 135534747 9160 0.0407676 224688 0.932898
11 135006516 8010 0.0356494 224688 0.819527
12 133851895 7964 0.0354447 224688 0.820479
13 115169878 13003 0.0578714 224688 1.55987
14 107349540 5636 0.0250837 224688 0.724962
15 102531392 4185 0.0186258 224688 0.562714
16 90354753 3323 0.0147894 224688 0.508227
17 81195210 2579 0.0114781 224688 0.438097
18 78077248 3971 0.0176734 224688 0.701325
19 59128983 1627 0.00724115 224688 0.379118
20 63025520 2247 0.0100005 224688 0.492637
21 48129895 3293 0.0146559 224688 0.945541
22 51304566 1055 0.0046954 224688 0.28457
X 155270560 15563 0.0692649 224688 1.38253
Y 59373566 125 0.000556327 224688 0.0291271
