1 249250621 6789 0.101566 66843 1.26326
2 243199373 4987 0.0746077 66843 0.951628
3 198022430 5249 0.0785273 66843 1.23084
4 191154276 5796 0.0867107 66843 1.40764
5 180915260 4391 0.0656912 66843 1.12678
6 171115067 3674 0.0549646 66843 0.995736
7 159138663 4138 0.0619063 66843 1.20675
8 146364022 3970 0.0593929 66843 1.25832
9 141213431 2196 0.0328531 66843 0.722046
10 135534747 2220 0.0332122 66843 0.760004
11 135006516 2999 0.0448663 66843 1.03141
12 133851895 2283 0.0341547 66843 0.790617
13 115169878 2812 0.0420687 66843 1.13393
14 107349540 1704 0.0254926 66843 0.73678
15 102531392 1068 0.0159777 66843 0.482711
16 90354753 1252 0.0187305 66843 0.643658
17 81195210 632 0.00945499 66843 0.360878
18 78077248 1086 0.016247 66843 0.644723
19 59128983 259 0.00387475 66843 0.202867
20 63025520 777 0.0116243 66843 0.572623
21 48129895 936 0.014003 66843 0.903417
22 51304566 143 0.00213934 66843 0.129657
X 155270560 3349 0.0501025 66843 1.00005
Y 59373566 35 0.000523615 66843 0.0274144
