1 249250621 8063 0.0815961 98816 1.01488
2 243199373 8721 0.0882549 98816 1.1257
3 198022430 5603 0.0567013 98816 0.888736
4 191154276 7787 0.078803 98816 1.27927
5 180915260 6468 0.065455 98816 1.12273
6 171115067 4089 0.0413799 98816 0.749637
7 159138663 4985 0.0504473 98816 0.983378
8 146364022 5818 0.0588771 98816 1.2474
9 141213431 3655 0.0369879 98816 0.812922
10 135534747 3299 0.0333853 98816 0.763965
11 135006516 4765 0.0482209 98816 1.10853
12 133851895 3554 0.0359658 98816 0.832542
13 115169878 3887 0.0393357 98816 1.06026
14 107349540 2334 0.0236197 98816 0.682649
15 102531392 1862 0.0188431 98816 0.569278
16 90354753 2293 0.0232047 98816 0.797414
17 81195210 721 0.00729639 98816 0.278488
18 78077248 2454 0.024834 98816 0.985478
19 59128983 1219 0.0123361 98816 0.645867
20 63025520 1092 0.0110508 98816 0.544376
21 48129895 1588 0.0160703 98816 1.03679
22 51304566 372 0.00376457 98816 0.228156
X 155270560 7040 0.0712435 98816 1.42203
Y 59373566 73 0.000738747 98816 0.0386778
