1 249250621 5377 0.111464 48240 1.38636
2 243199373 2514 0.0521144 48240 0.664725
3 198022430 4489 0.0930556 48240 1.45855
4 191154276 2874 0.0595771 48240 0.967161
5 180915260 3308 0.0685738 48240 1.17622
6 171115067 3519 0.0729478 48240 1.32152
7 159138663 3128 0.0648425 48240 1.26399
8 146364022 1765 0.0365879 48240 0.775167
9 141213431 1555 0.0322347 48240 0.708454
10 135534747 1537 0.0318615 48240 0.729097
11 135006516 1858 0.0385158 48240 0.88542
12 133851895 2107 0.0436774 48240 1.01105
13 115169878 2217 0.0459577 48240 1.23875
14 107349540 1284 0.0266169 48240 0.769275
15 102531392 1007 0.0208748 48240 0.630658
16 90354753 550 0.0114013 48240 0.391798
17 81195210 896 0.0185738 48240 0.708924
18 78077248 898 0.0186153 48240 0.738701
19 59128983 312 0.00646766 48240 0.338621
20 63025520 829 0.0171849 48240 0.846547
21 48129895 476 0.00986733 48240 0.636602
22 51304566 353 0.00731758 48240 0.44349
X 155270560 2824 0.0585406 48240 1.16848
Y 59373566 42 0.000870647 48240 0.0455836
