1 249250621 8863 0.0902436 98212 1.12243
2 243199373 9041 0.092056 98212 1.17418
3 198022430 8110 0.0825765 98212 1.2943
4 191154276 9427 0.0959862 98212 1.55822
5 180915260 8220 0.0836965 98212 1.43562
6 171115067 6471 0.0658881 98212 1.19362
7 159138663 5881 0.0598807 98212 1.16726
8 146364022 3612 0.0367776 98212 0.779186
9 141213431 3499 0.035627 98212 0.783011
10 135534747 4901 0.0499023 98212 1.14193
11 135006516 2593 0.0264021 98212 0.606944
12 133851895 3206 0.0326437 98212 0.75564
13 115169878 5983 0.0609192 98212 1.64203
14 107349540 1703 0.01734 98212 0.501157
15 102531392 1343 0.0136745 98212 0.413127
16 90354753 1116 0.0113632 98212 0.390487
17 81195210 816 0.00830856 98212 0.31712
18 78077248 1962 0.0199772 98212 0.792746
19 59128983 793 0.00807437 98212 0.422742
20 63025520 1072 0.0109152 98212 0.537693
21 48129895 372 0.00378772 98212 0.244369
22 51304566 479 0.0048772 98212 0.295588
X 155270560 3622 0.0368794 98212 0.736116
Y 59373566 40 0.000407282 98212 0.0213237
