1 249250621 12 0.000555401 21606 0.00690798
2 243199373 22 0.00101824 21606 0.0129877
3 198022430 13 0.000601685 21606 0.00943079
4 191154276 11 0.000509118 21606 0.0082649
5 180915260 12 0.000555401 21606 0.00952661
6 171115067 20 0.000925669 21606 0.0167694
7 159138663 16 0.000740535 21606 0.0144354
8 146364022 5 0.000231417 21606 0.00490291
9 141213431 6 0.000277701 21606 0.00610331
10 135534747 14 0.000647968 21606 0.0148276
11 135006516 9 0.000416551 21606 0.00957588
12 133851895 7 0.000323984 21606 0.00749963
13 115169878 9 0.000416551 21606 0.0112278
14 107349540 3 0.00013885 21606 0.00401302
15 102531392 14 0.000647968 21606 0.0195761
16 90354753 3 0.00013885 21606 0.00477149
17 81195210 7 0.000323984 21606 0.0123658
18 78077248 4 0.000185134 21606 0.00734658
19 59128983 3 0.00013885 21606 0.00726965
20 63025520 16 0.000740535 21606 0.0364796
21 48129895 4 0.000185134 21606 0.0119441
22 51304566 4 0.000185134 21606 0.0112202
X 155270560 21 0.000971952 21606 0.0194002
Y 59373566 1 4.62834e-05 21606 0.00242322
