1 249250621 34 0.000825644 41180 0.0102692
2 243199373 38 0.000922778 41180 0.0117701
3 198022430 27 0.000655658 41180 0.0102768
4 191154276 36 0.000874211 41180 0.0141917
5 180915260 24 0.000582807 41180 0.00999669
6 171115067 28 0.000679942 41180 0.0123178
7 159138663 23 0.000558524 41180 0.0108874
8 146364022 18 0.000437105 41180 0.00926071
9 141213431 8 0.000194269 41180 0.00426965
10 135534747 6 0.000145702 41180 0.00333414
11 135006516 19 0.000461389 41180 0.0106066
12 133851895 10 0.000242836 41180 0.00562121
13 115169878 15 0.000364254 41180 0.00981818
14 107349540 16 0.000388538 41180 0.0112294
15 102531392 8 0.000194269 41180 0.00586916
16 90354753 7 0.000169985 41180 0.00584142
17 81195210 6 0.000145702 41180 0.00556114
18 78077248 12 0.000291404 41180 0.0115636
19 59128983 0 0 41180 0
20 63025520 21 0.000509956 41180 0.025121
21 48129895 4 9.71345e-05 41180 0.00626674
22 51304566 2 4.85673e-05 41180 0.00294347
X 155270560 23 0.000558524 41180 0.0111482
Y 59373566 0 0 41180 0
