1 249250621 103 0.000747064 137873 0.00929184
2 243199373 145 0.00105169 137873 0.0134144
3 198022430 103 0.000747064 137873 0.0117095
4 191154276 97 0.000703546 137873 0.0114212
5 180915260 52 0.000377159 137873 0.00646927
6 171115067 83 0.000602003 137873 0.0109059
7 159138663 75 0.000543979 137873 0.0106039
8 146364022 62 0.000449689 137873 0.00952731
9 141213431 62 0.000449689 137873 0.00988328
10 135534747 61 0.000442436 137873 0.0101244
11 135006516 64 0.000464195 137873 0.0106712
12 133851895 59 0.00042793 137873 0.00990579
13 115169878 63 0.000456942 137873 0.0123165
14 107349540 42 0.000304628 137873 0.00880428
15 102531392 24 0.000174073 137873 0.00525901
16 90354753 44 0.000319134 137873 0.0109668
17 81195210 31 0.000224845 137873 0.00858186
18 78077248 39 0.000282869 137873 0.011225
19 59128983 23 0.00016682 137873 0.00873404
20 63025520 62 0.000449689 137873 0.0221522
21 48129895 15 0.000108796 137873 0.00701908
22 51304566 6 4.35183e-05 137873 0.00263747
X 155270560 97 0.000703546 137873 0.0140428
Y 59373566 5 3.62653e-05 137873 0.0018987
