1 249250621 6696 0.0949962 70487 1.18155
2 243199373 5056 0.0717295 70487 0.914918
3 198022430 4261 0.0604509 70487 0.947506
4 191154276 6665 0.0945564 70487 1.53501
5 180915260 4608 0.0653738 70487 1.12133
6 171115067 5152 0.0730915 70487 1.32412
7 159138663 4157 0.0589754 70487 1.14962
8 146364022 3676 0.0521515 70487 1.1049
9 141213431 2727 0.038688 70487 0.850285
10 135534747 1617 0.0229404 70487 0.524952
11 135006516 2860 0.0405749 70487 0.932755
12 133851895 3766 0.0534283 70487 1.23677
13 115169878 3617 0.0513144 70487 1.38314
14 107349540 1070 0.0151801 70487 0.438731
15 102531392 1060 0.0150382 70487 0.454327
16 90354753 1028 0.0145842 70487 0.501177
17 81195210 901 0.0127825 70487 0.487882
18 78077248 1823 0.0258629 70487 1.02631
19 59128983 714 0.0101295 70487 0.530342
20 63025520 692 0.00981741 70487 0.483616
21 48129895 950 0.0134777 70487 0.869527
22 51304566 302 0.00428448 70487 0.259665
X 155270560 3901 0.0553435 70487 1.10466
Y 59373566 29 0.000411423 70487 0.0215405
