1 249250621 21 0.00132668 15829 0.016501
2 243199373 22 0.00138985 15829 0.0177277
3 198022430 13 0.000821277 15829 0.0128727
4 191154276 11 0.000694927 15829 0.0112813
5 180915260 9 0.000568577 15829 0.0097526
6 171115067 7 0.000442226 15829 0.00801135
7 159138663 17 0.00107398 15829 0.0209352
8 146364022 8 0.000505401 15829 0.0107077
9 141213431 8 0.000505401 15829 0.0111077
10 135534747 2 0.00012635 15829 0.00289131
11 135006516 4 0.000252701 15829 0.00580921
12 133851895 1 6.31752e-05 15829 0.00146239
13 115169878 11 0.000694927 15829 0.0187312
14 107349540 2 0.00012635 15829 0.00365174
15 102531392 2 0.00012635 15829 0.00381723
16 90354753 5 0.000315876 15829 0.0108548
17 81195210 0 0 15829 0
18 78077248 5 0.000315876 15829 0.0125348
19 59128983 1 6.31752e-05 15829 0.0033076
20 63025520 6 0.000379051 15829 0.0186725
21 48129895 0 0 15829 0
22 51304566 3 0.000189526 15829 0.0114864
X 155270560 6 0.000379051 15829 0.00756589
Y 59373566 0 0 15829 0
