1 249250621 5059 0.0578833 87400 0.719941
2 243199373 7677 0.0878375 87400 1.12038
3 198022430 10342 0.11833 87400 1.85469
4 191154276 7881 0.0901716 87400 1.46383
5 180915260 8953 0.102437 87400 1.75707
6 171115067 3511 0.0401716 87400 0.727747
7 159138663 4686 0.0536156 87400 1.04514
8 146364022 4881 0.0558467 87400 1.18319
9 141213431 3290 0.037643 87400 0.827319
10 135534747 2130 0.0243707 87400 0.557682
11 135006516 4112 0.0470481 87400 1.08156
12 133851895 3500 0.0400458 87400 0.926985
13 115169878 4570 0.0522883 87400 1.40939
14 107349540 37 0.000423341 87400 0.0122353
15 102531392 1393 0.0159382 87400 0.481517
16 90354753 1028 0.011762 87400 0.404193
17 81195210 936 0.0107094 87400 0.408755
18 78077248 1548 0.0177117 87400 0.702844
19 59128983 504 0.00576659 87400 0.301916
20 63025520 450 0.00514874 87400 0.253633
21 48129895 1381 0.0158009 87400 1.01941
22 51304566 133 0.00152174 87400 0.0922266
X 155270560 4094 0.0468421 87400 0.934972
Y 59373566 25 0.000286041 87400 0.014976
