1 249250621 6587 0.0910511 72344 1.13248
2 243199373 6813 0.0941751 72344 1.20121
3 198022430 5101 0.0705103 72344 1.10518
4 191154276 5632 0.0778503 72344 1.2638
5 180915260 4902 0.0677596 72344 1.16226
6 171115067 5360 0.0740905 72344 1.34222
7 159138663 3858 0.0533285 72344 1.03954
8 146364022 3798 0.0524992 72344 1.11227
9 141213431 2649 0.0366167 72344 0.804763
10 135534747 3545 0.049002 72344 1.12133
11 135006516 3550 0.0490711 72344 1.12807
12 133851895 2436 0.0336725 72344 0.779455
13 115169878 955 0.0132008 72344 0.355817
14 107349540 1187 0.0164077 72344 0.474212
15 102531392 1187 0.0164077 72344 0.495701
16 90354753 1154 0.0159516 72344 0.548164
17 81195210 856 0.0118324 72344 0.451617
18 78077248 448 0.00619264 72344 0.245739
19 59128983 530 0.00732611 72344 0.383566
20 63025520 478 0.00660732 72344 0.325484
21 48129895 321 0.00443713 72344 0.286267
22 51304566 256 0.00353865 72344 0.214464
X 155270560 6117 0.0845544 72344 1.68771
Y 59373566 60 0.000829371 72344 0.0434226
