1 249250621 14922 0.0898959 165992 1.11811
2 243199373 13229 0.0796966 165992 1.01654
3 198022430 12238 0.0737264 165992 1.15559
4 191154276 13374 0.0805701 165992 1.30796
5 180915260 12921 0.0778411 165992 1.33518
6 171115067 10630 0.0640392 165992 1.16013
7 159138663 9836 0.0592559 165992 1.15509
8 146364022 6479 0.039032 165992 0.826949
9 141213431 6737 0.0405863 165992 0.892006
10 135534747 5538 0.0333631 165992 0.763457
11 135006516 7568 0.0455926 165992 1.0481
12 133851895 6350 0.0382549 165992 0.885529
13 115169878 8985 0.0541291 165992 1.45901
14 107349540 4246 0.0255795 165992 0.739293
15 102531392 2091 0.012597 165992 0.380574
16 90354753 3727 0.0224529 165992 0.771577
17 81195210 2881 0.0173563 165992 0.662453
18 78077248 3843 0.0231517 165992 0.918719
19 59128983 1462 0.00880765 165992 0.461134
20 63025520 1922 0.0115789 165992 0.570388
21 48129895 2054 0.0123741 165992 0.798328
22 51304566 611 0.0036809 165992 0.223085
X 155270560 6517 0.0392609 165992 0.783651
Y 59373566 79 0.000475927 165992 0.0249176
