1 249250621 7 0.000901829 7762 0.0112168
2 243199373 5 0.000644164 7762 0.00821638
3 198022430 7 0.000901829 7762 0.0141353
4 191154276 7 0.000901829 7762 0.0146401
5 180915260 7 0.000901829 7762 0.0154688
6 171115067 6 0.000772997 7762 0.0140036
7 159138663 4 0.000515331 7762 0.0100454
8 146364022 7 0.000901829 7762 0.0191066
9 141213431 0 0 7762 0
10 135534747 3 0.000386498 7762 0.00884436
11 135006516 1 0.000128833 7762 0.00296167
12 133851895 1 0.000128833 7762 0.00298224
13 115169878 0 0 7762 0
14 107349540 0 0 7762 0
15 102531392 3 0.000386498 7762 0.0116767
16 90354753 1 0.000128833 7762 0.00442724
17 81195210 1 0.000128833 7762 0.00491728
18 78077248 0 0 7762 0
19 59128983 1 0.000128833 7762 0.00674517
20 63025520 2 0.000257666 7762 0.0126929
21 48129895 2 0.000257666 7762 0.0166236
22 51304566 0 0 7762 0
X 155270560 6 0.000772997 7762 0.0154291
Y 59373566 0 0 7762 0
