1 249250621 116 0.00451819 25674 0.0561964
2 243199373 38 0.0014801 25674 0.0188788
3 198022430 31 0.00120745 25674 0.0189255
4 191154276 19 0.000740048 25674 0.0120138
5 180915260 39 0.00151905 25674 0.0260557
6 171115067 21 0.000817948 25674 0.0148179
7 159138663 29 0.00112955 25674 0.0220185
8 146364022 18 0.000701098 25674 0.0148538
9 141213431 13 0.000506349 25674 0.0111285
10 135534747 14 0.000545299 25674 0.0124782
11 135006516 6 0.000233699 25674 0.0053724
12 133851895 11 0.000428449 25674 0.0099178
13 115169878 15 0.000584249 25674 0.0157479
14 107349540 13 0.000506349 25674 0.0146344
15 102531392 9 0.000350549 25674 0.0105906
16 90354753 8 0.000311599 25674 0.0107079
17 81195210 1 3.89499e-05 25674 0.00148664
18 78077248 9 0.000350549 25674 0.0139107
19 59128983 6 0.000233699 25674 0.0122356
20 63025520 13 0.000506349 25674 0.0249433
21 48129895 9 0.000350549 25674 0.0226161
22 51304566 1 3.89499e-05 25674 0.0023606
X 155270560 27 0.00105165 25674 0.020991
Y 59373566 4 0.0001558 25674 0.00815705
