1 249250621 505 0.0580193 8704 0.721633
2 243199373 704 0.0808824 8704 1.03166
3 198022430 606 0.0696232 8704 1.09127
4 191154276 653 0.075023 8704 1.21791
5 180915260 574 0.0659467 8704 1.13116
6 171115067 671 0.077091 8704 1.39658
7 159138663 578 0.0664062 8704 1.29447
8 146364022 447 0.0513557 8704 1.08804
9 141213431 278 0.0319393 8704 0.701963
10 135534747 302 0.0346967 8704 0.793975
11 135006516 461 0.0529642 8704 1.21757
12 133851895 301 0.0345818 8704 0.800505
13 115169878 396 0.0454963 8704 1.22632
14 107349540 229 0.0263097 8704 0.760397
15 102531392 127 0.014591 8704 0.440815
16 90354753 82 0.00942096 8704 0.323744
17 81195210 172 0.019761 8704 0.754238
18 78077248 108 0.0124081 8704 0.492384
19 59128983 112 0.0128676 8704 0.673699
20 63025520 81 0.00930607 8704 0.458427
21 48129895 134 0.0153952 8704 0.99324
22 51304566 43 0.00494026 8704 0.29941
X 155270560 439 0.0504366 8704 1.00672
Y 59373566 6 0.000689338 8704 0.036091
