1 249250621 7509 0.098774 76022 1.22853
2 243199373 6321 0.083147 76022 1.06055
3 198022430 6132 0.0806609 76022 1.26428
4 191154276 6316 0.0830812 76022 1.34872
5 180915260 4860 0.0639289 76022 1.09655
6 171115067 4299 0.0565494 76022 1.02445
7 159138663 3800 0.0499855 76022 0.974377
8 146364022 3731 0.0490779 76022 1.03979
9 141213431 2805 0.0368972 76022 0.810928
10 135534747 2239 0.029452 76022 0.673959
11 135006516 2467 0.0324511 76022 0.746003
12 133851895 3239 0.0426061 76022 0.986252
13 115169878 4125 0.0542606 76022 1.46255
14 107349540 2155 0.0283471 76022 0.819279
15 102531392 765 0.0100629 76022 0.304014
16 90354753 1675 0.0220331 76022 0.757151
17 81195210 792 0.010418 76022 0.397635
18 78077248 1724 0.0226776 76022 0.899907
19 59128983 1081 0.0142196 76022 0.74448
20 63025520 315 0.00414354 76022 0.204115
21 48129895 1150 0.0151272 76022 0.975948
22 51304566 254 0.00334114 76022 0.202493
X 155270560 3376 0.0444082 76022 0.886391
Y 59373566 63 0.000828707 76022 0.0433878
