1 249250621 3344 0.0767994 43542 0.955217
2 243199373 4544 0.104359 43542 1.33111
3 198022430 3358 0.0771209 43542 1.20879
4 191154276 3534 0.081163 43542 1.31758
5 180915260 2616 0.0600799 43542 1.03053
6 171115067 2461 0.0565201 43542 1.02392
7 159138663 1902 0.043682 43542 0.8515
8 146364022 2226 0.0511231 43542 1.08312
9 141213431 1372 0.0315098 43542 0.692523
10 135534747 1409 0.0323596 43542 0.740493
11 135006516 1664 0.038216 43542 0.878528
12 133851895 2020 0.046392 43542 1.07389
13 115169878 2048 0.047035 43542 1.26779
14 107349540 901 0.0206927 43542 0.598054
15 102531392 808 0.0185568 43542 0.560628
16 90354753 942 0.0216343 43542 0.743446
17 81195210 491 0.0112765 43542 0.4304
18 78077248 1167 0.0268017 43542 1.06356
19 59128983 150 0.00344495 43542 0.180364
20 63025520 246 0.00564972 43542 0.278311
21 48129895 534 0.012264 43542 0.791227
22 51304566 99 0.00227367 43542 0.137798
X 155270560 3054 0.0701392 43542 1.39998
Y 59373566 34 0.000780855 43542 0.0408825
