1 249250621 11273 0.0921757 122299 1.14646
2 243199373 10741 0.0878257 122299 1.12023
3 198022430 10665 0.0872043 122299 1.36684
4 191154276 7841 0.0641134 122299 1.0408
5 180915260 7193 0.0588149 122299 1.00883
6 171115067 8434 0.0689621 122299 1.24931
7 159138663 6862 0.0561084 122299 1.09373
8 146364022 5751 0.0470241 122299 0.996273
9 141213431 4478 0.0366152 122299 0.804729
10 135534747 3350 0.0273919 122299 0.626817
11 135006516 4965 0.0405972 122299 0.93327
12 133851895 4462 0.0364844 122299 0.844545
13 115169878 7009 0.0573104 122299 1.54475
14 107349540 2818 0.0230419 122299 0.665951
15 102531392 2707 0.0221343 122299 0.668709
16 90354753 2287 0.0187001 122299 0.642614
17 81195210 1256 0.0102699 122299 0.391981
18 78077248 2581 0.021104 122299 0.837461
19 59128983 1472 0.0120361 122299 0.630161
20 63025520 965 0.0078905 122299 0.388694
21 48129895 1697 0.0138758 122299 0.895215
22 51304566 783 0.00640234 122299 0.388021
X 155270560 6864 0.0561247 122299 1.12025
Y 59373566 76 0.000621428 122299 0.0325355
