1 249250621 8194 0.0828656 98883 1.03067
2 243199373 4046 0.040917 98883 0.521901
3 198022430 5534 0.0559651 98883 0.877196
4 191154276 235 0.00237655 98883 0.0385803
5 180915260 12120 0.122569 98883 2.10239
6 171115067 18414 0.18622 98883 3.37355
7 159138663 5280 0.0533964 98883 1.04087
8 146364022 8691 0.0878918 98883 1.86211
9 141213431 97 0.000980957 98883 0.0215595
10 135534747 113 0.00114276 98883 0.0261502
11 135006516 4690 0.0474298 98883 1.09034
12 133851895 117 0.00118322 98883 0.0273893
13 115169878 2903 0.0293579 98883 0.791319
14 107349540 374 0.00378225 98883 0.109314
15 102531392 5029 0.0508581 98883 1.5365
16 90354753 3050 0.0308445 98883 1.05995
17 81195210 2321 0.0234722 98883 0.895885
18 78077248 1796 0.0181629 98883 0.720749
19 59128983 52 0.000525874 98883 0.0275327
20 63025520 39 0.000394406 98883 0.0194288
21 48129895 2659 0.0268904 98883 1.73486
22 51304566 565 0.00571382 98883 0.346292
X 155270560 7876 0.0796497 98883 1.58981
Y 59373566 57 0.000576439 98883 0.03018
