1 249250621 13116 0.122419 107140 1.52263
2 243199373 8970 0.0837222 107140 1.06789
3 198022430 9744 0.0909464 107140 1.42549
4 191154276 4245 0.0396211 107140 0.643199
5 180915260 6912 0.0645137 107140 1.10658
6 171115067 4983 0.0465092 107140 0.842559
7 159138663 3704 0.0345716 107140 0.67391
8 146364022 7860 0.073362 107140 1.55428
9 141213431 4570 0.0426545 107140 0.937461
10 135534747 3157 0.0294661 107140 0.674282
11 135006516 4840 0.0451745 107140 1.0385
12 133851895 4275 0.0399011 107140 0.923636
13 115169878 2292 0.0213926 107140 0.576619
14 107349540 67 0.00062535 107140 0.0180737
15 102531392 2782 0.025966 107140 0.784472
16 90354753 4193 0.0391357 107140 1.34487
17 81195210 46 0.000429345 107140 0.0163872
18 78077248 2319 0.0216446 107140 0.858912
19 59128983 2100 0.0196005 107140 1.02621
20 63025520 1361 0.012703 107140 0.625764
21 48129895 1545 0.0144204 107140 0.930347
22 51304566 1597 0.0149057 107140 0.903378
X 155270560 7887 0.073614 107140 1.46934
Y 59373566 68 0.000634684 107140 0.0332295
