1 249250621 2648 0.112241 23592 1.39604
2 243199373 2844 0.120549 23592 1.53762
3 198022430 1204 0.0510342 23592 0.79991
4 191154276 1641 0.0695575 23592 1.12918
5 180915260 1605 0.0680315 23592 1.16692
6 171115067 2061 0.0873601 23592 1.58261
7 159138663 814 0.0345032 23592 0.672577
8 146364022 1299 0.055061 23592 1.16655
9 141213431 477 0.0202187 23592 0.444367
10 135534747 959 0.0406494 23592 0.930192
11 135006516 994 0.0421329 23592 0.968573
12 133851895 636 0.0269583 23592 0.624035
13 115169878 1171 0.0496355 23592 1.33788
14 107349540 503 0.0213208 23592 0.616208
15 102531392 316 0.0133944 23592 0.404664
16 90354753 73 0.00309427 23592 0.106332
17 81195210 136 0.00576467 23592 0.220025
18 78077248 548 0.0232282 23592 0.921754
19 59128983 86 0.0036453 23592 0.190854
20 63025520 223 0.00945236 23592 0.465633
21 48129895 291 0.0123347 23592 0.795786
22 51304566 43 0.00182265 23592 0.110464
X 155270560 1457 0.0617582 23592 1.2327
Y 59373566 15 0.000635809 23592 0.0332884
