1 249250621 5320 0.0719191 73972 0.894516
2 243199373 5571 0.0753123 73972 0.960616
3 198022430 6083 0.0822338 73972 1.28893
4 191154276 4764 0.0644027 73972 1.0455
5 180915260 5219 0.0705537 73972 1.21018
6 171115067 4797 0.0648489 73972 1.1748
7 159138663 5914 0.0799492 73972 1.55846
8 146364022 2166 0.0292813 73972 0.620368
9 141213431 1907 0.02578 73972 0.566594
10 135534747 2206 0.0298221 73972 0.682428
11 135006516 2390 0.0323095 73972 0.742748
12 133851895 3604 0.0487211 73972 1.1278
13 115169878 2983 0.0403261 73972 1.08696
14 107349540 2715 0.0367031 73972 1.06078
15 102531392 1710 0.0231169 73972 0.698394
16 90354753 818 0.0110582 73972 0.380008
17 81195210 1278 0.0172768 73972 0.65942
18 78077248 948 0.0128157 73972 0.508558
19 59128983 1217 0.0164522 73972 0.86137
20 63025520 1120 0.0151409 73972 0.745855
21 48129895 1399 0.0189126 73972 1.22017
22 51304566 510 0.0068945 73972 0.417849
X 155270560 4482 0.0605905 73972 1.20939
Y 59373566 54 0.000730006 73972 0.0382202
