1 249250621 8625 0.110806 77839 1.37818
2 243199373 3340 0.0429091 77839 0.54731
3 198022430 4392 0.0564242 77839 0.884391
4 191154276 404 0.0051902 77839 0.0842565
5 180915260 7888 0.101337 77839 1.73821
6 171115067 3586 0.0460695 77839 0.834592
7 159138663 4837 0.0621411 77839 1.21133
8 146364022 3765 0.0483691 77839 1.02477
9 141213431 199 0.00255656 77839 0.0561881
10 135534747 5263 0.0676139 77839 1.54723
11 135006516 81 0.00104061 77839 0.0239221
12 133851895 6331 0.0813345 77839 1.88274
13 115169878 4608 0.0591991 77839 1.59566
14 107349540 2908 0.0373592 77839 1.07974
15 102531392 2571 0.0330297 77839 0.997877
16 90354753 2332 0.0299593 77839 1.02953
17 81195210 1395 0.0179216 77839 0.684031
18 78077248 3132 0.0402369 77839 1.5967
19 59128983 828 0.0106373 77839 0.556929
20 63025520 11 0.000141317 77839 0.00696145
21 48129895 1550 0.0199129 77839 1.2847
22 51304566 1045 0.0134251 77839 0.813645
X 155270560 4549 0.0584411 77839 1.16649
Y 59373566 38 0.000488187 77839 0.0255595
