1 249250621 7354 0.0651829 112821 0.810733
2 243199373 8816 0.0781415 112821 0.996703
3 198022430 7254 0.0642965 112821 1.00778
4 191154276 9957 0.0882548 112821 1.43271
5 180915260 7695 0.0682054 112821 1.1699
6 171115067 3092 0.0274062 112821 0.49649
7 159138663 5699 0.0505136 112821 0.984671
8 146364022 5632 0.0499198 112821 1.05762
9 141213431 4125 0.0365623 112821 0.803568
10 135534747 2480 0.0219817 112821 0.503014
11 135006516 4501 0.0398951 112821 0.917128
12 133851895 4622 0.0409676 112821 0.948323
13 115169878 4983 0.0441673 112821 1.19049
14 107349540 3003 0.0266174 112821 0.769289
15 102531392 1425 0.0126306 112821 0.38159
16 90354753 2537 0.0224869 112821 0.772747
17 81195210 1092 0.00967905 112821 0.369429
18 78077248 2452 0.0217335 112821 0.862442
19 59128983 1784 0.0158127 112821 0.827888
20 63025520 1510 0.013384 112821 0.659312
21 48129895 1735 0.0153783 112821 0.992151
22 51304566 536 0.00475089 112821 0.287933
X 155270560 8352 0.0740288 112821 1.47762
Y 59373566 119 0.00105477 112821 0.0552235
