1 249250621 34 0.000882338 38534 0.0109743
2 243199373 44 0.00114185 38534 0.0145644
3 198022430 30 0.000778533 38534 0.0122027
4 191154276 24 0.000622827 38534 0.0101108
5 180915260 48 0.00124565 38534 0.0213663
6 171115067 25 0.000648778 38534 0.0117532
7 159138663 41 0.001064 38534 0.0207407
8 146364022 25 0.000648778 38534 0.0137453
9 141213431 18 0.00046712 38534 0.0102664
10 135534747 19 0.000493071 38534 0.0112831
11 135006516 21 0.000544973 38534 0.0125281
12 133851895 21 0.000544973 38534 0.0126151
13 115169878 27 0.00070068 38534 0.0188863
14 107349540 4 0.000103804 38534 0.00300013
15 102531392 9 0.00023356 38534 0.00705619
16 90354753 7 0.000181658 38534 0.00624253
17 81195210 7 0.000181658 38534 0.0069335
18 78077248 10 0.000259511 38534 0.0102981
19 59128983 3 7.78533e-05 38534 0.00407609
20 63025520 15 0.000389267 38534 0.0191757
21 48129895 6 0.000155707 38534 0.0100456
22 51304566 5 0.000129756 38534 0.00786397
X 155270560 20 0.000519022 38534 0.0103597
Y 59373566 0 0 38534 0
