1 249250621 6573 0.0554618 118514 0.689823
2 243199373 7628 0.0643637 118514 0.820966
3 198022430 5902 0.0498 118514 0.780565
4 191154276 6541 0.0551918 118514 0.895971
5 180915260 4000 0.0337513 118514 0.578924
6 171115067 4398 0.0371095 118514 0.672274
7 159138663 5263 0.0444083 118514 0.865658
8 146364022 3290 0.0277604 118514 0.588145
9 141213431 2999 0.025305 118514 0.556154
10 135534747 2824 0.0238284 118514 0.545273
11 135006516 3106 0.0262079 118514 0.60248
12 133851895 3251 0.0274314 118514 0.634985
13 115169878 3520 0.0297011 118514 0.80057
14 107349540 2456 0.0207233 118514 0.598939
15 102531392 1387 0.0117033 118514 0.353573
16 90354753 927 0.00782186 118514 0.268792
17 81195210 955 0.00805812 118514 0.307562
18 78077248 1834 0.015475 118514 0.614086
19 59128983 371 0.00313043 118514 0.163897
20 63025520 1115 0.00940817 118514 0.463457
21 48129895 571 0.004818 118514 0.310838
22 51304566 306 0.00258197 118514 0.156483
X 155270560 5193 0.0438176 118514 0.874603
Y 59373566 22 0.000185632 118514 0.00971896
