1 249250621 4069 0.0737245 55192 0.916971
2 243199373 4668 0.0845775 55192 1.07879
3 198022430 2999 0.0543376 55192 0.851686
4 191154276 4664 0.084505 55192 1.37183
5 180915260 3719 0.067383 55192 1.1558
6 171115067 4138 0.0749746 55192 1.35824
7 159138663 2702 0.0489564 55192 0.954315
8 146364022 3075 0.0557146 55192 1.18039
9 141213431 1781 0.0322692 55192 0.709213
10 135534747 2848 0.0516017 55192 1.18082
11 135006516 2102 0.0380852 55192 0.875523
12 133851895 2076 0.0376141 55192 0.870698
13 115169878 2178 0.0394622 55192 1.06367
14 107349540 1189 0.021543 55192 0.622629
15 102531392 796 0.0144224 55192 0.435721
16 90354753 1291 0.0233911 55192 0.803817
17 81195210 876 0.0158719 55192 0.605796
18 78077248 900 0.0163067 55192 0.647092
19 59128983 256 0.00463835 55192 0.242846
20 63025520 410 0.00742861 55192 0.365942
21 48129895 631 0.0114328 55192 0.737601
22 51304566 273 0.00494637 55192 0.29978
X 155270560 4025 0.0729272 55192 1.45563
Y 59373566 41 0.000742861 55192 0.0388933
