1 249250621 11 0.00106085 10369 0.0131947
2 243199373 14 0.00135018 10369 0.0172217
3 198022430 9 0.000867972 10369 0.0136046
4 191154276 5 0.000482207 10369 0.00782803
5 180915260 8 0.000771531 10369 0.0132338
6 171115067 11 0.00106085 10369 0.0192184
7 159138663 5 0.000482207 10369 0.00939974
8 146364022 4 0.000385765 10369 0.00817299
9 141213431 3 0.000289324 10369 0.00635877
10 135534747 2 0.000192883 10369 0.00441379
11 135006516 4 0.000385765 10369 0.00886817
12 133851895 2 0.000192883 10369 0.00446488
13 115169878 6 0.000578648 10369 0.015597
14 107349540 4 0.000385765 10369 0.0111493
15 102531392 3 0.000289324 10369 0.0087409
16 90354753 4 0.000385765 10369 0.0132565
17 81195210 2 0.000192883 10369 0.00736193
18 78077248 1 9.64413e-05 10369 0.00382704
19 59128983 1 9.64413e-05 10369 0.00504928
20 63025520 1 9.64413e-05 10369 0.0047508
21 48129895 1 9.64413e-05 10369 0.00622202
22 51304566 3 0.000289324 10369 0.0175348
X 155270560 5 0.000482207 10369 0.00962488
Y 59373566 0 0 10369 0
