1 249250621 14046 0.0909562 154426 1.1313
2 243199373 13043 0.0844612 154426 1.07731
3 198022430 10206 0.0660899 154426 1.03589
4 191154276 12040 0.0779661 154426 1.26568
5 180915260 10906 0.0706228 154426 1.21137
6 171115067 10775 0.0697745 154426 1.26403
7 159138663 6381 0.0413208 154426 0.805473
8 146364022 7445 0.0482108 154426 1.02142
9 141213431 6367 0.0412301 154426 0.906156
10 135534747 5595 0.0362309 154426 0.829083
11 135006516 5919 0.038329 154426 0.881127
12 133851895 5412 0.0350459 154426 0.811248
13 115169878 7190 0.0465595 154426 1.25497
14 107349540 3565 0.0230855 154426 0.667211
15 102531392 3698 0.0239467 154426 0.723467
16 90354753 3174 0.0205535 154426 0.706307
17 81195210 4720 0.0305648 154426 1.1666
18 78077248 2845 0.0184231 154426 0.731074
19 59128983 2188 0.0141686 154426 0.741811
20 63025520 1303 0.0084377 154426 0.41565
21 48129895 2329 0.0150817 154426 0.97301
22 51304566 1542 0.00998537 154426 0.605174
X 155270560 6645 0.0430303 154426 0.858889
Y 59373566 75 0.00048567 154426 0.0254277
