1 249250621 7634 0.102488 74487 1.27472
2 243199373 7696 0.10332 74487 1.31786
3 198022430 5441 0.0730463 74487 1.14493
4 191154276 6425 0.0862567 74487 1.40027
5 180915260 3161 0.0424369 74487 0.727906
6 171115067 4715 0.0632996 74487 1.14673
7 159138663 5984 0.0803362 74487 1.56601
8 146364022 2917 0.0391612 74487 0.829686
9 141213431 3074 0.0412689 74487 0.90701
10 135534747 2248 0.0301798 74487 0.690612
11 135006516 2180 0.0292669 74487 0.672801
12 133851895 2496 0.0335092 74487 0.775676
13 115169878 4471 0.0600239 74487 1.61789
14 107349540 1730 0.0232255 74487 0.671258
15 102531392 1484 0.0199229 74487 0.601901
16 90354753 1637 0.021977 74487 0.755223
17 81195210 1043 0.0140024 74487 0.534444
18 78077248 1717 0.023051 74487 0.914722
19 59128983 315 0.00422893 74487 0.22141
20 63025520 809 0.010861 74487 0.535022
21 48129895 263 0.00353082 74487 0.227795
22 51304566 178 0.00238968 74487 0.144829
X 155270560 4344 0.0583189 74487 1.16405
Y 59373566 34 0.000456455 74487 0.0238982
