1 249250621 15 0.00115964 12935 0.0144234
2 243199373 24 0.00185543 12935 0.0236662
3 198022430 10 0.000773096 12935 0.0121175
4 191154276 13 0.00100503 12935 0.0163153
5 180915260 11 0.000850406 12935 0.0145867
6 171115067 5 0.000386548 12935 0.00700268
7 159138663 20 0.00154619 12935 0.0301402
8 146364022 7 0.000541167 12935 0.0114654
9 141213431 8 0.000618477 12935 0.0135929
10 135534747 7 0.000541167 12935 0.0123837
11 135006516 3 0.000231929 12935 0.0053317
12 133851895 10 0.000773096 12935 0.0178957
13 115169878 11 0.000850406 12935 0.022922
14 107349540 1 7.73096e-05 12935 0.00223438
15 102531392 2 0.000154619 12935 0.00467128
16 90354753 3 0.000231929 12935 0.00797006
17 81195210 1 7.73096e-05 12935 0.00295075
18 78077248 5 0.000386548 12935 0.0153392
19 59128983 0 0 12935 0
20 63025520 10 0.000773096 12935 0.0380836
21 48129895 2 0.000154619 12935 0.00997544
22 51304566 0 0 12935 0
X 155270560 6 0.000463858 12935 0.00925864
Y 59373566 0 0 12935 0
