1 249250621 2471 0.0844353 29265 1.05019
2 243199373 3074 0.10504 29265 1.3398
3 198022430 2054 0.0701862 29265 1.1001
4 191154276 1423 0.0486246 29265 0.789361
5 180915260 2354 0.0804374 29265 1.37971
6 171115067 2041 0.069742 29265 1.26344
7 159138663 1050 0.035879 29265 0.699396
8 146364022 1207 0.0412438 29265 0.873809
9 141213431 744 0.0254229 29265 0.558744
10 135534747 1240 0.0423714 29265 0.969598
11 135006516 1241 0.0424056 29265 0.974841
12 133851895 948 0.0323936 29265 0.749853
13 115169878 1672 0.0571331 29265 1.53998
14 107349540 1107 0.0378268 29265 1.09326
15 102531392 326 0.0111396 29265 0.336543
16 90354753 459 0.0156843 29265 0.538978
17 81195210 389 0.0132923 29265 0.507341
18 78077248 555 0.0189646 29265 0.752565
19 59128983 169 0.00577482 29265 0.302346
20 63025520 233 0.00796173 29265 0.392203
21 48129895 473 0.0161627 29265 1.04275
22 51304566 143 0.00488638 29265 0.296144
X 155270560 1726 0.0589783 29265 1.17721
Y 59373566 12 0.000410046 29265 0.0214684
