1 249250621 5808 0.0894392 64938 1.11243
2 243199373 4991 0.0768579 64938 0.980331
3 198022430 3642 0.0560843 64938 0.879064
4 191154276 4647 0.0715606 64938 1.1617
5 180915260 4061 0.0625366 64938 1.07267
6 171115067 4121 0.0634605 64938 1.14965
7 159138663 3388 0.0521728 64938 1.01701
8 146364022 2915 0.044889 64938 0.951038
9 141213431 2150 0.0331085 64938 0.727659
10 135534747 2570 0.0395762 64938 0.905634
11 135006516 2529 0.0389448 64938 0.895284
12 133851895 2523 0.0388524 64938 0.899362
13 115169878 3573 0.0550217 64938 1.48307
14 107349540 1198 0.0184484 64938 0.53319
15 102531392 1070 0.0164773 64938 0.497802
16 90354753 1347 0.0207429 64938 0.712813
17 81195210 797 0.0122732 64938 0.468444
18 78077248 2115 0.0325695 64938 1.29244
19 59128983 685 0.0105485 64938 0.552279
20 63025520 856 0.0131818 64938 0.64935
21 48129895 641 0.00987095 64938 0.636836
22 51304566 173 0.00266408 64938 0.161459
X 155270560 4151 0.0639225 64938 1.2759
Y 59373566 63 0.000970156 64938 0.0507935
