1 249250621 2069 0.0843629 24525 1.04929
2 243199373 1882 0.076738 24525 0.978801
3 198022430 1573 0.0641386 24525 1.00531
4 191154276 2013 0.0820795 24525 1.33246
5 180915260 1527 0.062263 24525 1.06798
6 171115067 2066 0.0842406 24525 1.5261
7 159138663 1064 0.0433843 24525 0.845698
8 146364022 944 0.0384913 24525 0.815494
9 141213431 823 0.0335576 24525 0.73753
10 135534747 409 0.0166769 24525 0.381622
11 135006516 1007 0.0410601 24525 0.943911
12 133851895 978 0.0398777 24525 0.923094
13 115169878 1727 0.0704179 24525 1.89806
14 107349540 936 0.0381651 24525 1.10304
15 102531392 532 0.0216922 24525 0.655352
16 90354753 296 0.0120693 24525 0.414753
17 81195210 379 0.0154536 24525 0.589833
18 78077248 697 0.02842 24525 1.12778
19 59128983 129 0.00525994 24525 0.275389
20 63025520 260 0.0106014 24525 0.522238
21 48129895 367 0.0149643 24525 0.96544
22 51304566 57 0.00232416 24525 0.140858
X 155270560 1056 0.0430581 24525 0.859443
Y 59373566 18 0.000733945 24525 0.0384264
