1 249250621 51 0.000632911 80580 0.00787203
2 243199373 83 0.00103003 80580 0.0131382
3 198022430 60 0.000744602 80580 0.0116709
4 191154276 54 0.000670141 80580 0.0108789
5 180915260 48 0.000595681 80580 0.0102175
6 171115067 40 0.000496401 80580 0.00899277
7 159138663 61 0.000757012 80580 0.0147566
8 146364022 42 0.000521221 80580 0.0110428
9 141213431 24 0.000297841 80580 0.00654595
10 135534747 15 0.00018615 80580 0.00425973
11 135006516 27 0.000335071 80580 0.00770278
12 133851895 18 0.00022338 80580 0.00517084
13 115169878 44 0.000546041 80580 0.0147181
14 107349540 23 0.000285431 80580 0.00824944
15 102531392 14 0.00017374 80580 0.00524895
16 90354753 18 0.00022338 80580 0.00767631
17 81195210 11 0.00013651 80580 0.00521032
18 78077248 8 9.92802e-05 80580 0.00393969
19 59128983 12 0.00014892 80580 0.00779688
20 63025520 27 0.000335071 80580 0.0165059
21 48129895 10 0.0001241 80580 0.00800647
22 51304566 5 6.20501e-05 80580 0.00376061
X 155270560 30 0.000372301 80580 0.00743115
Y 59373566 4 4.96401e-05 80580 0.00259896
