1 249250621 34 0.00110189 30856 0.0137051
2 243199373 41 0.00132875 30856 0.0169484
3 198022430 31 0.00100467 30856 0.0157471
4 191154276 25 0.000810215 30856 0.0131528
5 180915260 21 0.000680581 30856 0.0116738
6 171115067 27 0.000875032 30856 0.015852
7 159138663 23 0.000745398 30856 0.0145302
8 146364022 14 0.000453721 30856 0.00961272
9 141213431 10 0.000324086 30856 0.00712277
10 135534747 7 0.00022686 30856 0.00519131
11 135006516 20 0.000648172 30856 0.0149005
12 133851895 16 0.000518538 30856 0.0120032
13 115169878 13 0.000421312 30856 0.0113561
14 107349540 5 0.000162043 30856 0.00468332
15 102531392 13 0.000421312 30856 0.0127285
16 90354753 17 0.000550946 30856 0.0189329
17 81195210 7 0.00022686 30856 0.00865879
18 78077248 6 0.000194452 30856 0.00771634
19 59128983 7 0.00022686 30856 0.0118775
20 63025520 22 0.000712989 30856 0.0351226
21 48129895 8 0.000259269 30856 0.016727
22 51304566 8 0.000259269 30856 0.0157133
X 155270560 20 0.000648172 30856 0.0129376
Y 59373566 2 6.48172e-05 30856 0.00339357
