1 249250621 4454 0.0610287 72982 0.759064
2 243199373 4373 0.0599189 72982 0.764271
3 198022430 5856 0.080239 72982 1.25766
4 191154276 7524 0.103094 72982 1.6736
5 180915260 4565 0.0625497 72982 1.07289
6 171115067 4682 0.0641528 72982 1.16219
7 159138663 4058 0.0556028 72982 1.08387
8 146364022 3026 0.0414623 72982 0.878438
9 141213431 2005 0.0274725 72982 0.603792
10 135534747 3204 0.0439012 72982 1.0046
11 135006516 2652 0.0363377 72982 0.83535
12 133851895 2635 0.0361048 72982 0.835759
13 115169878 4195 0.0574799 72982 1.54932
14 107349540 1124 0.0154011 72982 0.445117
15 102531392 1123 0.0153874 72982 0.464875
16 90354753 1547 0.021197 72982 0.72842
17 81195210 1553 0.0212792 72982 0.812184
18 78077248 1312 0.017977 72982 0.713374
19 59128983 810 0.0110986 72982 0.58108
20 63025520 784 0.0107424 72982 0.529181
21 48129895 1221 0.0167302 72982 1.07936
22 51304566 278 0.00380916 72982 0.230858
X 155270560 5185 0.0710449 72982 1.41806
Y 59373566 22 0.000301444 72982 0.0157824
