1 249250621 56 0.00140881 39750 0.0175225
2 243199373 60 0.00150943 39750 0.019253
3 198022430 38 0.000955975 39750 0.0149839
4 191154276 34 0.000855346 39750 0.0138855
5 180915260 35 0.000880503 39750 0.015103
6 171115067 24 0.000603774 39750 0.0109379
7 159138663 29 0.00072956 39750 0.0142214
8 146364022 16 0.000402516 39750 0.00852788
9 141213431 13 0.000327044 39750 0.00718778
10 135534747 25 0.000628931 39750 0.014392
11 135006516 20 0.000503145 39750 0.0115665
12 133851895 26 0.000654088 39750 0.0151409
13 115169878 24 0.000603774 39750 0.0162742
14 107349540 16 0.000402516 39750 0.0116334
15 102531392 11 0.00027673 39750 0.00836041
16 90354753 16 0.000402516 39750 0.0138322
17 81195210 7 0.000176101 39750 0.0067214
18 78077248 11 0.00027673 39750 0.0109813
19 59128983 2 5.03145e-05 39750 0.00263427
20 63025520 18 0.00045283 39750 0.0223069
21 48129895 3 7.54717e-05 39750 0.00486914
22 51304566 4 0.000100629 39750 0.00609872
X 155270560 28 0.000704403 39750 0.0140599
Y 59373566 2 5.03145e-05 39750 0.00263427
