1 249250621 9 0.000408794 22016 0.0050845
2 243199373 19 0.000863009 22016 0.0110078
3 198022430 23 0.00104469 22016 0.0163745
4 191154276 12 0.000545058 22016 0.00884835
5 180915260 13 0.00059048 22016 0.0101283
6 171115067 11 0.000499637 22016 0.00905139
7 159138663 10 0.000454215 22016 0.0088541
8 146364022 9 0.000408794 22016 0.00866088
9 141213431 9 0.000408794 22016 0.00898447
10 135534747 7 0.000317951 22016 0.00727576
11 135006516 2 9.0843e-05 22016 0.00208835
12 133851895 6 0.000272529 22016 0.00630854
13 115169878 8 0.000363372 22016 0.0097944
14 107349540 5 0.000227108 22016 0.0065638
15 102531392 2 9.0843e-05 22016 0.0027445
16 90354753 7 0.000317951 22016 0.0109261
17 81195210 6 0.000272529 22016 0.0104019
18 78077248 8 0.000363372 22016 0.0144195
19 59128983 1 4.54215e-05 22016 0.00237809
20 63025520 9 0.000408794 22016 0.0201376
21 48129895 4 0.000181686 22016 0.0117217
22 51304566 2 9.0843e-05 22016 0.00550564
X 155270560 15 0.000681323 22016 0.0135993
Y 59373566 0 0 22016 0
