1 249250621 9522 0.0869811 109472 1.08186
2 243199373 9874 0.0901966 109472 1.15047
3 198022430 9175 0.0838114 109472 1.31366
4 191154276 8247 0.0753343 109472 1.22296
5 180915260 7150 0.0653135 109472 1.1203
6 171115067 7951 0.0726304 109472 1.31577
7 159138663 7401 0.0676063 109472 1.31786
8 146364022 4996 0.0456372 109472 0.966891
9 141213431 4130 0.0377265 109472 0.829155
10 135534747 4330 0.0395535 109472 0.905114
11 135006516 5277 0.0482041 109472 1.10814
12 133851895 4803 0.0438742 109472 1.01561
13 115169878 5305 0.0484599 109472 1.3062
14 107349540 2180 0.0199138 109472 0.575542
15 102531392 1087 0.00992948 109472 0.299984
16 90354753 1608 0.0146887 109472 0.504766
17 81195210 1833 0.016744 109472 0.639084
18 78077248 2483 0.0226816 109472 0.900063
19 59128983 1095 0.0100026 109472 0.523694
20 63025520 713 0.00651308 109472 0.320841
21 48129895 348 0.0031789 109472 0.20509
22 51304566 409 0.00373612 109472 0.226431
X 155270560 4233 0.0386674 109472 0.771805
Y 59373566 52 0.000475007 109472 0.0248695
