1 249250621 14 0.000592041 23647 0.0073637
2 243199373 17 0.000718907 23647 0.00916974
3 198022430 23 0.000972639 23647 0.0152451
4 191154276 14 0.000592041 23647 0.00961106
5 180915260 12 0.000507464 23647 0.00870436
6 171115067 15 0.00063433 23647 0.0114915
7 159138663 34 0.00143781 23647 0.0280276
8 146364022 10 0.000422887 23647 0.00895946
9 141213431 13 0.000549753 23647 0.0120825
10 135534747 9 0.000380598 23647 0.00870934
11 135006516 12 0.000507464 23647 0.0116658
12 133851895 11 0.000465175 23647 0.0107679
13 115169878 17 0.000718907 23647 0.0193776
14 107349540 5 0.000211443 23647 0.00611108
15 102531392 1 4.22887e-05 23647 0.0012776
16 90354753 12 0.000507464 23647 0.0174386
17 81195210 2 8.45773e-05 23647 0.00322814
18 78077248 6 0.000253732 23647 0.0100687
19 59128983 1 4.22887e-05 23647 0.00221407
20 63025520 18 0.000761196 23647 0.0374973
21 48129895 2 8.45773e-05 23647 0.0054566
22 51304566 3 0.000126866 23647 0.00768885
X 155270560 6 0.000253732 23647 0.00506451
Y 59373566 0 0 23647 0
