1 249250621 10 0.000583976 17124 0.00726338
2 243199373 12 0.000700771 17124 0.0089384
3 198022430 5 0.000291988 17124 0.00457661
4 191154276 3 0.000175193 17124 0.00284404
5 180915260 4 0.00023359 17124 0.00400669
6 171115067 6 0.000350385 17124 0.00634756
7 159138663 10 0.000583976 17124 0.0113835
8 146364022 6 0.000350385 17124 0.00742342
9 141213431 6 0.000350385 17124 0.00770078
10 135534747 10 0.000583976 17124 0.0133633
11 135006516 3 0.000175193 17124 0.00402742
12 133851895 4 0.00023359 17124 0.00540718
13 115169878 8 0.000467181 17124 0.0125925
14 107349540 3 0.000175193 17124 0.00506337
15 102531392 3 0.000175193 17124 0.00529283
16 90354753 2 0.000116795 17124 0.00401358
17 81195210 0 0 17124 0
18 78077248 3 0.000175193 17124 0.00695209
19 59128983 1 5.83976e-05 17124 0.00305746
20 63025520 4 0.00023359 17124 0.0115069
21 48129895 0 0 17124 0
22 51304566 0 0 17124 0
X 155270560 6 0.000350385 17124 0.00699372
Y 59373566 0 0 17124 0
