1 249250621 8994 0.0835967 107588 1.03976
2 243199373 10266 0.0954196 107588 1.21709
3 198022430 9236 0.085846 107588 1.34555
4 191154276 10292 0.0956612 107588 1.55294
5 180915260 7453 0.0692735 107588 1.18823
6 171115067 7978 0.0741533 107588 1.34336
7 159138663 5365 0.0498662 107588 0.97205
8 146364022 6019 0.0559449 107588 1.18527
9 141213431 4561 0.0423932 107588 0.931719
10 135534747 3001 0.0278934 107588 0.638294
11 135006516 4128 0.0383686 107588 0.882037
12 133851895 4558 0.0423653 107588 0.980679
13 115169878 5560 0.0516786 107588 1.39295
14 107349540 2679 0.0249005 107588 0.719669
15 102531392 951 0.00883928 107588 0.267048
16 90354753 1503 0.01397 107588 0.480067
17 81195210 1119 0.0104008 107588 0.396977
18 78077248 1378 0.0128081 107588 0.508259
19 59128983 918 0.00853255 107588 0.44673
20 63025520 603 0.00560471 107588 0.276094
21 48129895 595 0.00553036 107588 0.356797
22 51304566 436 0.0040525 107588 0.245606
X 155270560 5655 0.0525616 107588 1.04913
Y 59373566 32 0.000297431 107588 0.0155723
