1 249250621 11 0.000699345 15729 0.00869832
2 243199373 28 0.00178015 15729 0.022706
3 198022430 18 0.00114438 15729 0.017937
4 191154276 9 0.000572191 15729 0.00928882
5 180915260 10 0.000635768 15729 0.0109051
6 171115067 13 0.000826499 15729 0.0149728
7 159138663 12 0.000762922 15729 0.0148718
8 146364022 7 0.000445038 15729 0.00942877
9 141213431 12 0.000762922 15729 0.0167675
10 135534747 3 0.00019073 15729 0.00436454
11 135006516 4 0.000254307 15729 0.00584615
12 133851895 7 0.000445038 15729 0.0103018
13 115169878 6 0.000381461 15729 0.010282
14 107349540 6 0.000381461 15729 0.0110249
15 102531392 3 0.00019073 15729 0.00576225
16 90354753 3 0.00019073 15729 0.00655431
17 81195210 2 0.000127154 15729 0.00485319
18 78077248 2 0.000127154 15729 0.00504578
19 59128983 3 0.00019073 15729 0.00998589
20 63025520 7 0.000445038 15729 0.021923
21 48129895 2 0.000127154 15729 0.00820346
22 51304566 0 0 15729 0
X 155270560 9 0.000572191 15729 0.011421
Y 59373566 0 0 15729 0
