1 249250621 45 0.0012566 35811 0.0156293
2 243199373 53 0.00147999 35811 0.0188775
3 198022430 40 0.00111698 35811 0.0175074
4 191154276 44 0.00122867 35811 0.019946
5 180915260 38 0.00106113 35811 0.0182011
6 171115067 37 0.0010332 35811 0.0187174
7 159138663 25 0.00069811 35811 0.0136084
8 146364022 22 0.000614336 35811 0.0130156
9 141213431 18 0.000502639 35811 0.011047
10 135534747 33 0.000921505 35811 0.0210871
11 135006516 17 0.000474714 35811 0.010913
12 133851895 15 0.000418866 35811 0.00969597
13 115169878 22 0.000614336 35811 0.0165589
14 107349540 19 0.000530563 35811 0.0153342
15 102531392 10 0.000279244 35811 0.00843637
16 90354753 14 0.000390941 35811 0.0134344
17 81195210 17 0.000474714 35811 0.0181189
18 78077248 6 0.000167546 35811 0.00664866
19 59128983 11 0.000307168 35811 0.0160821
20 63025520 29 0.000809807 35811 0.039892
21 48129895 5 0.000139622 35811 0.00900786
22 51304566 2 5.58488e-05 35811 0.00338477
X 155270560 28 0.000781883 35811 0.0156064
Y 59373566 2 5.58488e-05 35811 0.00292402
