1 249250621 3268 0.0787736 41486 0.979771
2 243199373 3226 0.0777612 41486 0.991852
3 198022430 2893 0.0697344 41486 1.09302
4 191154276 3512 0.0846551 41486 1.37427
5 180915260 2989 0.0720484 41486 1.23582
6 171115067 2638 0.0635877 41486 1.15195
7 159138663 2326 0.0560671 41486 1.09293
8 146364022 2151 0.0518488 41486 1.09849
9 141213431 1296 0.0312395 41486 0.686581
10 135534747 1730 0.0417008 41486 0.954252
11 135006516 1422 0.0342766 41486 0.787968
12 133851895 1707 0.0411464 41486 0.952463
13 115169878 2864 0.0690353 41486 1.86079
14 107349540 501 0.0120764 41486 0.349028
15 102531392 648 0.0156197 41486 0.471895
16 90354753 712 0.0171624 41486 0.589774
17 81195210 511 0.0123174 41486 0.47013
18 78077248 1334 0.0321554 41486 1.27601
19 59128983 365 0.00879815 41486 0.460636
20 63025520 465 0.0112086 41486 0.552148
21 48129895 331 0.0079786 41486 0.514748
22 51304566 158 0.00380851 41486 0.230819
X 155270560 2294 0.0552958 41486 1.10371
Y 59373566 25 0.000602613 41486 0.0315504
