1 249250621 34 0.00104381 32573 0.0129827
2 243199373 30 0.000921008 32573 0.0117476
3 198022430 17 0.000521905 32573 0.00818032
4 191154276 22 0.000675406 32573 0.0109644
5 180915260 23 0.000706106 32573 0.0121116
6 171115067 30 0.000921008 32573 0.0166849
7 159138663 25 0.000767507 32573 0.0149611
8 146364022 20 0.000614005 32573 0.0130086
9 141213431 16 0.000491204 32573 0.0107957
10 135534747 9 0.000276302 32573 0.00632271
11 135006516 25 0.000767507 32573 0.0176438
12 133851895 12 0.000368403 32573 0.00852785
13 115169878 12 0.000368403 32573 0.00993001
14 107349540 5 0.000153501 32573 0.00443646
15 102531392 6 0.000184202 32573 0.005565
16 90354753 17 0.000521905 32573 0.0179349
17 81195210 4 0.000122801 32573 0.00468706
18 78077248 7 0.000214902 32573 0.00852785
19 59128983 3 9.21008e-05 32573 0.00482203
20 63025520 23 0.000706106 32573 0.0347836
21 48129895 2 6.14005e-05 32573 0.00396133
22 51304566 1 3.07003e-05 32573 0.00186062
X 155270560 20 0.000614005 32573 0.0122556
Y 59373566 0 0 32573 0
