1 249250621 8377 0.0828315 101133 1.03024
2 243199373 8435 0.083405 101133 1.06384
3 198022430 8598 0.0850168 101133 1.33255
4 191154276 9635 0.0952706 101133 1.5466
5 180915260 6205 0.0613548 101133 1.0524
6 171115067 6294 0.0622349 101133 1.12744
7 159138663 6899 0.0682171 101133 1.32977
8 146364022 3456 0.0341728 101133 0.724
9 141213431 3170 0.0313449 101133 0.688898
10 135534747 3528 0.0348848 101133 0.798278
11 135006516 3379 0.0334114 101133 0.768079
12 133851895 5207 0.0514867 101133 1.19182
13 115169878 6980 0.069018 101133 1.86032
14 107349540 3037 0.0300298 101133 0.867912
15 102531392 1405 0.0138926 101133 0.419716
16 90354753 1122 0.0110943 101133 0.381247
17 81195210 1000 0.00988797 101133 0.377403
18 78077248 2752 0.0272117 101133 1.07983
19 59128983 404 0.00399474 101133 0.209149
20 63025520 548 0.00541861 101133 0.266926
21 48129895 989 0.0097792 101133 0.630916
22 51304566 535 0.00529006 101133 0.32061
X 155270560 5028 0.0497167 101133 0.992349
Y 59373566 24 0.000237311 101133 0.0124247
