1 249250621 6453 0.0329404 195899 0.409707
2 243199373 17738 0.0905467 195899 1.15493
3 198022430 245 0.00125064 195899 0.0196026
4 191154276 15672 0.0800004 195899 1.29871
5 180915260 1201 0.00613071 195899 0.105158
6 171115067 6369 0.0325117 195899 0.588979
7 159138663 10222 0.0521799 195899 1.01715
8 146364022 9132 0.0466159 195899 0.987624
9 141213431 4854 0.0247781 195899 0.544573
10 135534747 12580 0.0642168 195899 1.46949
11 135006516 5171 0.0263963 195899 0.60681
12 133851895 138 0.000704445 195899 0.0163066
13 115169878 9455 0.0482647 195899 1.30093
14 107349540 4718 0.0240838 195899 0.696065
15 102531392 2948 0.0150486 195899 0.45464
16 90354753 95 0.000484944 195899 0.0166647
17 81195210 769 0.00392549 195899 0.149828
18 78077248 3074 0.0156918 195899 0.622689
19 59128983 813 0.0041501 195899 0.217283
20 63025520 85 0.000433897 195899 0.0213742
21 48129895 1269 0.00647783 195899 0.417924
22 51304566 1559 0.00795818 195899 0.482314
X 155270560 4321 0.0220573 195899 0.440265
Y 59373566 76 0.000387955 195899 0.0203118
