1 249250621 3065 0.0861366 35583 1.07135
2 243199373 3648 0.102521 35583 1.30766
3 198022430 1636 0.045977 35583 0.720643
4 191154276 3432 0.0964506 35583 1.56576
5 180915260 2275 0.063935 35583 1.09666
6 171115067 2551 0.0716915 35583 1.29876
7 159138663 2128 0.0598038 35583 1.16577
8 146364022 1441 0.0404969 35583 0.857984
9 141213431 1260 0.0354102 35583 0.778245
10 135534747 708 0.0198971 35583 0.455312
11 135006516 1930 0.0542394 35583 1.24688
12 133851895 1491 0.041902 35583 0.969954
13 115169878 2371 0.0666329 35583 1.79604
14 107349540 791 0.0222297 35583 0.642477
15 102531392 683 0.0191946 35583 0.579896
16 90354753 309 0.00868392 35583 0.298417
17 81195210 528 0.0148385 35583 0.566357
18 78077248 909 0.0255459 35583 1.01373
19 59128983 142 0.00399067 35583 0.208936
20 63025520 213 0.005986 35583 0.294877
21 48129895 376 0.0105668 35583 0.681732
22 51304566 121 0.0034005 35583 0.206091
X 155270560 1992 0.0559818 35583 1.1174
Y 59373566 27 0.000758789 35583 0.0397272
