1 249250621 41 0.00107313 38206 0.0133474
2 243199373 31 0.000811391 38206 0.0103494
3 198022430 36 0.00094226 38206 0.014769
4 191154276 32 0.000837565 38206 0.0135968
5 180915260 36 0.00094226 38206 0.0161623
6 171115067 31 0.000811391 38206 0.0146991
7 159138663 37 0.000968434 38206 0.0188779
8 146364022 12 0.000314087 38206 0.00665438
9 141213431 10 0.000261739 38206 0.00575251
10 135534747 26 0.000680521 38206 0.0155726
11 135006516 17 0.000444956 38206 0.0102289
12 133851895 15 0.000392608 38206 0.00908816
13 115169878 31 0.000811391 38206 0.0218704
14 107349540 3 7.85217e-05 38206 0.00226941
15 102531392 13 0.000340261 38206 0.0102798
16 90354753 9 0.000235565 38206 0.00809502
17 81195210 5 0.000130869 38206 0.00499502
18 78077248 15 0.000392608 38206 0.0155797
19 59128983 9 0.000235565 38206 0.0123333
20 63025520 31 0.000811391 38206 0.03997
21 48129895 6 0.000157043 38206 0.0101318
22 51304566 2 5.23478e-05 38206 0.00317259
X 155270560 21 0.000549652 38206 0.0109711
Y 59373566 0 0 38206 0
