1 249250621 6829 0.0919855 74240 1.1441
2 243199373 5745 0.0773842 74240 0.987043
3 198022430 5287 0.071215 74240 1.11622
4 191154276 3354 0.0451778 74240 0.733406
5 180915260 4627 0.0623249 74240 1.06904
6 171115067 5346 0.0720097 74240 1.30452
7 159138663 3929 0.052923 74240 1.03164
8 146364022 3523 0.0474542 74240 1.00539
9 141213431 1539 0.0207301 74240 0.455606
10 135534747 2874 0.0387123 74240 0.885865
11 135006516 4985 0.0671471 74240 1.54361
12 133851895 2603 0.035062 74240 0.811619
13 115169878 4851 0.0653421 74240 1.76124
14 107349540 1769 0.0238281 74240 0.688674
15 102531392 1155 0.0155577 74240 0.47002
16 90354753 1055 0.0142107 74240 0.488339
17 81195210 1406 0.0189386 74240 0.722846
18 78077248 1656 0.022306 74240 0.88516
19 59128983 712 0.00959052 74240 0.502121
20 63025520 898 0.0120959 74240 0.595857
21 48129895 228 0.00307112 74240 0.198137
22 51304566 495 0.00666756 74240 0.404095
X 155270560 4944 0.0665948 74240 1.32924
Y 59373566 62 0.000835129 74240 0.043724
