1 249250621 4510 0.0822767 54815 1.02334
2 243199373 5521 0.100721 54815 1.2847
3 198022430 3414 0.0622822 54815 0.97621
4 191154276 3244 0.0591809 54815 0.960729
5 180915260 3491 0.0636869 54815 1.0924
6 171115067 4287 0.0782085 54815 1.41682
7 159138663 3640 0.0664052 54815 1.29445
8 146364022 2292 0.0418134 54815 0.885877
9 141213431 1547 0.0282222 54815 0.620268
10 135534747 1770 0.0322904 54815 0.738911
11 135006516 2674 0.0487823 54815 1.12143
12 133851895 1792 0.0326918 54815 0.756754
13 115169878 3441 0.0627748 54815 1.69204
14 107349540 876 0.015981 54815 0.461879
15 102531392 796 0.0145216 54815 0.438718
16 90354753 937 0.0170939 54815 0.587418
17 81195210 1032 0.018827 54815 0.718586
18 78077248 1081 0.0197209 54815 0.782575
19 59128983 676 0.0123324 54815 0.645675
20 63025520 475 0.00866551 54815 0.426872
21 48129895 1152 0.0210161 54815 1.35588
22 51304566 252 0.00459728 54815 0.278623
X 155270560 2884 0.0526133 54815 1.05017
Y 59373566 40 0.000729727 54815 0.0382056
