1 249250621 70 0.0010917 64120 0.0135784
2 243199373 94 0.001466 64120 0.018699
3 198022430 56 0.000873362 64120 0.0136891
4 191154276 49 0.000764192 64120 0.0124057
5 180915260 40 0.00062383 64120 0.0107003
6 171115067 33 0.00051466 64120 0.00932355
7 159138663 50 0.000779788 64120 0.0152005
8 146364022 32 0.000499064 64120 0.0105734
9 141213431 22 0.000343107 64120 0.00754081
10 135534747 23 0.000358702 64120 0.00820829
11 135006516 23 0.000358702 64120 0.00824603
12 133851895 36 0.000561447 64120 0.0129965
13 115169878 33 0.00051466 64120 0.0138722
14 107349540 9 0.000140362 64120 0.0040567
15 102531392 15 0.000233936 64120 0.00706756
16 90354753 16 0.000249532 64120 0.00857499
17 81195210 15 0.000233936 64120 0.00892887
18 78077248 15 0.000233936 64120 0.00928319
19 59128983 9 0.000140362 64120 0.00734879
20 63025520 31 0.000483468 64120 0.0238162
21 48129895 2 3.11915e-05 64120 0.00201236
22 51304566 4 6.2383e-05 64120 0.00378079
X 155270560 45 0.000701809 64120 0.0140082
Y 59373566 5 7.79788e-05 64120 0.00408266
