1 249250621 12190 0.0985114 123742 1.22527
2 243199373 9378 0.0757867 123742 0.966667
3 198022430 9392 0.0758999 123742 1.18965
4 191154276 11052 0.0893149 123742 1.44992
5 180915260 7972 0.0644244 123742 1.10505
6 171115067 8635 0.0697823 123742 1.26417
7 159138663 6542 0.0528681 123742 1.03057
8 146364022 6425 0.0519225 123742 1.10005
9 141213431 5466 0.0441726 123742 0.970825
10 135534747 2104 0.0170031 123742 0.389087
11 135006516 5856 0.0473243 123742 1.08791
12 133851895 3285 0.0265472 123742 0.614518
13 115169878 6459 0.0521973 123742 1.40694
14 107349540 4537 0.036665 123742 1.05968
15 102531392 2714 0.0219327 123742 0.66262
16 90354753 2214 0.0178921 123742 0.614848
17 81195210 1925 0.0155566 123742 0.593762
18 78077248 2796 0.0225954 123742 0.896643
19 59128983 1396 0.0112815 123742 0.590656
20 63025520 835 0.00674791 123742 0.332409
21 48129895 2029 0.016397 123742 1.05787
22 51304566 309 0.00249713 123742 0.151341
X 155270560 5866 0.0474051 123742 0.946209
Y 59373566 46 0.000371741 123742 0.0194629
