1 249250621 6298 0.0924816 68100 1.15027
2 243199373 4790 0.0703377 68100 0.897165
3 198022430 5967 0.0876211 68100 1.37337
4 191154276 6193 0.0909398 68100 1.4763
5 180915260 5277 0.077489 68100 1.32914
6 171115067 5223 0.076696 68100 1.38942
7 159138663 3115 0.0457416 68100 0.891648
8 146364022 2967 0.0435683 68100 0.923057
9 141213431 2026 0.0297504 68100 0.653854
10 135534747 2745 0.0403084 68100 0.922388
11 135006516 3586 0.0526579 68100 1.21053
12 133851895 2412 0.0354185 68100 0.819873
13 115169878 4229 0.0620999 68100 1.67385
14 107349540 1611 0.0236564 68100 0.683711
15 102531392 670 0.00983847 68100 0.297235
16 90354753 1364 0.0200294 68100 0.688294
17 81195210 985 0.014464 68100 0.552062
18 78077248 1349 0.0198091 68100 0.786076
19 59128983 548 0.00804699 68100 0.421308
20 63025520 322 0.00472834 68100 0.232923
21 48129895 376 0.00552129 68100 0.356212
22 51304566 239 0.00350954 68100 0.2127
X 155270560 2711 0.0398091 68100 0.794593
Y 59373566 30 0.000440529 68100 0.0230643
