1 249250621 22 0.00182876 12030 0.0227458
2 243199373 35 0.00290939 12030 0.0371096
3 198022430 21 0.00174564 12030 0.0273611
4 191154276 12 0.000997506 12030 0.0161933
5 180915260 15 0.00124688 12030 0.0213874
6 171115067 15 0.00124688 12030 0.0225885
7 159138663 10 0.000831255 12030 0.0162038
8 146364022 8 0.000665004 12030 0.0140891
9 141213431 4 0.000332502 12030 0.00730774
10 135534747 6 0.000498753 12030 0.0114131
11 135006516 13 0.00108063 12030 0.0248421
12 133851895 27 0.00224439 12030 0.0519534
13 115169878 12 0.000997506 12030 0.026887
14 107349540 4 0.000332502 12030 0.00960989
15 102531392 3 0.000249377 12030 0.00753404
16 90354753 5 0.000415628 12030 0.0142827
17 81195210 6 0.000498753 12030 0.0190364
18 78077248 4 0.000332502 12030 0.0131945
19 59128983 0 0 12030 0
20 63025520 12 0.000997506 12030 0.0491382
21 48129895 1 8.31255e-05 12030 0.00536294
22 51304566 0 0 12030 0
X 155270560 16 0.00133001 12030 0.0265471
Y 59373566 0 0 12030 0
