1 249250621 5323 0.0936587 56834 1.16491
2 243199373 4251 0.0747968 56834 0.954041
3 198022430 5266 0.0926558 56834 1.45229
4 191154276 4988 0.0877644 56834 1.42475
5 180915260 2749 0.0483689 56834 0.829656
6 171115067 4892 0.0860752 56834 1.55933
7 159138663 4684 0.0824155 56834 1.60654
8 146364022 2651 0.0466446 56834 0.988233
9 141213431 2382 0.0419115 56834 0.921133
10 135534747 766 0.0134778 56834 0.308418
11 135006516 2261 0.0397825 56834 0.914541
12 133851895 2256 0.0396945 56834 0.918855
13 115169878 2123 0.0373544 56834 1.00686
14 107349540 1504 0.026463 56834 0.764828
15 102531392 1009 0.0177535 56834 0.536358
16 90354753 508 0.00893831 56834 0.307158
17 81195210 288 0.00506739 56834 0.193412
18 78077248 1281 0.0225393 56834 0.894418
19 59128983 137 0.00241053 56834 0.126206
20 63025520 383 0.00673892 56834 0.331967
21 48129895 701 0.0123342 56834 0.795753
22 51304566 197 0.00346624 56834 0.210075
X 155270560 2970 0.0522575 56834 1.04306
Y 59373566 49 0.00086216 56834 0.0451393
