1 249250621 8 0.00110926 7212 0.0137968
2 243199373 7 0.000970605 7212 0.0123802
3 198022430 9 0.00124792 7212 0.0195599
4 191154276 3 0.000415973 7212 0.00675281
5 180915260 21 0.00291181 7212 0.0499453
6 171115067 5 0.000693289 7212 0.0125596
7 159138663 3 0.000415973 7212 0.00810864
8 146364022 2 0.000277316 7212 0.00587533
9 141213431 0 0 7212 0
10 135534747 9 0.00124792 7212 0.0285565
11 135006516 6 0.000831947 7212 0.0191252
12 133851895 2 0.000277316 7212 0.00641934
13 115169878 0 0 7212 0
14 107349540 0 0 7212 0
15 102531392 0 0 7212 0
16 90354753 0 0 7212 0
17 81195210 0 0 7212 0
18 78077248 0 0 7212 0
19 59128983 0 0 7212 0
20 63025520 1 0.000138658 7212 0.00683043
21 48129895 2 0.000277316 7212 0.0178913
22 51304566 3 0.000415973 7212 0.0252105
X 155270560 0 0 7212 0
Y 59373566 0 0 7212 0
