1 249250621 35 0.00107818 32462 0.0134102
2 243199373 23 0.000708521 32462 0.00903725
3 198022430 34 0.00104738 32462 0.0164166
4 191154276 40 0.00123221 32462 0.0200034
5 180915260 20 0.000616105 32462 0.0105678
6 171115067 18 0.000554494 32462 0.0100452
7 159138663 32 0.000985768 32462 0.0192157
8 146364022 14 0.000431273 32462 0.00913715
9 141213431 15 0.000462079 32462 0.0101556
10 135534747 16 0.000492884 32462 0.0112788
11 135006516 11 0.000338858 32462 0.00778983
12 133851895 38 0.0011706 32462 0.0270972
13 115169878 14 0.000431273 32462 0.0116246
14 107349540 7 0.000215637 32462 0.00623228
15 102531392 10 0.000308052 32462 0.00930672
16 90354753 12 0.000369663 32462 0.0127032
17 81195210 9 0.000277247 32462 0.010582
18 78077248 17 0.000523689 32462 0.0207813
19 59128983 2 6.16105e-05 32462 0.00322568
20 63025520 17 0.000523689 32462 0.0257975
21 48129895 6 0.000184831 32462 0.0119246
22 51304566 5 0.000154026 32462 0.00933492
X 155270560 27 0.000831742 32462 0.0166016
Y 59373566 0 0 32462 0
