1 249250621 12063 0.0977014 123468 1.21519
2 243199373 7504 0.0607769 123468 0.775215
3 198022430 9534 0.0772184 123468 1.21032
4 191154276 9670 0.0783199 123468 1.27143
5 180915260 9638 0.0780607 123468 1.33895
6 171115067 6387 0.05173 123468 0.937138
7 159138663 6557 0.0531069 123468 1.03522
8 146364022 7127 0.0577235 123468 1.22295
9 141213431 3123 0.025294 123468 0.555912
10 135534747 3541 0.0286795 123468 0.656281
11 135006516 4638 0.0375644 123468 0.863549
12 133851895 4364 0.0353452 123468 0.818176
13 115169878 6011 0.0486847 123468 1.31226
14 107349540 3126 0.0253183 123468 0.731743
15 102531392 1385 0.0112175 123468 0.338897
16 90354753 2867 0.0232206 123468 0.797958
17 81195210 2134 0.0172838 123468 0.659688
18 78077248 3929 0.031822 123468 1.26278
19 59128983 602 0.00487576 123468 0.255275
20 63025520 1210 0.00980011 123468 0.482764
21 48129895 1288 0.0104319 123468 0.673023
22 51304566 576 0.00466518 123468 0.282738
X 155270560 8271 0.066989 123468 1.33711
Y 59373566 97 0.000785629 123468 0.0411324
