1 249250621 76 0.00110374 68857 0.0137281
2 243199373 67 0.000973031 68857 0.0124111
3 198022430 67 0.000973031 68857 0.0152513
4 191154276 52 0.000755188 68857 0.0122596
5 180915260 67 0.000973031 68857 0.0166901
6 171115067 72 0.00104565 68857 0.0189429
7 159138663 69 0.00100208 68857 0.0195337
8 146364022 33 0.000479254 68857 0.0101537
9 141213431 55 0.000798757 68857 0.0175551
10 135534747 40 0.000580914 68857 0.0132932
11 135006516 40 0.000580914 68857 0.0133543
12 133851895 20 0.000290457 68857 0.00672354
13 115169878 98 0.00142324 68857 0.0383622
14 107349540 9 0.000130706 68857 0.00377762
15 102531392 8 0.000116183 68857 0.00351005
16 90354753 19 0.000275934 68857 0.00948227
17 81195210 48 0.000697097 68857 0.0266068
18 78077248 19 0.000275934 68857 0.0109498
19 59128983 9 0.000130706 68857 0.00684323
20 63025520 57 0.000827803 68857 0.0407785
21 48129895 5 7.26143e-05 68857 0.00468479
22 51304566 5 7.26143e-05 68857 0.00440086
X 155270560 68 0.000987554 68857 0.0197117
Y 59373566 6 8.71371e-05 68857 0.00456215
