1 249250621 3791 0.0808643 46881 1.00578
2 243199373 3668 0.0782407 46881 0.997967
3 198022430 3273 0.0698151 46881 1.09428
4 191154276 3987 0.0850451 46881 1.3806
5 180915260 2966 0.0632666 46881 1.08519
6 171115067 3287 0.0701137 46881 1.27018
7 159138663 2311 0.049295 46881 0.960917
8 146364022 2265 0.0483138 46881 1.0236
9 141213431 1334 0.028455 46881 0.625385
10 135534747 1826 0.0389497 46881 0.891297
11 135006516 1823 0.0388857 46881 0.893924
12 133851895 2289 0.0488258 46881 1.13023
13 115169878 1970 0.0420213 46881 1.13265
14 107349540 1344 0.0286683 46881 0.828564
15 102531392 1032 0.0220132 46881 0.665051
16 90354753 1324 0.0282417 46881 0.970506
17 81195210 711 0.0151661 46881 0.578857
18 78077248 790 0.0168512 46881 0.668697
19 59128983 373 0.00795631 46881 0.416561
20 63025520 395 0.00842559 46881 0.415054
21 48129895 591 0.0126064 46881 0.813315
22 51304566 319 0.00680446 46881 0.412392
X 155270560 2201 0.0469487 46881 0.937099
Y 59373566 21 0.000447943 46881 0.0234525
