1 249250621 4070 0.067144 60616 0.835124
2 243199373 5769 0.0951729 60616 1.21394
3 198022430 5026 0.0829154 60616 1.29961
4 191154276 5550 0.09156 60616 1.48636
5 180915260 4041 0.0666656 60616 1.14349
6 171115067 3778 0.0623268 60616 1.12911
7 159138663 3396 0.0560248 60616 1.0921
8 146364022 3304 0.0545071 60616 1.15481
9 141213431 1538 0.0253728 60616 0.557645
10 135534747 1960 0.0323347 60616 0.739924
11 135006516 2316 0.0382077 60616 0.878339
12 133851895 2809 0.0463409 60616 1.07271
13 115169878 3348 0.0552329 60616 1.48876
14 107349540 1490 0.024581 60616 0.710433
15 102531392 920 0.0151775 60616 0.458535
16 90354753 743 0.0122575 60616 0.42122
17 81195210 1270 0.0209516 60616 0.799678
18 78077248 1601 0.0264122 60616 1.0481
19 59128983 551 0.00909001 60616 0.475917
20 63025520 718 0.0118451 60616 0.5835
21 48129895 448 0.00739079 60616 0.476825
22 51304566 220 0.0036294 60616 0.219964
X 155270560 2899 0.0478257 60616 0.954604
Y 59373566 30 0.000494919 60616 0.025912
