1 249250621 4294 0.0976642 43967 1.21473
2 243199373 4130 0.0939341 43967 1.19814
3 198022430 3510 0.0798326 43967 1.25129
4 191154276 3018 0.0686424 43967 1.11432
5 180915260 2514 0.0571792 43967 0.980776
6 171115067 2259 0.0513794 43967 0.930787
7 159138663 2607 0.0592945 43967 1.15584
8 146364022 1792 0.0407578 43967 0.863514
9 141213431 1722 0.0391657 43967 0.860785
10 135534747 1255 0.0285441 43967 0.653184
11 135006516 2095 0.0476494 43967 1.09539
12 133851895 1826 0.0415311 43967 0.961369
13 115169878 2119 0.0481952 43967 1.29906
14 107349540 1019 0.0231765 43967 0.66984
15 102531392 994 0.0226079 43967 0.683017
16 90354753 564 0.0128278 43967 0.440818
17 81195210 386 0.00877931 43967 0.335088
18 78077248 771 0.0175359 43967 0.695868
19 59128983 437 0.00993927 43967 0.520381
20 63025520 603 0.0137148 43967 0.675607
21 48129895 743 0.016899 43967 1.09026
22 51304566 257 0.00584529 43967 0.35426
X 155270560 3072 0.0698706 43967 1.39462
Y 59373566 26 0.000591353 43967 0.0309609
