1 249250621 21 0.00084948 24721 0.0105657
2 243199373 37 0.0014967 24721 0.0190906
3 198022430 27 0.00109219 24721 0.0171189
4 191154276 20 0.000809029 24721 0.0131336
5 180915260 31 0.00125399 24721 0.0215093
6 171115067 14 0.00056632 24721 0.0102594
7 159138663 26 0.00105174 24721 0.0205017
8 146364022 13 0.000525869 24721 0.0111413
9 141213431 7 0.00028316 24721 0.0062233
10 135534747 9 0.000364063 24721 0.00833096
11 135006516 27 0.00109219 24721 0.0251078
12 133851895 15 0.000606772 24721 0.0140456
13 115169878 15 0.000606772 24721 0.016355
14 107349540 13 0.000525869 24721 0.0151985
15 102531392 12 0.000485417 24721 0.0146652
16 90354753 1 4.04514e-05 24721 0.00139008
17 81195210 4 0.000161806 24721 0.00617579
18 78077248 7 0.00028316 24721 0.0112365
19 59128983 8 0.000323612 24721 0.016943
20 63025520 11 0.000444966 24721 0.0219195
21 48129895 2 8.09029e-05 24721 0.00521954
22 51304566 0 0 24721 0
X 155270560 11 0.000444966 24721 0.00888155
Y 59373566 2 8.09029e-05 24721 0.00423575
