1 249250621 12 0.000492005 24390 0.00611946
2 243199373 21 0.000861009 24390 0.0109823
3 198022430 16 0.000656007 24390 0.0102822
4 191154276 15 0.000615006 24390 0.00998387
5 180915260 17 0.000697007 24390 0.0119555
6 171115067 17 0.000697007 24390 0.0126269
7 159138663 19 0.000779008 24390 0.0151853
8 146364022 13 0.000533005 24390 0.0112925
9 141213431 1 4.10004e-05 24390 0.000901108
10 135534747 10 0.000410004 24390 0.00938224
11 135006516 5 0.000205002 24390 0.00471269
12 133851895 12 0.000492005 24390 0.011389
13 115169878 7 0.000287003 24390 0.00773593
14 107349540 5 0.000205002 24390 0.00592491
15 102531392 4 0.000164002 24390 0.00495473
16 90354753 1 4.10004e-05 24390 0.00140895
17 81195210 2 8.20008e-05 24390 0.0031298
18 78077248 3 0.000123001 24390 0.004881
19 59128983 1 4.10004e-05 24390 0.00214662
20 63025520 18 0.000738007 24390 0.036355
21 48129895 1 4.10004e-05 24390 0.00264519
22 51304566 1 4.10004e-05 24390 0.00248487
X 155270560 16 0.000656007 24390 0.0130939
Y 59373566 0 0 24390 0
