1 249250621 15 0.000815528 18393 0.0101434
2 243199373 15 0.000815528 18393 0.0104021
3 198022430 13 0.000706791 18393 0.0110782
4 191154276 7 0.00038058 18393 0.00617824
5 180915260 13 0.000706791 18393 0.0121233
6 171115067 9 0.000489317 18393 0.00886443
7 159138663 15 0.000815528 18393 0.0158972
8 146364022 18 0.000978633 18393 0.0207338
9 141213431 7 0.00038058 18393 0.00836439
10 135534747 5 0.000271843 18393 0.00622065
11 135006516 7 0.00038058 18393 0.00874896
12 133851895 3 0.000163106 18393 0.00377559
13 115169878 13 0.000706791 18393 0.019051
14 107349540 7 0.00038058 18393 0.0109994
15 102531392 0 0 18393 0
16 90354753 4 0.000217474 18393 0.00747333
17 81195210 5 0.000271843 18393 0.0103757
18 78077248 4 0.000217474 18393 0.00862992
19 59128983 0 0 18393 0
20 63025520 12 0.000652422 18393 0.032139
21 48129895 5 0.000271843 18393 0.0175382
22 51304566 1 5.43685e-05 18393 0.00329506
X 155270560 17 0.000924265 18393 0.0184484
Y 59373566 0 0 18393 0
