1 249250621 10271 0.0947343 108419 1.17829
2 243199373 8700 0.0802442 108419 1.02352
3 198022430 6385 0.0588919 108419 0.92307
4 191154276 8300 0.0765548 108419 1.24277
5 180915260 6318 0.0582739 108419 0.999553
6 171115067 7499 0.0691668 108419 1.25302
7 159138663 5288 0.0487737 108419 0.950755
8 146364022 5224 0.0481834 108419 1.02084
9 141213431 4084 0.0376687 108419 0.827883
10 135534747 3478 0.0320792 108419 0.734079
11 135006516 4689 0.0432489 108419 0.994227
12 133851895 4579 0.0422343 108419 0.977646
13 115169878 5781 0.0533209 108419 1.43722
14 107349540 3047 0.0281039 108419 0.812252
15 102531392 1749 0.0161319 108419 0.487367
16 90354753 1753 0.0161688 108419 0.555627
17 81195210 1268 0.0116954 108419 0.446388
18 78077248 1771 0.0163348 108419 0.648205
19 59128983 1156 0.0106623 108419 0.558238
20 63025520 1136 0.0104779 108419 0.516151
21 48129895 1263 0.0116492 108419 0.751564
22 51304566 685 0.00631808 108419 0.382914
X 155270560 6126 0.056503 108419 1.1278
Y 59373566 71 0.000654867 108419 0.0342862
