1 249250621 3103 0.080001 38787 0.995038
2 243199373 3569 0.0920154 38787 1.17367
3 198022430 1787 0.0460721 38787 0.722134
4 191154276 4148 0.106943 38787 1.73609
5 180915260 3365 0.0867559 38787 1.48809
6 171115067 3197 0.0824245 38787 1.4932
7 159138663 1782 0.0459432 38787 0.89558
8 146364022 1712 0.0441385 38787 0.935138
9 141213431 1013 0.026117 38787 0.574
10 135534747 704 0.0181504 38787 0.415341
11 135006516 1325 0.0341609 38787 0.785309
12 133851895 1273 0.0328203 38787 0.759729
13 115169878 1814 0.0467682 38787 1.2606
14 107349540 1373 0.0353985 38787 1.02308
15 102531392 477 0.0122979 38787 0.371539
16 90354753 955 0.0246217 38787 0.846105
17 81195210 344 0.00886895 38787 0.33851
18 78077248 926 0.023874 38787 0.94738
19 59128983 127 0.00327429 38787 0.171429
20 63025520 227 0.00585248 38787 0.288299
21 48129895 555 0.0143089 38787 0.923156
22 51304566 152 0.00391884 38787 0.237505
X 155270560 2601 0.0670586 38787 1.33849
Y 59373566 22 0.0005672 38787 0.0296964
