1 249250621 4328 0.0759805 56962 0.945031
2 243199373 4270 0.0749623 56962 0.956151
3 198022430 3527 0.0619185 56962 0.970509
4 191154276 4751 0.0834065 56962 1.354
5 180915260 4203 0.073786 56962 1.26563
6 171115067 3669 0.0644114 56962 1.16687
7 159138663 2857 0.0501562 56962 0.977705
8 146364022 2342 0.0411151 56962 0.871083
9 141213431 2317 0.0406762 56962 0.893983
10 135534747 1785 0.0313367 56962 0.717087
11 135006516 2613 0.0458727 56962 1.05454
12 133851895 2088 0.036656 56962 0.848519
13 115169878 3325 0.0583722 56962 1.57338
14 107349540 1681 0.0295109 56962 0.852916
15 102531392 1204 0.0211369 56962 0.638577
16 90354753 943 0.0165549 56962 0.568897
17 81195210 610 0.0107089 56962 0.408736
18 78077248 1538 0.0270005 56962 1.07145
19 59128983 306 0.005372 56962 0.281257
20 63025520 307 0.00538956 56962 0.265495
21 48129895 457 0.00802289 56962 0.517606
22 51304566 232 0.00407289 56962 0.246842
X 155270560 3719 0.0652891 56962 1.30318
Y 59373566 36 0.000632 56962 0.033089
