1 249250621 10623 0.0915034 116094 1.1381
2 243199373 10481 0.0902803 116094 1.15153
3 198022430 7372 0.0635003 116094 0.995302
4 191154276 9989 0.0860423 116094 1.39679
5 180915260 5646 0.048633 116094 0.834185
6 171115067 6371 0.0548779 116094 0.994166
7 159138663 6684 0.057574 116094 1.1223
8 146364022 6350 0.0546971 116094 1.15884
9 141213431 3830 0.0329905 116094 0.725066
10 135534747 3429 0.0295364 116094 0.67589
11 135006516 3811 0.0328268 116094 0.75464
12 133851895 5111 0.0440247 116094 1.01909
13 115169878 6699 0.0577032 116094 1.55534
14 107349540 4109 0.0353937 116094 1.02294
15 102531392 2019 0.0173911 116094 0.52541
16 90354753 2381 0.0205092 116094 0.704785
17 81195210 1524 0.0131273 116094 0.501042
18 78077248 3459 0.0297948 116094 1.18233
19 59128983 772 0.00664978 116094 0.348156
20 63025520 1422 0.0122487 116094 0.603384
21 48129895 398 0.00342826 116094 0.221178
22 51304566 502 0.00432408 116094 0.262066
X 155270560 6856 0.0590556 116094 1.17875
Y 59373566 82 0.000706324 116094 0.0369803
