1 249250621 3740 0.0914448 40899 1.13737
2 243199373 3838 0.0938409 40899 1.19695
3 198022430 1869 0.0456979 40899 0.716269
4 191154276 3842 0.0939387 40899 1.52498
5 180915260 2681 0.0655517 40899 1.12439
6 171115067 2821 0.0689748 40899 1.24954
7 159138663 2958 0.0723245 40899 1.40983
8 146364022 2043 0.0499523 40899 1.05831
9 141213431 1750 0.0427883 40899 0.940403
10 135534747 1082 0.0264554 40899 0.605387
11 135006516 2364 0.0578009 40899 1.32876
12 133851895 1297 0.0317123 40899 0.73408
13 115169878 1362 0.0333015 40899 0.897616
14 107349540 756 0.0184846 40899 0.534236
15 102531392 627 0.0153304 40899 0.463156
16 90354753 566 0.013839 40899 0.475566
17 81195210 768 0.018778 40899 0.716716
18 78077248 744 0.0181912 40899 0.721871
19 59128983 316 0.00772635 40899 0.404521
20 63025520 391 0.00956014 40899 0.470943
21 48129895 816 0.0199516 40899 1.2872
22 51304566 116 0.00283626 40899 0.171894
X 155270560 2453 0.059977 40899 1.19715
Y 59373566 28 0.000684613 40899 0.0358436
