1 249250621 11 0.000604695 18191 0.00752108
2 243199373 15 0.000824584 18191 0.0105176
3 198022430 22 0.00120939 18191 0.0189559
4 191154276 21 0.00115442 18191 0.0187405
5 180915260 8 0.000439778 18191 0.00754336
6 171115067 19 0.00104447 18191 0.0189216
7 159138663 16 0.000879556 18191 0.0171453
8 146364022 8 0.000439778 18191 0.00931733
9 141213431 8 0.000439778 18191 0.00966545
10 135534747 9 0.00049475 18191 0.0113215
11 135006516 8 0.000439778 18191 0.0101098
12 133851895 9 0.00049475 18191 0.0114525
13 115169878 11 0.000604695 18191 0.016299
14 107349540 7 0.000384806 18191 0.0111216
15 102531392 10 0.000549722 18191 0.0166079
16 90354753 6 0.000329833 18191 0.0113345
17 81195210 2 0.000109944 18191 0.00419635
18 78077248 5 0.000274861 18191 0.0109072
19 59128983 7 0.000384806 18191 0.0201469
20 63025520 8 0.000439778 18191 0.0216639
21 48129895 1 5.49722e-05 18191 0.0035466
22 51304566 0 0 18191 0
X 155270560 16 0.000879556 18191 0.017556
Y 59373566 0 0 18191 0
