1 249250621 143 0.00123366 115915 0.0153441
2 243199373 171 0.00147522 115915 0.0188166
3 198022430 131 0.00113014 115915 0.0177138
4 191154276 103 0.000888582 115915 0.014425
5 180915260 95 0.000819566 115915 0.0140577
6 171115067 112 0.000966225 115915 0.0175041
7 159138663 149 0.00128542 115915 0.025057
8 146364022 53 0.000457232 115915 0.00968711
9 141213431 59 0.000508994 115915 0.0111867
10 135534747 71 0.000612518 115915 0.0140164
11 135006516 85 0.000733296 115915 0.0168574
12 133851895 66 0.000569383 115915 0.0131802
13 115169878 97 0.00083682 115915 0.0225558
14 107349540 44 0.000379588 115915 0.0109708
15 102531392 48 0.000414097 115915 0.0125105
16 90354753 23 0.000198421 115915 0.0068186
17 81195210 35 0.000301945 115915 0.0115246
18 78077248 30 0.00025881 115915 0.0102703
19 59128983 26 0.000224302 115915 0.0117436
20 63025520 79 0.000681534 115915 0.0335731
21 48129895 24 0.000207048 115915 0.013358
22 51304566 11 9.48971e-05 115915 0.00575134
X 155270560 79 0.000681534 115915 0.0136035
Y 59373566 1 8.62701e-06 115915 0.000451676
