1 249250621 4225 0.0949438 44500 1.18089
2 243199373 4687 0.105326 44500 1.34344
3 198022430 3944 0.0886292 44500 1.38917
4 191154276 3157 0.0709438 44500 1.15169
5 180915260 3211 0.0721573 44500 1.23769
6 171115067 2528 0.056809 44500 1.02915
7 159138663 2727 0.0612809 44500 1.19456
8 146364022 2025 0.0455056 44500 0.964102
9 141213431 1579 0.0354831 44500 0.779849
10 135534747 2347 0.0527416 44500 1.2069
11 135006516 1583 0.035573 44500 0.817771
12 133851895 1244 0.0279551 44500 0.647108
13 115169878 2161 0.0485618 44500 1.30894
14 107349540 523 0.0117528 44500 0.339677
15 102531392 492 0.0110562 44500 0.334024
16 90354753 340 0.00764045 44500 0.262558
17 81195210 548 0.0123146 44500 0.470023
18 78077248 1369 0.030764 44500 1.2208
19 59128983 140 0.00314607 44500 0.164716
20 63025520 407 0.00914607 44500 0.450545
21 48129895 814 0.0182921 44500 1.18014
22 51304566 129 0.00289888 44500 0.175689
X 155270560 1586 0.0356404 44500 0.711386
Y 59373566 12 0.000269663 44500 0.0141185
