1 249250621 10 0.00119947 8337 0.0149188
2 243199373 9 0.00107953 8337 0.0137695
3 198022430 12 0.00143937 8337 0.0225606
4 191154276 6 0.000719683 8337 0.0116832
5 180915260 6 0.000719683 8337 0.0123445
6 171115067 13 0.00155931 8337 0.0282484
7 159138663 12 0.00143937 8337 0.0280578
8 146364022 9 0.00107953 8337 0.0228713
9 141213431 2 0.000239894 8337 0.00527241
10 135534747 5 0.000599736 8337 0.0137239
11 135006516 4 0.000479789 8337 0.0110296
12 133851895 4 0.000479789 8337 0.0111062
13 115169878 8 0.000959578 8337 0.0258646
14 107349540 5 0.000599736 8337 0.0173334
15 102531392 1 0.000119947 8337 0.00362378
16 90354753 8 0.000959578 8337 0.0329752
17 81195210 4 0.000479789 8337 0.0183126
18 78077248 3 0.000359842 8337 0.0142794
19 59128983 1 0.000119947 8337 0.00627996
20 63025520 13 0.00155931 8337 0.0768135
21 48129895 1 0.000119947 8337 0.00773853
22 51304566 0 0 8337 0
X 155270560 5 0.000599736 8337 0.0119708
Y 59373566 0 0 8337 0
