1 249250621 21 0.00127784 16434 0.0158935
2 243199373 25 0.00152124 16434 0.0194035
3 198022430 19 0.00115614 16434 0.0181213
4 191154276 10 0.000608495 16434 0.00987816
5 180915260 16 0.000973591 16434 0.0166997
6 171115067 8 0.000486796 16434 0.00881876
7 159138663 23 0.00139954 16434 0.0272814
8 146364022 11 0.000669344 16434 0.014181
9 141213431 6 0.000365097 16434 0.0080241
10 135534747 11 0.000669344 16434 0.0153168
11 135006516 8 0.000486796 16434 0.0111907
12 133851895 6 0.000365097 16434 0.00845131
13 115169878 7 0.000425946 16434 0.011481
14 107349540 6 0.000365097 16434 0.0105519
15 102531392 2 0.000121699 16434 0.0036767
16 90354753 5 0.000304247 16434 0.0104552
17 81195210 2 0.000121699 16434 0.004645
18 78077248 6 0.000365097 16434 0.014488
19 59128983 2 0.000121699 16434 0.00637167
20 63025520 8 0.000486796 16434 0.0239801
21 48129895 3 0.000182548 16434 0.0117773
22 51304566 7 0.000425946 16434 0.0258149
X 155270560 7 0.000425946 16434 0.00850192
Y 59373566 2 0.000121699 16434 0.00637167
