1 249250621 5652 0.0606197 93237 0.753977
2 243199373 6141 0.0658644 93237 0.840107
3 198022430 3802 0.0407778 93237 0.639151
4 191154276 4141 0.0444137 93237 0.721002
5 180915260 5384 0.0577453 93237 0.990486
6 171115067 4380 0.0469771 93237 0.851034
7 159138663 2662 0.0285509 93237 0.556548
8 146364022 3090 0.0331413 93237 0.702147
9 141213431 1487 0.0159486 93237 0.350519
10 135534747 1822 0.0195416 93237 0.447176
11 135006516 3233 0.0346751 93237 0.797128
12 133851895 2836 0.0304171 93237 0.7041
13 115169878 1978 0.0212148 93237 0.571826
14 107349540 1695 0.0181795 93237 0.525418
15 102531392 1592 0.0170748 93237 0.515854
16 90354753 1422 0.0152515 93237 0.524105
17 81195210 353 0.00378605 93237 0.144506
18 78077248 779 0.00835505 93237 0.33155
19 59128983 746 0.00800112 93237 0.418907
20 63025520 273 0.00292802 93237 0.144238
21 48129895 535 0.00573807 93237 0.370198
22 51304566 196 0.00210217 93237 0.127404
X 155270560 4254 0.0456257 93237 0.910692
Y 59373566 43 0.00046119 93237 0.0241461
