1 249250621 17 0.000651766 26083 0.00810654
2 243199373 31 0.00118851 26083 0.0151596
3 198022430 17 0.000651766 26083 0.0102158
4 191154276 15 0.000575087 26083 0.00933583
5 180915260 24 0.00092014 26083 0.0157828
6 171115067 19 0.000728444 26083 0.0131964
7 159138663 28 0.0010735 26083 0.0209259
8 146364022 15 0.000575087 26083 0.0121841
9 141213431 9 0.000345052 26083 0.00758357
10 135534747 12 0.00046007 26083 0.0105279
11 135006516 9 0.000345052 26083 0.00793224
12 133851895 13 0.000498409 26083 0.0115372
13 115169878 23 0.0008818 26083 0.0237682
14 107349540 12 0.00046007 26083 0.0132968
15 102531392 3 0.000115017 26083 0.00347485
16 90354753 10 0.000383391 26083 0.013175
17 81195210 11 0.000421731 26083 0.0160966
18 78077248 6 0.000230035 26083 0.00912837
19 59128983 5 0.000191696 26083 0.0100364
20 63025520 19 0.000728444 26083 0.0358839
21 48129895 6 0.000230035 26083 0.014841
22 51304566 0 0 26083 0
X 155270560 19 0.000728444 26083 0.0145398
Y 59373566 0 0 26083 0
