1 249250621 4669 0.07812 59767 0.971642
2 243199373 4541 0.0759784 59767 0.969112
3 198022430 4840 0.0809811 59767 1.2693
4 191154276 3402 0.056921 59767 0.924043
5 180915260 3894 0.065153 59767 1.11755
6 171115067 3805 0.0636639 59767 1.15333
7 159138663 3452 0.0577576 59767 1.12588
8 146364022 2914 0.048756 59767 1.03297
9 141213431 1887 0.0315726 59767 0.693903
10 135534747 1807 0.0302341 59767 0.691855
11 135006516 1801 0.0301337 59767 0.692728
12 133851895 2109 0.035287 59767 0.816829
13 115169878 3746 0.0626767 59767 1.6894
14 107349540 2090 0.0349691 59767 1.01067
15 102531392 1218 0.0203791 59767 0.615684
16 90354753 1364 0.022822 59767 0.78426
17 81195210 390 0.00652534 59767 0.249059
18 78077248 1359 0.0227383 59767 0.902314
19 59128983 325 0.00543778 59767 0.284701
20 63025520 912 0.0152593 59767 0.751688
21 48129895 346 0.00578915 59767 0.373493
22 51304566 244 0.00408252 59767 0.247425
X 155270560 4149 0.0694196 59767 1.38562
Y 59373566 33 0.000552144 59767 0.0289081
