1 249250621 27 0.000746909 36149 0.00928991
2 243199373 52 0.00143849 36149 0.0183481
3 198022430 39 0.00107887 36149 0.0169102
4 191154276 37 0.00102354 36149 0.0166159
5 180915260 28 0.000774572 36149 0.013286
6 171115067 26 0.000719245 36149 0.0130298
7 159138663 38 0.0010512 36149 0.0204913
8 146364022 21 0.000580929 36149 0.0123078
9 141213431 18 0.000497939 36149 0.0109437
10 135534747 17 0.000470276 36149 0.0107615
11 135006516 10 0.000276633 36149 0.00635938
12 133851895 16 0.000442613 36149 0.0102457
13 115169878 29 0.000802235 36149 0.0216236
14 107349540 16 0.000442613 36149 0.0127923
15 102531392 15 0.000414949 36149 0.0125362
16 90354753 2 5.53266e-05 36149 0.00190126
17 81195210 8 0.000221306 36149 0.0084468
18 78077248 23 0.000636255 36149 0.0252482
19 59128983 4 0.000110653 36149 0.00579336
20 63025520 23 0.000636255 36149 0.0313426
21 48129895 5 0.000138316 36149 0.00892364
22 51304566 1 2.76633e-05 36149 0.00167656
X 155270560 23 0.000636255 36149 0.0126997
Y 59373566 2 5.53266e-05 36149 0.00289668
