1 249250621 3566 0.0623459 57197 0.775447
2 243199373 4945 0.0864556 57197 1.10275
3 198022430 4189 0.0732381 57197 1.14793
4 191154276 4308 0.0753186 57197 1.22271
5 180915260 3631 0.0634824 57197 1.08889
6 171115067 4110 0.0718569 57197 1.30176
7 159138663 2835 0.0495655 57197 0.96619
8 146364022 2629 0.0459639 57197 0.973812
9 141213431 1929 0.0337255 57197 0.741221
10 135534747 2684 0.0469255 57197 1.07381
11 135006516 2102 0.0367502 57197 0.844832
12 133851895 2555 0.0446702 57197 1.03403
13 115169878 3241 0.0566638 57197 1.52733
14 107349540 2128 0.0372047 57197 1.07528
15 102531392 949 0.0165918 57197 0.501262
16 90354753 806 0.0140916 57197 0.484249
17 81195210 484 0.00846198 57197 0.322976
18 78077248 1178 0.0205955 57197 0.817281
19 59128983 347 0.00606675 57197 0.317631
20 63025520 900 0.0157351 57197 0.775128
21 48129895 654 0.0114342 57197 0.737688
22 51304566 201 0.00351417 57197 0.21298
X 155270560 4060 0.0709827 57197 1.41682
Y 59373566 26 0.000454569 57197 0.0237994
