1 249250621 3153 0.0972818 32411 1.20997
2 243199373 2728 0.084169 32411 1.07358
3 198022430 1593 0.04915 32411 0.770376
4 191154276 2111 0.0651322 32411 1.05734
5 180915260 1751 0.0540249 32411 0.92667
6 171115067 3003 0.0926537 32411 1.67851
7 159138663 2030 0.0626331 32411 1.22092
8 146364022 1203 0.037117 32411 0.786378
9 141213431 1398 0.0431335 32411 0.947989
10 135534747 1771 0.0546419 32411 1.25039
11 135006516 1196 0.0369011 32411 0.8483
12 133851895 1390 0.0428867 32411 0.992747
13 115169878 1755 0.0541483 32411 1.45952
14 107349540 728 0.0224615 32411 0.649177
15 102531392 759 0.023418 32411 0.707492
16 90354753 399 0.0123106 32411 0.423046
17 81195210 554 0.017093 32411 0.652403
18 78077248 586 0.0180803 32411 0.717471
19 59128983 329 0.0101509 32411 0.531459
20 63025520 302 0.00931782 32411 0.459006
21 48129895 195 0.00601648 32411 0.38816
22 51304566 212 0.00654099 32411 0.396424
X 155270560 1668 0.051464 32411 1.02723
Y 59373566 9 0.000277684 32411 0.0145384
