1 249250621 27 0.000549059 49175 0.0068291
2 243199373 35 0.000711744 49175 0.00907836
3 198022430 26 0.000528724 49175 0.00828721
4 191154276 42 0.000854093 49175 0.0138651
5 180915260 40 0.000813421 49175 0.0139523
6 171115067 24 0.000488053 49175 0.00884154
7 159138663 44 0.000894764 49175 0.0174418
8 146364022 21 0.000427046 49175 0.00904759
9 141213431 26 0.000528724 49175 0.0116203
10 135534747 15 0.000305033 49175 0.00698016
11 135006516 8 0.000162684 49175 0.00373987
12 133851895 18 0.00036604 49175 0.00847314
13 115169878 16 0.000325369 49175 0.00877004
14 107349540 14 0.000284698 49175 0.00822825
15 102531392 15 0.000305033 49175 0.0092155
16 90354753 11 0.000223691 49175 0.00768697
17 81195210 4 8.13421e-05 49175 0.00310466
18 78077248 9 0.00018302 49175 0.00726269
19 59128983 3 6.10066e-05 49175 0.00319406
20 63025520 15 0.000305033 49175 0.0150263
21 48129895 2 4.06711e-05 49175 0.00262394
22 51304566 2 4.06711e-05 49175 0.00246491
X 155270560 20 0.000406711 49175 0.00811798
Y 59373566 4 8.13421e-05 49175 0.00425875
