1 249250621 5223 0.0702054 74396 0.873201
2 243199373 6336 0.0851659 74396 1.0863
3 198022430 4441 0.0596941 74396 0.935644
4 191154276 6116 0.0822087 74396 1.33456
5 180915260 5883 0.0790768 74396 1.35638
6 171115067 5482 0.0736868 74396 1.33491
7 159138663 4010 0.0539007 74396 1.0507
8 146364022 3236 0.043497 74396 0.921546
9 141213431 2034 0.0273402 74396 0.600883
10 135534747 3124 0.0419915 74396 0.960904
11 135006516 4221 0.0567369 74396 1.3043
12 133851895 3105 0.0417361 74396 0.966114
13 115169878 4893 0.0657697 74396 1.77277
14 107349540 1293 0.01738 74396 0.502311
15 102531392 1142 0.0153503 74396 0.463755
16 90354753 867 0.0116539 74396 0.400476
17 81195210 639 0.00858917 74396 0.327831
18 78077248 2158 0.0290069 74396 1.15107
19 59128983 335 0.00450293 74396 0.235756
20 63025520 502 0.00674767 74396 0.332398
21 48129895 1090 0.0146513 74396 0.945247
22 51304566 288 0.00387118 74396 0.234617
X 155270560 3801 0.0510915 74396 1.01979
Y 59373566 27 0.000362923 74396 0.0190012
