1 249250621 7993 0.0835965 95614 1.03976
2 243199373 8368 0.0875186 95614 1.11631
3 198022430 6505 0.068034 95614 1.06636
4 191154276 6146 0.0642793 95614 1.04349
5 180915260 6259 0.0654611 95614 1.12283
6 171115067 7154 0.0748217 95614 1.35547
7 159138663 5918 0.0618947 95614 1.20652
8 146364022 4711 0.049271 95614 1.04388
9 141213431 3485 0.0364486 95614 0.801069
10 135534747 3255 0.0340431 95614 0.779019
11 135006516 4379 0.0457987 95614 1.05284
12 133851895 3790 0.0396385 95614 0.917559
13 115169878 3409 0.0356538 95614 0.961018
14 107349540 2539 0.0265547 95614 0.767477
15 102531392 1558 0.0162947 95614 0.492287
16 90354753 1836 0.0192022 95614 0.65987
17 81195210 2320 0.0242642 95614 0.926116
18 78077248 1783 0.0186479 95614 0.739996
19 59128983 976 0.0102077 95614 0.534435
20 63025520 1532 0.0160228 95614 0.789298
21 48129895 901 0.00942331 95614 0.607955
22 51304566 1086 0.0113582 95614 0.688374
X 155270560 4972 0.0520008 95614 1.03794
Y 59373566 44 0.000460184 95614 0.0240934
