1 249250621 4904 0.0867673 56519 1.0792
2 243199373 3841 0.0679594 56519 0.86683
3 198022430 4165 0.073692 56519 1.15505
4 191154276 3930 0.0695341 56519 1.1288
5 180915260 3949 0.0698703 56519 1.19846
6 171115067 4437 0.0785046 56519 1.42218
7 159138663 2824 0.0499655 56519 0.973986
8 146364022 2022 0.0357756 56519 0.757957
9 141213431 1561 0.027619 56519 0.607012
10 135534747 2172 0.0384296 56519 0.879395
11 135006516 2347 0.0415259 56519 0.954617
12 133851895 2902 0.0513456 56519 1.18855
13 115169878 3932 0.0695695 56519 1.87519
14 107349540 1073 0.0189848 56519 0.548693
15 102531392 547 0.00967816 56519 0.292392
16 90354753 1264 0.0223642 56519 0.768528
17 81195210 446 0.00789115 56519 0.301189
18 78077248 1437 0.0254251 56519 1.00893
19 59128983 394 0.00697111 56519 0.364979
20 63025520 406 0.00718343 56519 0.353863
21 48129895 615 0.0108813 56519 0.702019
22 51304566 203 0.00359171 56519 0.21768
X 155270560 2771 0.0490278 56519 0.978598
Y 59373566 37 0.000654647 56519 0.0342747
