1 249250621 3166 0.0962544 32892 1.19719
2 243199373 1594 0.0484616 32892 0.618133
3 198022430 2188 0.0665207 32892 1.04264
4 191154276 2352 0.0715067 32892 1.16082
5 180915260 2755 0.083759 32892 1.43669
6 171115067 1878 0.057096 32892 1.03435
7 159138663 2153 0.0654566 32892 1.27596
8 146364022 781 0.0237444 32892 0.503059
9 141213431 1327 0.0403442 32892 0.886685
10 135534747 1580 0.048036 32892 1.09922
11 135006516 1190 0.036179 32892 0.831701
12 133851895 1270 0.0386112 32892 0.893778
13 115169878 2131 0.0647878 32892 1.7463
14 107349540 713 0.021677 32892 0.626503
15 102531392 654 0.0198833 32892 0.600703
16 90354753 128 0.00389152 32892 0.133729
17 81195210 336 0.0102152 32892 0.389895
18 78077248 899 0.0273319 32892 1.0846
19 59128983 212 0.00644534 32892 0.337452
20 63025520 357 0.0108537 32892 0.534665
21 48129895 555 0.0168734 32892 1.08861
22 51304566 107 0.00325307 32892 0.197156
X 155270560 1556 0.0473063 32892 0.944238
Y 59373566 20 0.000608051 32892 0.0318351
