1 249250621 10 0.000675584 14802 0.00840279
2 243199373 20 0.00135117 14802 0.0172343
3 198022430 3 0.000202675 14802 0.00317673
4 191154276 15 0.00101338 14802 0.0164509
5 180915260 16 0.00108094 14802 0.0185409
6 171115067 10 0.000675584 14802 0.0122388
7 159138663 24 0.0016214 14802 0.0316063
8 146364022 9 0.000608026 14802 0.0128819
9 141213431 3 0.000202675 14802 0.0044544
10 135534747 10 0.000675584 14802 0.0154596
11 135006516 8 0.000540468 14802 0.0124245
12 133851895 8 0.000540468 14802 0.0125108
13 115169878 12 0.000810701 14802 0.0218518
14 107349540 9 0.000608026 14802 0.017573
15 102531392 5 0.000337792 14802 0.0102052
16 90354753 7 0.000472909 14802 0.0162512
17 81195210 8 0.000540468 14802 0.0206285
18 78077248 0 0 14802 0
19 59128983 0 0 14802 0
20 63025520 13 0.00087826 14802 0.043264
21 48129895 3 0.000202675 14802 0.0130758
22 51304566 1 6.75584e-05 14802 0.00409445
X 155270560 12 0.000810701 14802 0.0161817
Y 59373566 0 0 14802 0
