1 249250621 3820 0.0451675 84574 0.561785
2 243199373 6057 0.0716178 84574 0.913492
3 198022430 5665 0.0669828 84574 1.04989
4 191154276 5876 0.0694776 84574 1.12788
5 180915260 6210 0.0734268 84574 1.25947
6 171115067 6900 0.0815854 84574 1.478
7 159138663 5705 0.0674557 84574 1.31493
8 146364022 4077 0.0482063 84574 1.02132
9 141213431 2163 0.0255752 84574 0.562093
10 135534747 3338 0.0394684 84574 0.903167
11 135006516 3793 0.0448483 84574 1.031
12 133851895 3929 0.0464564 84574 1.07538
13 115169878 3958 0.0467993 84574 1.26144
14 107349540 2589 0.0306122 84574 0.884747
15 102531392 621 0.00734268 84574 0.221833
16 90354753 2179 0.0257644 84574 0.885375
17 81195210 1824 0.0215669 84574 0.823165
18 78077248 2391 0.0282711 84574 1.12187
19 59128983 725 0.00857237 84574 0.448815
20 63025520 837 0.00989666 84574 0.48752
21 48129895 1505 0.0177951 84574 1.14807
22 51304566 214 0.00253033 84574 0.153353
X 155270560 6450 0.0762646 84574 1.52225
Y 59373566 48 0.00056755 84574 0.0297147
