1 249250621 4143 0.0942083 43977 1.17175
2 243199373 3568 0.0811333 43977 1.03486
3 198022430 3899 0.08866 43977 1.38965
4 191154276 3486 0.0792687 43977 1.28683
5 180915260 2572 0.0584851 43977 1.00318
6 171115067 2867 0.0651932 43977 1.18104
7 159138663 2257 0.0513223 43977 1.00043
8 146364022 1936 0.044023 43977 0.932691
9 141213431 1192 0.0271051 43977 0.595716
10 135534747 1624 0.0369284 43977 0.845043
11 135006516 1679 0.038179 43977 0.877679
12 133851895 1257 0.0285831 43977 0.661646
13 115169878 2821 0.0641472 43977 1.72903
14 107349540 1136 0.0258317 43977 0.74658
15 102531392 681 0.0154854 43977 0.467836
16 90354753 722 0.0164177 43977 0.564181
17 81195210 597 0.0135753 43977 0.51814
18 78077248 816 0.0185552 43977 0.736316
19 59128983 215 0.00488892 43977 0.255964
20 63025520 150 0.00341087 43977 0.168023
21 48129895 695 0.0158037 43977 1.01959
22 51304566 137 0.00311526 43977 0.188804
X 155270560 3177 0.0722423 43977 1.44196
Y 59373566 13 0.000295609 43977 0.0154769
